7;1135;0,333333333333333333333
7;2078;0,666666666666666666666
22;190;1,000000000000000000000
32;1173;1,000000000000000000000
48;2578;0,090909090909090909090
48;4293;0,272727272727272727272
48;4831;0,363636363636363636363
48;5464;0,272727272727272727272
54;1663;0,333333333333333333333
54;7111;0,111111111111111111111
54;12698;0,444444444444444444444
54;13720;0,111111111111111111111
69;4436;1,000000000000000000000
71;100;0,041666666666666666666
71;194;0,125000000000000000000
71;520;0,041666666666666666666
71;628;0,041666666666666666666
71;695;0,208333333333333333333
71;995;0,083333333333333333333
71;1827;0,083333333333333333333
71;2355;0,083333333333333333333
71;3098;0,041666666666666666666
71;3235;0,041666666666666666666
71;4020;0,041666666666666666666
71;12432;0,041666666666666666666
71;366089;0,041666666666666666666
71;906176;0,083333333333333333333
74;2176;0,142857142857142857142
74;3096;0,285714285714285714285
74;5616;0,142857142857142857142
74;6440;0,285714285714285714285
74;38738;0,142857142857142857142
80;531;1,000000000000000000000
96;860;0,307692307692307692307
96;2293;0,076923076923076923076
96;3219;0,307692307692307692307
96;5628;0,230769230769230769230
96;13253;0,076923076923076923076
100;194;0,428571428571428571428
100;19734;0,142857142857142857142
100;59745;0,428571428571428571428
104;839;1,000000000000000000000
115;8818;0,571428571428571428571
115;335189;0,142857142857142857142
115;383630;0,285714285714285714285
119;1079;0,333333333333333333333
119;27674;0,333333333333333333333
119;512469;0,333333333333333333333
120;2200;1,000000000000000000000
135;13;0,090909090909090909090
135;100;0,090909090909090909090
135;183;0,090909090909090909090
135;1446;0,090909090909090909090
135;1931;0,090909090909090909090
135;3145;0,181818181818181818181
135;4020;0,090909090909090909090
135;4512;0,090909090909090909090
135;5006;0,090909090909090909090
135;8539;0,090909090909090909090
138;1322;1,000000000000000000000
148;1437;0,500000000000000000000
148;113392;0,500000000000000000000
155;2059;1,000000000000000000000
162;5935;1,000000000000000000000
163;4430;0,500000000000000000000
163;27584;0,500000000000000000000
166;1055;1,000000000000000000000
174;114536;1,000000000000000000000
179;37;1,000000000000000000000
180;863;1,000000000000000000000
183;135;0,500000000000000000000
183;1278;0,500000000000000000000
189;1082;0,333333333333333333333
189;4576;0,666666666666666666666
190;2043;0,250000000000000000000
190;2052;0,250000000000000000000
190;5167;0,250000000000000000000
190;8933;0,250000000000000000000
192;977;0,250000000000000000000
192;5564;0,500000000000000000000
192;10946;0,250000000000000000000
194;71;0,200000000000000000000
194;628;0,200000000000000000000
194;1762;0,200000000000000000000
194;1939;0,200000000000000000000
194;349041;0,200000000000000000000
211;4355;1,000000000000000000000
213;75827;1,000000000000000000000
241;4187;1,000000000000000000000
242;2738;0,333333333333333333333
242;3141;0,333333333333333333333
242;5691;0,333333333333333333333
249;96;1,000000000000000000000
261;237;0,200000000000000000000
261;2133;0,600000000000000000000
261;323416;0,200000000000000000000
263;131;0,500000000000000000000
263;1142431;0,500000000000000000000
268;3045;1,000000000000000000000
269;251;1,000000000000000000000
273;162;0,250000000000000000000
273;5093;0,250000000000000000000
273;8648;0,250000000000000000000
273;13398;0,250000000000000000000
282;731;1,000000000000000000000
283;249;0,250000000000000000000
283;4777;0,250000000000000000000
283;163510;0,500000000000000000000
284;251;1,000000000000000000000
296;1288;0,500000000000000000000
296;8229;0,500000000000000000000
299;1094;0,750000000000000000000
299;1164;0,250000000000000000000
306;2850;1,000000000000000000000
310;1799;0,600000000000000000000
310;8539;0,400000000000000000000
315;116140;1,000000000000000000000
317;318;1,000000000000000000000
318;317;0,500000000000000000000
318;3802;0,500000000000000000000
320;2310;0,166666666666666666666
320;2792;0,333333333333333333333
320;5415;0,166666666666666666666
320;7209;0,333333333333333333333
324;1893;1,000000000000000000000
341;742;1,000000000000000000000
363;184;0,166666666666666666666
363;713;0,166666666666666666666
363;7574;0,166666666666666666666
363;44336;0,166666666666666666666
363;373924;0,166666666666666666666
363;381254;0,166666666666666666666
379;2547;1,000000000000000000000
389;12850;1,000000000000000000000
391;1138;1,000000000000000000000
392;13187;1,000000000000000000000
399;7341;0,500000000000000000000
399;367121;0,500000000000000000000
404;407;0,333333333333333333333
404;3747;0,333333333333333333333
404;7095;0,333333333333333333333
407;404;0,444444444444444444444
407;2585;0,111111111111111111111
407;3779;0,111111111111111111111
407;5626;0,222222222222222222222
407;21161;0,111111111111111111111
410;415;1,000000000000000000000
414;1127;0,500000000000000000000
414;4078;0,500000000000000000000
424;1122255;1,000000000000000000000
428;1092;0,500000000000000000000
428;9730;0,500000000000000000000
441;423;0,125000000000000000000
441;425;0,125000000000000000000
441;849;0,125000000000000000000
441;3394;0,125000000000000000000
441;4510;0,125000000000000000000
441;5077;0,125000000000000000000
441;6627;0,125000000000000000000
441;7135;0,125000000000000000000
466;866;1,000000000000000000000
472;1917;0,500000000000000000000
472;3503;0,500000000000000000000
479;5013;0,166666666666666666666
479;8473;0,833333333333333333333
488;9019;1,000000000000000000000
490;899;1,000000000000000000000
492;1402;0,333333333333333333333
492;1698;0,333333333333333333333
492;7994;0,333333333333333333333
494;3836;0,500000000000000000000
494;703260;0,500000000000000000000
497;496;0,166666666666666666666
497;766;0,166666666666666666666
497;1121;0,166666666666666666666
497;2271;0,166666666666666666666
497;3296;0,166666666666666666666
497;9402;0,166666666666666666666
498;12;0,500000000000000000000
498;13;0,500000000000000000000
502;219;0,200000000000000000000
502;668;0,200000000000000000000
502;2436;0,200000000000000000000
502;321395;0,400000000000000000000
504;10025;0,666666666666666666666
504;12356;0,333333333333333333333
513;7135;1,000000000000000000000
519;2494;1,000000000000000000000
520;1315;1,000000000000000000000
521;966;0,250000000000000000000
521;1150;0,250000000000000000000
521;906176;0,500000000000000000000
524;1122;0,166666666666666666666
524;2779;0,333333333333333333333
524;3355;0,166666666666666666666
524;3356;0,333333333333333333333
526;4262;0,500000000000000000000
526;9436;0,500000000000000000000
529;3523;1,000000000000000000000
543;131;0,100000000000000000000
543;607;0,100000000000000000000
543;1307;0,100000000000000000000
543;1416;0,100000000000000000000
543;1719;0,100000000000000000000
543;1923;0,100000000000000000000
543;2352;0,100000000000000000000
543;2834;0,100000000000000000000
543;3235;0,100000000000000000000
543;15302;0,100000000000000000000
545;5915;0,250000000000000000000
545;6694;0,750000000000000000000
550;132;0,333333333333333333333
550;596;0,666666666666666666666
608;609;1,000000000000000000000
615;6535;0,400000000000000000000
615;144425;0,200000000000000000000
615;278351;0,200000000000000000000
615;281170;0,200000000000000000000
622;65;0,300000000000000000000
622;497;0,100000000000000000000
622;695;0,200000000000000000000
622;766;0,100000000000000000000
622;2512;0,100000000000000000000
622;6316;0,100000000000000000000
622;9423;0,100000000000000000000
625;122;0,250000000000000000000
625;2741;0,250000000000000000000
625;3528;0,250000000000000000000
625;7160;0,250000000000000000000
628;360;0,333333333333333333333
628;1234;0,333333333333333333333
628;1940;0,333333333333333333333
635;336640;1,000000000000000000000
652;1104773;1,000000000000000000000
662;529;0,125000000000000000000
662;1944;0,125000000000000000000
662;2547;0,125000000000000000000
662;3523;0,125000000000000000000
662;78108;0,375000000000000000000
662;940328;0,125000000000000000000
668;80;0,083333333333333333333
668;530;0,083333333333333333333
668;876;0,166666666666666666666
668;1131;0,250000000000000000000
668;3443;0,166666666666666666666
668;3625;0,166666666666666666666
668;507180;0,083333333333333333333
670;183;0,500000000000000000000
670;59745;0,500000000000000000000
671;1894;1,000000000000000000000
678;11;0,200000000000000000000
678;615;0,200000000000000000000
678;980;0,200000000000000000000
678;2661;0,200000000000000000000
678;2684;0,200000000000000000000
689;360;0,333333333333333333333
689;1250;0,666666666666666666666
695;71;0,428571428571428571428
695;78108;0,285714285714285714285
695;906176;0,142857142857142857142
695;1064740;0,142857142857142857142
698;802;0,500000000000000000000
698;1814;0,500000000000000000000
713;5626;0,500000000000000000000
713;589508;0,500000000000000000000
731;282;0,500000000000000000000
731;282773;0,500000000000000000000
740;1902;0,333333333333333333333
740;5610;0,333333333333333333333
740;5909;0,333333333333333333333
744;845;0,800000000000000000000
744;846;0,200000000000000000000
748;747;1,000000000000000000000
749;846;0,125000000000000000000
749;1454;0,125000000000000000000
749;8460;0,125000000000000000000
749;14151;0,125000000000000000000
749;112062;0,375000000000000000000
749;1206339;0,125000000000000000000
750;6812;1,000000000000000000000
758;5011;1,000000000000000000000
761;3038;0,666666666666666666666
761;4225;0,333333333333333333333
768;475;1,000000000000000000000
781;281;0,500000000000000000000
781;9258;0,500000000000000000000
787;1570;1,000000000000000000000
791;2254;1,000000000000000000000
805;5626;0,333333333333333333333
805;6000;0,333333333333333333333
805;8373;0,333333333333333333333
808;1227;0,333333333333333333333
808;9722;0,666666666666666666666
817;351;1,000000000000000000000
819;111;0,125000000000000000000
819;281;0,062500000000000000000
819;452;0,125000000000000000000
819;933;0,312500000000000000000
819;1647;0,125000000000000000000
819;1892;0,125000000000000000000
819;642255;0,125000000000000000000
829;1988;1,000000000000000000000
835;1152;0,666666666666666666666
835;5136;0,333333333333333333333
837;9702;0,166666666666666666666
837;1110539;0,833333333333333333333
839;104;1,000000000000000000000
844;360;0,250000000000000000000
844;1719;0,750000000000000000000
845;744;0,750000000000000000000
845;846;0,250000000000000000000
846;131;0,045454545454545454545
846;263;0,045454545454545454545
846;277;0,045454545454545454545
846;283;0,045454545454545454545
846;744;0,045454545454545454545
846;749;0,045454545454545454545
846;845;0,090909090909090909090
846;1065;0,090909090909090909090
846;1263;0,045454545454545454545
846;1437;0,045454545454545454545
846;1681;0,045454545454545454545
846;1898;0,045454545454545454545
846;2147;0,045454545454545454545
846;2396;0,045454545454545454545
846;2697;0,045454545454545454545
846;59841;0,045454545454545454545
846;190971;0,045454545454545454545
846;192866;0,045454545454545454545
846;329272;0,045454545454545454545
846;983252;0,045454545454545454545
854;28528;0,750000000000000000000
854;116140;0,250000000000000000000
855;1843;1,000000000000000000000
860;11680;1,000000000000000000000
861;1591;0,166666666666666666666
861;3045;0,833333333333333333333
864;1288;1,000000000000000000000
866;977;0,166666666666666666666
866;1971;0,166666666666666666666
866;3798;0,166666666666666666666
866;7564;0,333333333333333333333
866;9184;0,166666666666666666666
885;2851;0,500000000000000000000
885;3235;0,500000000000000000000
887;995;0,333333333333333333333
887;27763;0,666666666666666666666
890;1231;1,000000000000000000000
898;184987;1,000000000000000000000
899;490;1,000000000000000000000
911;3414;0,500000000000000000000
911;4262;0,500000000000000000000
925;27779;1,000000000000000000000
933;452;0,200000000000000000000
933;819;0,400000000000000000000
933;876;0,200000000000000000000
933;642255;0,200000000000000000000
943;520;1,000000000000000000000
955;1253;0,333333333333333333333
955;1751;0,666666666666666666666
965;526;0,250000000000000000000
965;2147;0,750000000000000000000
966;521;0,333333333333333333333
966;1897;0,333333333333333333333
966;2146;0,333333333333333333333
970;1286;0,250000000000000000000
970;1549;0,500000000000000000000
970;587053;0,250000000000000000000
977;192;0,428571428571428571428
977;866;0,142857142857142857142
977;9415;0,285714285714285714285
977;10649;0,142857142857142857142
980;678;0,142857142857142857142
980;1234;0,285714285714285714285
980;1277;0,142857142857142857142
980;2684;0,285714285714285714285
980;3219;0,142857142857142857142
983;1169;0,333333333333333333333
983;3753;0,333333333333333333333
983;21697;0,333333333333333333333
995;71;0,055555555555555555555
995;73;0,027777777777777777777
995;162;0,027777777777777777777
995;520;0,027777777777777777777
995;681;0,027777777777777777777
995;887;0,027777777777777777777
995;1827;0,083333333333333333333
995;1940;0,055555555555555555555
995;2075;0,055555555555555555555
995;2109;0,027777777777777777777
995;2296;0,055555555555555555555
995;2865;0,027777777777777777777
995;4179;0,027777777777777777777
995;4374;0,111111111111111111111
995;5008;0,027777777777777777777
995;5167;0,027777777777777777777
995;5854;0,027777777777777777777
995;8513;0,027777777777777777777
995;9382;0,027777777777777777777
995;9436;0,027777777777777777777
995;11382;0,027777777777777777777
995;14013;0,027777777777777777777
995;16658;0,027777777777777777777
995;17276;0,027777777777777777777
995;20666;0,027777777777777777777
995;29796;0,027777777777777777777
995;239969;0,027777777777777777777
1010;1018;0,333333333333333333333
1010;3809;0,333333333333333333333
1010;4421;0,333333333333333333333
1014;1564;1,000000000000000000000
1018;1010;1,000000000000000000000
1024;959966;1,000000000000000000000
1041;2422;1,000000000000000000000
1044;3145;1,000000000000000000000
1046;475;0,250000000000000000000
1046;1751;0,750000000000000000000
1066;5440;1,000000000000000000000
1069;2961;1,000000000000000000000
1082;2433;0,250000000000000000000
1082;2778;0,250000000000000000000
1082;3705;0,250000000000000000000
1082;10255;0,250000000000000000000
1094;299;0,600000000000000000000
1094;1164;0,200000000000000000000
1094;45604;0,200000000000000000000
1117;71;0,125000000000000000000
1117;1569;0,125000000000000000000
1117;2972;0,375000000000000000000
1117;12817;0,125000000000000000000
1117;1122255;0,250000000000000000000
1121;285;0,111111111111111111111
1121;878;0,111111111111111111111
1121;1274;0,111111111111111111111
1121;3800;0,111111111111111111111
1121;5367;0,111111111111111111111
1121;6234;0,111111111111111111111
1121;6316;0,222222222222222222222
1121;6624;0,111111111111111111111
1131;668;0,600000000000000000000
1131;3443;0,200000000000000000000
1131;321395;0,200000000000000000000
1135;3496;1,000000000000000000000
1160;749;0,333333333333333333333
1160;2054;0,333333333333333333333
1160;2713;0,333333333333333333333
1164;299;0,090909090909090909090
1164;1094;0,090909090909090909090
1164;1831;0,090909090909090909090
1164;6955;0,090909090909090909090
1164;7711;0,090909090909090909090
1164;9831;0,090909090909090909090
1164;9832;0,090909090909090909090
1164;10338;0,090909090909090909090
1164;10763;0,090909090909090909090
1164;12938;0,090909090909090909090
1164;95154;0,090909090909090909090
1169;71;0,056603773584905660377
1169;100;0,056603773584905660377
1169;138;0,056603773584905660377
1169;695;0,056603773584905660377
1169;983;0,056603773584905660377
1169;1939;0,018867924528301886792
1169;1943;0,056603773584905660377
1169;1944;0,056603773584905660377
1169;1945;0,056603773584905660377
1169;4512;0,056603773584905660377
1169;13537;0,132075471698113207547
1169;59745;0,113207547169811320754
1169;98841;0,056603773584905660377
1169;131383;0,056603773584905660377
1169;366089;0,018867924528301886792
1169;408414;0,018867924528301886792
1169;660708;0,018867924528301886792
1169;1173768;0,056603773584905660377
1181;761;0,333333333333333333333
1181;1778;0,666666666666666666666
1206;6250;1,000000000000000000000
1227;9722;1,000000000000000000000
1228;1487;1,000000000000000000000
1231;89;0,117647058823529411764
1231;890;0,058823529411764705882
1231;3141;0,470588235294117647058
1231;4159;0,176470588235294117647
1231;6503;0,117647058823529411764
1231;6514;0,058823529411764705882
1234;1235;0,250000000000000000000
1234;1277;0,375000000000000000000
1234;2181;0,125000000000000000000
1234;2825;0,125000000000000000000
1234;587053;0,125000000000000000000
1250;689;1,000000000000000000000
1253;3088;0,500000000000000000000
1253;276963;0,500000000000000000000
1254;458;0,333333333333333333333
1254;3694;0,333333333333333333333
1254;4744;0,333333333333333333333
1274;1121;0,500000000000000000000
1274;5782;0,500000000000000000000
1277;980;0,125000000000000000000
1277;1234;0,375000000000000000000
1277;3802;0,250000000000000000000
1277;10188;0,250000000000000000000
1278;1277;1,000000000000000000000
1286;111;0,333333333333333333333
1286;526;0,333333333333333333333
1286;970;0,333333333333333333333
1288;2350;1,000000000000000000000
1293;216;0,250000000000000000000
1293;2001;0,250000000000000000000
1293;2484;0,250000000000000000000
1293;18149;0,250000000000000000000
1321;2826;1,000000000000000000000
1322;138;1,000000000000000000000
1327;6554;1,000000000000000000000
1340;108;0,300000000000000000000
1340;351;0,300000000000000000000
1340;1027;0,100000000000000000000
1340;1234;0,200000000000000000000
1340;54879;0,100000000000000000000
1344;3105;1,000000000000000000000
1370;452;0,250000000000000000000
1370;1116;0,250000000000000000000
1370;693032;0,250000000000000000000
1370;791903;0,250000000000000000000
1416;543;1,000000000000000000000
1419;8623;1,000000000000000000000
1429;10338;1,000000000000000000000
1437;148;0,125000000000000000000
1437;845;0,375000000000000000000
1437;846;0,500000000000000000000
1451;930;1,000000000000000000000
1457;2023;0,500000000000000000000
1457;584969;0,500000000000000000000
1462;486;0,142857142857142857142
1462;658;0,142857142857142857142
1462;1664;0,142857142857142857142
1462;1721;0,142857142857142857142
1462;5395;0,142857142857142857142
1462;13095;0,142857142857142857142
1462;18276;0,142857142857142857142
1464;1637;1,000000000000000000000
1487;1228;1,000000000000000000000
1503;12936;1,000000000000000000000
1513;1160;1,000000000000000000000
1533;507;1,000000000000000000000
1544;520;0,111111111111111111111
1544;859;0,333333333333333333333
1544;943;0,444444444444444444444
1544;1314;0,111111111111111111111
1554;1845;1,000000000000000000000
1556;61;0,090909090909090909090
1556;742;0,045454545454545454545
1556;975;0,090909090909090909090
1556;1016;0,136363636363636363636
1556;1963;0,045454545454545454545
1556;2499;0,090909090909090909090
1556;3038;0,045454545454545454545
1556;5012;0,090909090909090909090
1556;5016;0,090909090909090909090
1556;6006;0,090909090909090909090
1556;12596;0,045454545454545454545
1556;248836;0,045454545454545454545
1556;347540;0,090909090909090909090
1561;4245;1,000000000000000000000
1565;812;0,153846153846153846153
1565;1036;0,076923076923076923076
1565;1562;0,153846153846153846153
1565;2470;0,076923076923076923076
1565;2890;0,230769230769230769230
1565;3395;0,153846153846153846153
1565;6940;0,153846153846153846153
1569;1117;1,000000000000000000000
1574;131;0,500000000000000000000
1574;46996;0,500000000000000000000
1589;642;1,000000000000000000000
1591;249;0,083333333333333333333
1591;861;0,416666666666666666666
1591;3045;0,416666666666666666666
1591;6609;0,083333333333333333333
1596;452;0,250000000000000000000
1596;1391;0,250000000000000000000
1596;5440;0,250000000000000000000
1596;335189;0,250000000000000000000
1608;1700;0,500000000000000000000
1608;21396;0,500000000000000000000
1609;1564;1,000000000000000000000
1637;1464;0,375000000000000000000
1637;336640;0,625000000000000000000
1639;1033;1,000000000000000000000
1644;980;0,500000000000000000000
1644;587053;0,500000000000000000000
1663;54;0,333333333333333333333
1663;119;0,166666666666666666666
1663;1943;0,166666666666666666666
1663;3135;0,166666666666666666666
1663;21161;0,166666666666666666666
1667;9720;1,000000000000000000000
1684;15048;1,000000000000000000000
1685;1705;0,500000000000000000000
1685;5071;0,500000000000000000000
1692;5071;1,000000000000000000000
1697;10093;0,500000000000000000000
1697;257158;0,500000000000000000000
1705;1685;0,500000000000000000000
1705;3359;0,500000000000000000000
1723;629364;1,000000000000000000000
1727;414;0,333333333333333333333
1727;415;0,333333333333333333333
1727;6000;0,333333333333333333333
1751;955;0,571428571428571428571
1751;956;0,142857142857142857142
1751;1046;0,285714285714285714285
1754;1276;0,142857142857142857142
1754;114536;0,285714285714285714285
1754;335189;0,142857142857142857142
1754;349041;0,142857142857142857142
1754;1128679;0,285714285714285714285
1762;194;1,000000000000000000000
1771;16497;0,750000000000000000000
1771;387438;0,250000000000000000000
1778;5935;1,000000000000000000000
1780;7759;1,000000000000000000000
1814;698;1,000000000000000000000
1822;6;1,000000000000000000000
1831;1164;1,000000000000000000000
1840;5053;0,666666666666666666666
1840;17678;0,333333333333333333333
1854;608;0,250000000000000000000
1854;19402;0,750000000000000000000
1866;528;0,500000000000000000000
1866;5691;0,500000000000000000000
1873;659899;0,500000000000000000000
1873;659902;0,500000000000000000000
1877;3968;1,000000000000000000000
1889;2713;1,000000000000000000000
1893;324;0,600000000000000000000
1893;2516;0,200000000000000000000
1893;2518;0,200000000000000000000
1894;671;1,000000000000000000000
1897;528;0,250000000000000000000
1897;966;0,250000000000000000000
1897;1600;0,125000000000000000000
1897;3256;0,125000000000000000000
1897;3998;0,125000000000000000000
1897;4906;0,125000000000000000000
1902;5909;1,000000000000000000000
1903;1913;0,500000000000000000000
1903;23228;0,500000000000000000000
1913;366869;1,000000000000000000000
1917;472;0,500000000000000000000
1917;3503;0,500000000000000000000
1940;628;0,666666666666666666666
1940;1036379;0,333333333333333333333
1945;360;1,000000000000000000000
1948;57;0,200000000000000000000
1948;71;0,200000000000000000000
1948;309;0,400000000000000000000
1948;2355;0,200000000000000000000
1988;829;0,161290322580645161290
1988;860;0,032258064516129032258
1988;4881;0,806451612903225806451
1997;273;0,500000000000000000000
1997;22123;0,500000000000000000000
2017;1971;0,500000000000000000000
2017;7126;0,500000000000000000000
2021;1265;1,000000000000000000000
2023;15895;1,000000000000000000000
2046;2054;0,333333333333333333333
2046;5219;0,666666666666666666666
2052;190;0,400000000000000000000
2052;4086;0,400000000000000000000
2052;287409;0,200000000000000000000
2059;155;1,000000000000000000000
2064;65;1,000000000000000000000
2111;1234;1,000000000000000000000
2119;3098;1,000000000000000000000
2146;90;0,250000000000000000000
2146;1121;0,250000000000000000000
2146;5367;0,250000000000000000000
2146;533247;0,250000000000000000000
2147;846;1,000000000000000000000
2148;683;1,000000000000000000000
2150;1122;0,250000000000000000000
2150;286660;0,750000000000000000000
2164;1111;0,600000000000000000000
2164;2296;0,400000000000000000000
2175;4145;0,380952380952380952380
2175;65998;0,333333333333333333333
2175;66075;0,238095238095238095238
2175;547708;0,047619047619047619047
2179;2817;1,000000000000000000000
2196;1187;0,142857142857142857142
2196;1692;0,142857142857142857142
2196;1699;0,142857142857142857142
2196;6461;0,142857142857142857142
2196;8590;0,285714285714285714285
2196;408414;0,142857142857142857142
2200;120;1,000000000000000000000
2223;13026;1,000000000000000000000
2254;791;1,000000000000000000000
2269;237;0,333333333333333333333
2269;2742;0,333333333333333333333
2269;4890;0,333333333333333333333
2274;1589;1,000000000000000000000
2276;4472;1,000000000000000000000
2310;320;1,000000000000000000000
2318;380;0,666666666666666666666
2318;1769;0,333333333333333333333
2349;9208;1,000000000000000000000
2350;891;0,500000000000000000000
2350;2371;0,500000000000000000000
2355;71;0,200000000000000000000
2355;827;0,400000000000000000000
2355;3237;0,200000000000000000000
2355;4853;0,200000000000000000000
2364;1080816;1,000000000000000000000
2371;2350;1,000000000000000000000
2374;689;0,500000000000000000000
2374;248838;0,500000000000000000000
2379;3234;1,000000000000000000000
2418;526;1,000000000000000000000
2422;530;0,400000000000000000000
2422;1041;0,200000000000000000000
2422;9567;0,400000000000000000000
2433;1082;0,222222222222222222222
2433;1434;0,111111111111111111111
2433;2372;0,111111111111111111111
2433;3968;0,222222222222222222222
2433;6461;0,111111111111111111111
2433;11734;0,111111111111111111111
2433;13642;0,111111111111111111111
2438;1288;0,333333333333333333333
2438;3071;0,166666666666666666666
2438;6694;0,166666666666666666666
2438;9159;0,333333333333333333333
2445;2099;0,500000000000000000000
2445;3802;0,500000000000000000000
2461;3753;1,000000000000000000000
2481;13335;1,000000000000000000000
2484;573;0,166666666666666666666
2484;1293;0,166666666666666666666
2484;4355;0,500000000000000000000
2484;5635;0,166666666666666666666
2487;4729;1,000000000000000000000
2494;519;0,666666666666666666666
2494;547708;0,333333333333333333333
2498;289;1,000000000000000000000
2503;383070;1,000000000000000000000
2504;8143;1,000000000000000000000
2515;3045;0,600000000000000000000
2515;3601;0,200000000000000000000
2515;28405;0,200000000000000000000
2516;219;0,500000000000000000000
2516;1893;0,500000000000000000000
2523;2716;1,000000000000000000000
2544;4522;1,000000000000000000000
2547;3523;0,250000000000000000000
2547;3664;0,750000000000000000000
2559;11966;1,000000000000000000000
2561;184646;0,500000000000000000000
2561;1142637;0,500000000000000000000
2578;48;0,500000000000000000000
2578;7650;0,500000000000000000000
2585;983;1,000000000000000000000
2607;3971;1,000000000000000000000
2655;3429;0,500000000000000000000
2655;4613;0,500000000000000000000
2657;520;1,000000000000000000000
2659;3697;1,000000000000000000000
2664;17208;1,000000000000000000000
2678;3978;1,000000000000000000000
2697;846;0,666666666666666666666
2697;1066;0,333333333333333333333
2704;2578;1,000000000000000000000
2706;3429;1,000000000000000000000
2713;1160;0,333333333333333333333
2713;1889;0,166666666666666666666
2713;4513;0,166666666666666666666
2713;6535;0,166666666666666666666
2713;7160;0,166666666666666666666
2716;100;0,333333333333333333333
2716;2523;0,666666666666666666666
2740;369262;1,000000000000000000000
2778;1082;0,500000000000000000000
2778;3968;0,500000000000000000000
2779;2780;1,000000000000000000000
2780;2779;1,000000000000000000000
2788;24;1,000000000000000000000
2822;1138;0,500000000000000000000
2822;8566;0,500000000000000000000
2823;3141;0,500000000000000000000
2823;3142;0,500000000000000000000
2825;127;1,000000000000000000000
2826;1321;0,500000000000000000000
2826;27719;0,500000000000000000000
2834;468;1,000000000000000000000
2850;306;1,000000000000000000000
2897;468947;1,000000000000000000000
2950;2200;0,333333333333333333333
2950;13537;0,666666666666666666666
2961;1069;1,000000000000000000000
2993;5617;1,000000000000000000000
3033;61;0,333333333333333333333
3033;28617;0,333333333333333333333
3033;286660;0,333333333333333333333
3045;249;0,111111111111111111111
3045;861;0,111111111111111111111
3045;2291;0,111111111111111111111
3045;2515;0,222222222222222222222
3045;2655;0,111111111111111111111
3045;2706;0,111111111111111111111
3045;3429;0,222222222222222222222
3069;642;1,000000000000000000000
3087;38;1,000000000000000000000
3098;71;1,000000000000000000000
3101;470;1,000000000000000000000
3105;208;0,500000000000000000000
3105;2512;0,500000000000000000000
3123;3098;1,000000000000000000000
3141;1231;0,518518518518518518518
3141;2823;0,222222222222222222222
3141;3098;0,037037037037037037037
3141;3142;0,037037037037037037037
3141;4501;0,037037037037037037037
3141;6503;0,111111111111111111111
3141;1107578;0,037037037037037037037
3142;2823;0,333333333333333333333
3142;3141;0,333333333333333333333
3142;6604;0,333333333333333333333
3145;1044;0,333333333333333333333
3145;2736;0,111111111111111111111
3145;3141;0,111111111111111111111
3145;6045;0,222222222222222222222
3145;23096;0,222222222222222222222
3169;35;0,250000000000000000000
3169;2648;0,250000000000000000000
3169;4991;0,500000000000000000000
3203;7135;1,000000000000000000000
3222;1092;1,000000000000000000000
3230;73;0,142857142857142857142
3230;132;0,142857142857142857142
3230;596;0,142857142857142857142
3230;1319;0,142857142857142857142
3230;2509;0,142857142857142857142
3230;11330;0,142857142857142857142
3230;256804;0,142857142857142857142
3233;990;0,200000000000000000000
3233;2326;0,800000000000000000000
3235;71;0,500000000000000000000
3235;135;0,500000000000000000000
3256;1897;0,250000000000000000000
3256;8985;0,500000000000000000000
3256;666007;0,250000000000000000000
3260;3450;1,000000000000000000000
3265;1713;1,000000000000000000000
3271;5564;1,000000000000000000000
3296;3591;1,000000000000000000000
3306;405;1,000000000000000000000
3328;1122;0,500000000000000000000
3328;2504;0,500000000000000000000
3344;61;0,777777777777777777777
3344;7275;0,222222222222222222222
3355;524;1,000000000000000000000
3356;524;0,666666666666666666666
3356;2027;0,333333333333333333333
3359;1321;1,000000000000000000000
3383;196;1,000000000000000000000
3392;1278;1,000000000000000000000
3393;122;0,500000000000000000000
3393;8363;0,500000000000000000000
3395;420;0,333333333333333333333
3395;435;0,333333333333333333333
3395;517;0,333333333333333333333
3414;4262;0,891891891891891891891
3414;4491;0,054054054054054054054
3414;9184;0,054054054054054054054
3429;2706;0,400000000000000000000
3429;3045;0,200000000000000000000
3429;3473;0,200000000000000000000
3429;6371;0,200000000000000000000
3443;668;0,500000000000000000000
3443;876;0,250000000000000000000
3443;1131;0,250000000000000000000
3450;3260;1,000000000000000000000
3465;681;1,000000000000000000000
3476;930;1,000000000000000000000
3496;1135;0,333333333333333333333
3496;6930;0,666666666666666666666
3499;3694;1,000000000000000000000
3523;662;0,200000000000000000000
3523;2547;0,066666666666666666666
3523;59745;0,066666666666666666666
3523;78108;0,133333333333333333333
3523;98841;0,266666666666666666666
3523;408414;0,066666666666666666666
3523;906176;0,200000000000000000000
3528;625;0,500000000000000000000
3528;2291;0,500000000000000000000
3574;1948;0,333333333333333333333
3574;4024;0,666666666666666666666
3585;7699;1,000000000000000000000
3587;1938;1,000000000000000000000
3591;3296;0,500000000000000000000
3591;9381;0,250000000000000000000
3591;660708;0,250000000000000000000
3601;1988;0,500000000000000000000
3601;4821;0,500000000000000000000
3625;668;1,000000000000000000000
3657;5657;1,000000000000000000000
3665;1650;0,500000000000000000000
3665;4497;0,500000000000000000000
3714;9026;1,000000000000000000000
3747;5408;1,000000000000000000000
3753;2461;0,375000000000000000000
3753;4825;0,250000000000000000000
3753;5578;0,375000000000000000000
3779;407;0,500000000000000000000
3779;589508;0,500000000000000000000
3802;1277;0,500000000000000000000
3802;2445;0,250000000000000000000
3802;59745;0,250000000000000000000
3809;1010;0,666666666666666666666
3809;13504;0,333333333333333333333
3811;4307;0,500000000000000000000
3811;5093;0,250000000000000000000
3811;6913;0,250000000000000000000
3836;494;1,000000000000000000000
3850;229;1,000000000000000000000
3876;3996;1,000000000000000000000
3891;844;0,666666666666666666666
3891;834579;0,333333333333333333333
3968;1877;0,500000000000000000000
3968;2433;0,500000000000000000000
3971;2607;0,500000000000000000000
3971;7994;0,500000000000000000000
3996;960642;1,000000000000000000000
4004;727;0,500000000000000000000
4004;59841;0,500000000000000000000
4020;1526;1,000000000000000000000
4059;1196;1,000000000000000000000
4070;985164;1,000000000000000000000
4078;414;1,000000000000000000000
4100;1083;1,000000000000000000000
4159;565;0,100000000000000000000
4159;1231;0,700000000000000000000
4159;2512;0,100000000000000000000
4159;2995;0,100000000000000000000
4172;1462;1,000000000000000000000
4187;241;1,000000000000000000000
4215;334;0,333333333333333333333
4215;3029;0,333333333333333333333
4215;3557;0,333333333333333333333
4225;761;0,333333333333333333333
4225;793;0,333333333333333333333
4225;7578;0,333333333333333333333
4237;5484;1,000000000000000000000
4240;9807;1,000000000000000000000
4245;1561;1,000000000000000000000
4262;911;0,031250000000000000000
4262;3414;0,968750000000000000000
4280;4281;0,666666666666666666666
4280;18247;0,333333333333333333333
4307;3811;0,142857142857142857142
4307;5603;0,142857142857142857142
4307;6812;0,428571428571428571428
4307;17248;0,285714285714285714285
4334;1729;0,500000000000000000000
4334;4247;0,500000000000000000000
4355;211;0,333333333333333333333
4355;2484;0,500000000000000000000
4355;23930;0,166666666666666666666
4359;5628;0,375000000000000000000
4359;8489;0,125000000000000000000
4359;163510;0,125000000000000000000
4359;813240;0,375000000000000000000
4377;652;1,000000000000000000000
4432;3411;1,000000000000000000000
4436;69;1,000000000000000000000
4471;1482;0,500000000000000000000
4471;4283;0,500000000000000000000
4486;3532;1,000000000000000000000
4491;3414;1,000000000000000000000
4497;5005;1,000000000000000000000
4513;9967;1,000000000000000000000
4518;6072;1,000000000000000000000
4522;2544;1,000000000000000000000
4552;41;0,500000000000000000000
4552;1261;0,500000000000000000000
4572;5373;0,500000000000000000000
4572;8489;0,500000000000000000000
4576;5053;1,000000000000000000000
4592;393418;1,000000000000000000000
4639;13796;1,000000000000000000000
4681;7741;0,500000000000000000000
4681;276963;0,500000000000000000000
4715;1401;0,200000000000000000000
4715;1744;0,200000000000000000000
4715;4240;0,200000000000000000000
4715;7221;0,200000000000000000000
4715;8723;0,200000000000000000000
4719;4293;0,333333333333333333333
4719;5464;0,333333333333333333333
4719;1107479;0,333333333333333333333
4729;2487;1,000000000000000000000
4844;1669;1,000000000000000000000
4853;1948;1,000000000000000000000
4935;2288;1,000000000000000000000
5053;1840;0,333333333333333333333
5053;4576;0,666666666666666666666
5054;9367;1,000000000000000000000
5061;607;0,500000000000000000000
5061;1406;0,500000000000000000000
5071;1180;0,142857142857142857142
5071;1391;0,285714285714285714285
5071;1705;0,142857142857142857142
5071;1769;0,142857142857142857142
5071;12596;0,285714285714285714285
5077;441;0,142857142857142857142
5077;8253;0,142857142857142857142
5077;12591;0,714285714285714285714
5083;1180;1,000000000000000000000
5089;1124;0,090909090909090909090
5089;1853;0,090909090909090909090
5089;2469;0,090909090909090909090
5089;3607;0,090909090909090909090
5089;4355;0,090909090909090909090
5089;4837;0,090909090909090909090
5089;4999;0,090909090909090909090
5089;5719;0,090909090909090909090
5089;10612;0,090909090909090909090
5089;10613;0,090909090909090909090
5089;45686;0,090909090909090909090
5093;273;0,500000000000000000000
5093;4307;0,500000000000000000000
5142;7160;0,500000000000000000000
5142;12876;0,500000000000000000000
5167;4262;1,000000000000000000000
5177;4286;0,333333333333333333333
5177;4621;0,666666666666666666666
5219;2046;1,000000000000000000000
5351;4281;1,000000000000000000000
5415;320;1,000000000000000000000
5440;1066;1,000000000000000000000
5464;48;1,000000000000000000000
5557;12;0,090909090909090909090
5557;127;0,090909090909090909090
5557;443;0,090909090909090909090
5557;1109;0,090909090909090909090
5557;2825;0,090909090909090909090
5557;3704;0,090909090909090909090
5557;3998;0,090909090909090909090
5557;4765;0,090909090909090909090
5557;5445;0,090909090909090909090
5557;5921;0,090909090909090909090
5557;20235;0,090909090909090909090
5578;3753;1,000000000000000000000
5603;4307;1,000000000000000000000
5613;23;0,071428571428571428571
5613;1855;0,214285714285714285714
5613;2851;0,714285714285714285714
5617;2137;0,500000000000000000000
5617;189452;0,500000000000000000000
5623;706;0,200000000000000000000
5623;876;0,800000000000000000000
5626;407;0,625000000000000000000
5626;713;0,125000000000000000000
5626;2585;0,125000000000000000000
5626;589508;0,125000000000000000000
5628;96;0,500000000000000000000
5628;1024;0,333333333333333333333
5628;24668;0,166666666666666666666
5638;2512;0,500000000000000000000
5638;653116;0,500000000000000000000
5640;3395;0,500000000000000000000
5640;8253;0,500000000000000000000
5660;2893;0,500000000000000000000
5660;255726;0,500000000000000000000
5691;242;1,000000000000000000000
5851;14184;1,000000000000000000000
5852;66075;1,000000000000000000000
5861;4513;1,000000000000000000000
5909;1902;1,000000000000000000000
5922;5519;1,000000000000000000000
5935;162;0,500000000000000000000
5935;1650;0,500000000000000000000
6000;805;0,666666666666666666666
6000;1727;0,333333333333333333333
6072;4518;1,000000000000000000000
6169;1938;1,000000000000000000000
6213;10649;1,000000000000000000000
6234;1121;1,000000000000000000000
6316;1121;1,000000000000000000000
6347;250;0,333333333333333333333
6347;2472;0,666666666666666666666
6461;2196;1,000000000000000000000
6465;2385;1,000000000000000000000
6503;1231;0,500000000000000000000
6503;3141;0,500000000000000000000
6505;294;1,000000000000000000000
6535;615;0,333333333333333333333
6535;1149;0,333333333333333333333
6535;2713;0,333333333333333333333
6567;475;1,000000000000000000000
6581;5892;0,250000000000000000000
6581;10080;0,250000000000000000000
6581;20969;0,500000000000000000000
6609;1591;1,000000000000000000000
6694;1596;0,333333333333333333333
6694;2438;0,666666666666666666666
6723;189;0,166666666666666666666
6723;435;0,333333333333333333333
6723;1156;0,166666666666666666666
6723;2510;0,333333333333333333333
6734;373677;1,000000000000000000000
6765;2287;0,500000000000000000000
6765;25230;0,500000000000000000000
6773;3465;0,333333333333333333333
6773;5175;0,333333333333333333333
6773;7802;0,333333333333333333333
6788;571;1,000000000000000000000
6812;750;0,166666666666666666666
6812;4307;0,500000000000000000000
6812;343424;0,333333333333333333333
6913;3811;1,000000000000000000000
6940;1609;1,000000000000000000000
6962;826;1,000000000000000000000
7049;1570;0,200000000000000000000
7049;1583;0,400000000000000000000
7049;10020;0,200000000000000000000
7049;12907;0,200000000000000000000
7095;704;0,666666666666666666666
7095;373924;0,333333333333333333333
7135;12591;1,000000000000000000000
7142;85;1,000000000000000000000
7160;475;0,190476190476190476190
7160;625;0,142857142857142857142
7160;1889;0,095238095238095238095
7160;2661;0,190476190476190476190
7160;2713;0,190476190476190476190
7160;5142;0,190476190476190476190
7209;100;0,333333333333333333333
7209;320;0,666666666666666666666
7221;466;0,333333333333333333333
7221;1744;0,666666666666666666666
7543;1454;0,031250000000000000000
7543;1898;0,031250000000000000000
7543;2743;0,062500000000000000000
7543;2786;0,062500000000000000000
7543;3007;0,062500000000000000000
7543;3420;0,031250000000000000000
7543;3685;0,031250000000000000000
7543;4587;0,031250000000000000000
7543;7717;0,031250000000000000000
7543;7975;0,031250000000000000000
7543;8212;0,031250000000000000000
7543;12959;0,031250000000000000000
7543;23759;0,031250000000000000000
7543;27613;0,031250000000000000000
7543;152027;0,437500000000000000000
7543;329272;0,031250000000000000000
7564;1140;1,000000000000000000000
7574;407;0,500000000000000000000
7574;1139;0,500000000000000000000
7578;4497;0,333333333333333333333
7578;8440;0,666666666666666666666
7626;975;1,000000000000000000000
7650;9402;1,000000000000000000000
7747;7759;1,000000000000000000000
7748;5635;1,000000000000000000000
7759;1780;0,200000000000000000000
7759;284854;0,400000000000000000000
7759;308238;0,400000000000000000000
7968;475;1,000000000000000000000
7994;3971;1,000000000000000000000
8106;1713;1,000000000000000000000
8175;13;0,500000000000000000000
8175;291;0,500000000000000000000
8229;5627;1,000000000000000000000
8281;59;1,000000000000000000000
8440;7578;1,000000000000000000000
8441;35;1,000000000000000000000
8442;520;1,000000000000000000000
8445;1016;1,000000000000000000000
8459;35;1,000000000000000000000
8465;66;0,008695652173913043478
8465;240;0,017391304347826086956
8465;362;0,017391304347826086956
8465;475;0,078260869565217391304
8465;479;0,017391304347826086956
8465;520;0,017391304347826086956
8465;525;0,017391304347826086956
8465;706;0,017391304347826086956
8465;793;0,017391304347826086956
8465;852;0,017391304347826086956
8465;1107;0,017391304347826086956
8465;1171;0,017391304347826086956
8465;1313;0,017391304347826086956
8465;1314;0,017391304347826086956
8465;1315;0,017391304347826086956
8465;1748;0,017391304347826086956
8465;1938;0,017391304347826086956
8465;2306;0,017391304347826086956
8465;2490;0,017391304347826086956
8465;2491;0,017391304347826086956
8465;2815;0,017391304347826086956
8465;3038;0,017391304347826086956
8465;3374;0,017391304347826086956
8465;3590;0,017391304347826086956
8465;4219;0,017391304347826086956
8465;4242;0,017391304347826086956
8465;4497;0,017391304347826086956
8465;4706;0,017391304347826086956
8465;4835;0,017391304347826086956
8465;4991;0,017391304347826086956
8465;4995;0,017391304347826086956
8465;4998;0,017391304347826086956
8465;4999;0,017391304347826086956
8465;5001;0,017391304347826086956
8465;5002;0,017391304347826086956
8465;5003;0,017391304347826086956
8465;5005;0,017391304347826086956
8465;5011;0,017391304347826086956
8465;5013;0,017391304347826086956
8465;5019;0,017391304347826086956
8465;5666;0,017391304347826086956
8465;5935;0,017391304347826086956
8465;8438;0,043478260869565217391
8465;8442;0,017391304347826086956
8465;8449;0,017391304347826086956
8465;8458;0,017391304347826086956
8465;8460;0,017391304347826086956
8465;8462;0,017391304347826086956
8465;8470;0,017391304347826086956
8465;8473;0,017391304347826086956
8465;8476;0,017391304347826086956
8465;21271;0,017391304347826086956
8465;310049;0,017391304347826086956
8473;479;0,500000000000000000000
8473;8442;0,500000000000000000000
8489;5223;0,500000000000000000000
8489;329272;0,500000000000000000000
8545;8465;1,000000000000000000000
8580;1282;1,000000000000000000000
8590;2196;1,000000000000000000000
8623;1419;1,000000000000000000000
8666;990;1,000000000000000000000
8749;1462;0,666666666666666666666
8749;329279;0,333333333333333333333
8786;122;1,000000000000000000000
8805;1265;0,666666666666666666666
8805;1867;0,333333333333333333333
8931;28464;0,250000000000000000000
8931;547708;0,750000000000000000000
8933;190;1,000000000000000000000
9026;3356;1,000000000000000000000
9159;2438;1,000000000000000000000
9184;866;0,500000000000000000000
9184;3414;0,500000000000000000000
9208;2349;0,600000000000000000000
9208;7747;0,200000000000000000000
9208;308238;0,200000000000000000000
9367;13335;1,000000000000000000000
9381;3591;1,000000000000000000000
9396;5530;0,333333333333333333333
9396;5691;0,333333333333333333333
9396;9385;0,333333333333333333333
9402;7650;1,000000000000000000000
9415;977;1,000000000000000000000
9442;235;1,000000000000000000000
9483;557;0,500000000000000000000
9483;928;0,500000000000000000000
9567;2422;1,000000000000000000000
9720;964;0,166666666666666666666
9720;1520;0,166666666666666666666
9720;1667;0,166666666666666666666
9720;3237;0,166666666666666666666
9720;3877;0,166666666666666666666
9720;4268;0,166666666666666666666
9721;3256;1,000000000000000000000
9722;808;0,500000000000000000000
9722;1227;0,250000000000000000000
9722;1103804;0,250000000000000000000
9762;9722;0,500000000000000000000
9762;1101851;0,500000000000000000000
9807;4240;0,500000000000000000000
9807;4281;0,500000000000000000000
9831;1164;1,000000000000000000000
9832;1164;1,000000000000000000000
9940;964;1,000000000000000000000
9951;749;1,000000000000000000000
9968;1948;1,000000000000000000000
9982;2137;1,000000000000000000000
10000;3116;1,000000000000000000000
10020;4613;1,000000000000000000000
10080;6581;1,000000000000000000000
10085;1824;1,000000000000000000000
10109;85;1,000000000000000000000
10188;135;0,181818181818181818181
10188;1277;0,181818181818181818181
10188;2111;0,454545454545454545454
10188;2684;0,090909090909090909090
10188;1080816;0,090909090909090909090
10649;977;0,400000000000000000000
10649;6962;0,200000000000000000000
10649;112062;0,400000000000000000000
10860;2678;1,000000000000000000000
10946;192;0,500000000000000000000
10946;5564;0,500000000000000000000
11213;190;1,000000000000000000000
11695;2543;0,500000000000000000000
11695;13899;0,500000000000000000000
12156;547;0,023809523809523809523
12156;689;0,023809523809523809523
12156;772;0,023809523809523809523
12156;853;0,071428571428571428571
12156;1234;0,023809523809523809523
12156;1319;0,071428571428571428571
12156;1717;0,071428571428571428571
12156;2073;0,023809523809523809523
12156;4425;0,023809523809523809523
12156;4430;0,071428571428571428571
12156;4470;0,047619047619047619047
12156;4772;0,095238095238095238095
12156;5526;0,047619047619047619047
12156;7480;0,023809523809523809523
12156;8568;0,023809523809523809523
12156;8873;0,071428571428571428571
12156;9090;0,047619047619047619047
12156;13622;0,071428571428571428571
12156;27862;0,047619047619047619047
12156;40028;0,023809523809523809523
12156;122436;0,071428571428571428571
12159;1600;0,333333333333333333333
12159;3222;0,666666666666666666666
12391;9714;1,000000000000000000000
12430;255899;1,000000000000000000000
12591;5077;0,750000000000000000000
12591;7135;0,250000000000000000000
12596;1180;0,500000000000000000000
12596;1556;0,250000000000000000000
12596;5071;0,250000000000000000000
12698;54;1,000000000000000000000
12768;564;1,000000000000000000000
12817;423;1,000000000000000000000
12850;389;1,000000000000000000000
12876;5142;1,000000000000000000000
12880;4553;1,000000000000000000000
13187;392;1,000000000000000000000
13253;96;0,052631578947368421052
13253;249;0,052631578947368421052
13253;285;0,052631578947368421052
13253;882;0,026315789473684210526
13253;1048;0,026315789473684210526
13253;1141;0,026315789473684210526
13253;1156;0,026315789473684210526
13253;1495;0,026315789473684210526
13253;1868;0,026315789473684210526
13253;1873;0,026315789473684210526
13253;1988;0,052631578947368421052
13253;2375;0,026315789473684210526
13253;2474;0,026315789473684210526
13253;2515;0,052631578947368421052
13253;2742;0,026315789473684210526
13253;3000;0,026315789473684210526
13253;3005;0,026315789473684210526
13253;3459;0,026315789473684210526
13253;3857;0,026315789473684210526
13253;3872;0,026315789473684210526
13253;4553;0,026315789473684210526
13253;4881;0,026315789473684210526
13253;5223;0,026315789473684210526
13253;5578;0,026315789473684210526
13253;6666;0,026315789473684210526
13253;12775;0,026315789473684210526
13253;22211;0,026315789473684210526
13253;67275;0,026315789473684210526
13253;229072;0,026315789473684210526
13253;257563;0,026315789473684210526
13253;276695;0,026315789473684210526
13253;281170;0,026315789473684210526
13253;355336;0,026315789473684210526
13265;2504;0,333333333333333333333
13265;7650;0,333333333333333333333
13265;9217;0,333333333333333333333
13335;423;0,200000000000000000000
13335;4344;0,200000000000000000000
13335;9367;0,200000000000000000000
13335;13396;0,200000000000000000000
13335;14742;0,200000000000000000000
13369;3158;1,000000000000000000000
13398;13814;1,000000000000000000000
13452;7636;1,000000000000000000000
13537;2950;0,800000000000000000000
13537;604246;0,200000000000000000000
13720;54;1,000000000000000000000
13799;5657;1,000000000000000000000
14010;113;1,000000000000000000000
14151;285;0,071428571428571428571
14151;407;0,214285714285714285714
14151;1162;0,071428571428571428571
14151;2054;0,071428571428571428571
14151;2182;0,071428571428571428571
14151;3142;0,071428571428571428571
14151;7574;0,142857142857142857142
14151;12938;0,071428571428571428571
14151;83231;0,071428571428571428571
14151;94073;0,071428571428571428571
14151;323416;0,071428571428571428571
14323;3446;1,000000000000000000000
14465;3414;1,000000000000000000000
14526;1397;1,000000000000000000000
15471;275;0,142857142857142857142
15471;282;0,142857142857142857142
15471;477;0,142857142857142857142
15471;731;0,142857142857142857142
15471;5138;0,142857142857142857142
15471;173893;0,142857142857142857142
15471;282773;0,142857142857142857142
15643;3685;0,500000000000000000000
15643;29085;0,500000000000000000000
15895;2023;1,000000000000000000000
16497;1041;0,500000000000000000000
16497;1771;0,500000000000000000000
17248;3256;0,500000000000000000000
17248;4307;0,500000000000000000000
17268;3496;0,500000000000000000000
17268;25488;0,500000000000000000000
17678;1840;1,000000000000000000000
17727;5232;1,000000000000000000000
17762;1020;1,000000000000000000000
17918;1082399;1,000000000000000000000
18247;4280;1,000000000000000000000
18398;13579;1,000000000000000000000
18525;1186;1,000000000000000000000
19402;4629;1,000000000000000000000
20235;443;0,500000000000000000000
20235;15643;0,500000000000000000000
20474;180;0,333333333333333333333
20474;863;0,333333333333333333333
20474;15866;0,333333333333333333333
20915;17720;1,000000000000000000000
20969;6581;1,000000000000000000000
21268;35;1,000000000000000000000
21697;983;1,000000000000000000000
23096;3145;1,000000000000000000000
23720;281;0,250000000000000000000
23720;791903;0,750000000000000000000
24113;959966;1,000000000000000000000
24668;5628;0,500000000000000000000
24668;8353;0,500000000000000000000
25264;30811;1,000000000000000000000
25488;17268;1,000000000000000000000
26070;704;1,000000000000000000000
26347;1162;0,333333333333333333333
26347;747808;0,333333333333333333333
26347;1128679;0,333333333333333333333
27349;642;0,500000000000000000000
27349;28130;0,500000000000000000000
27416;983;1,000000000000000000000
27719;2826;1,000000000000000000000
27852;1171;0,500000000000000000000
27852;2512;0,500000000000000000000
27862;140;1,000000000000000000000
27984;7660;1,000000000000000000000
28130;27349;1,000000000000000000000
28397;2648;0,666666666666666666666
28397;5484;0,333333333333333333333
28405;615;1,000000000000000000000
28528;854;1,000000000000000000000
29085;423;0,333333333333333333333
29085;7605;0,333333333333333333333
29085;15643;0,333333333333333333333
29667;5647;1,000000000000000000000
30696;2704;0,500000000000000000000
30696;2850;0,500000000000000000000
30811;25264;0,250000000000000000000
30811;37814;0,750000000000000000000
37814;30811;1,000000000000000000000
38589;625;0,500000000000000000000
38589;6203;0,500000000000000000000
38738;74;0,200000000000000000000
38738;885;0,200000000000000000000
38738;1831;0,200000000000000000000
38738;1949;0,200000000000000000000
38738;3891;0,200000000000000000000
45924;964;1,000000000000000000000
48826;423;1,000000000000000000000
54879;351;0,500000000000000000000
54879;276780;0,500000000000000000000
59745;100;0,142857142857142857142
59745;1169;0,190476190476190476190
59745;3523;0,142857142857142857142
59745;3802;0,047619047619047619047
59745;13537;0,095238095238095238095
59745;59841;0,095238095238095238095
59745;366089;0,095238095238095238095
59745;408414;0,047619047619047619047
59745;604246;0,047619047619047619047
59745;1173768;0,095238095238095238095
59841;846;0,250000000000000000000
59841;4148;0,250000000000000000000
59841;59745;0,166666666666666666666
59841;604246;0,333333333333333333333
66075;2175;0,200000000000000000000
66075;3197;0,100000000000000000000
66075;4145;0,100000000000000000000
66075;5852;0,200000000000000000000
66075;7072;0,100000000000000000000
66075;8373;0,100000000000000000000
66075;17280;0,100000000000000000000
66075;17281;0,100000000000000000000
67275;749;1,000000000000000000000
71411;75827;0,500000000000000000000
71411;325599;0,500000000000000000000
75230;277;1,000000000000000000000
78108;695;0,666666666666666666666
78108;3523;0,333333333333333333333
98841;59745;1,000000000000000000000
112062;475;0,300000000000000000000
112062;749;0,200000000000000000000
112062;10649;0,150000000000000000000
112062;366089;0,050000000000000000000
112062;408414;0,250000000000000000000
112062;764124;0,050000000000000000000
113392;148;1,000000000000000000000
114536;174;0,285714285714285714285
114536;1754;0,285714285714285714285
114536;2512;0,285714285714285714285
114536;8213;0,142857142857142857142
116140;854;0,250000000000000000000
116140;2277;0,250000000000000000000
116140;704910;0,250000000000000000000
116140;1122255;0,250000000000000000000
131383;283;0,333333333333333333333
131383;695;0,333333333333333333333
131383;7780;0,333333333333333333333
136664;1063091;1,000000000000000000000
144425;4098;1,000000000000000000000
146462;1988;0,500000000000000000000
146462;4881;0,500000000000000000000
160268;1182;0,100000000000000000000
160268;1748;0,100000000000000000000
160268;1778;0,100000000000000000000
160268;2306;0,100000000000000000000
160268;4108;0,100000000000000000000
160268;4225;0,100000000000000000000
160268;4379;0,100000000000000000000
160268;5935;0,100000000000000000000
160268;8440;0,100000000000000000000
160268;8442;0,100000000000000000000
173893;15471;1,000000000000000000000
179346;1348;0,666666666666666666666
179346;13850;0,333333333333333333333
184646;423;0,333333333333333333333
184646;1080816;0,333333333333333333333
184646;1142637;0,333333333333333333333
184987;3176;1,000000000000000000000
189452;2916;0,333333333333333333333
189452;5617;0,333333333333333333333
189452;398786;0,333333333333333333333
190971;846;0,333333333333333333333
190971;189452;0,666666666666666666666
191488;2277;1,000000000000000000000
192866;193005;1,000000000000000000000
193005;192866;1,000000000000000000000
238453;796;1,000000000000000000000
239969;85;0,500000000000000000000
239969;238453;0,500000000000000000000
248832;347540;1,000000000000000000000
248834;7699;1,000000000000000000000
248835;248838;1,000000000000000000000
248836;1556;1,000000000000000000000
248838;2374;0,200000000000000000000
248838;3374;0,200000000000000000000
248838;8446;0,200000000000000000000
248838;248835;0,400000000000000000000
248840;975;0,500000000000000000000
248840;7626;0,500000000000000000000
248841;1556;1,000000000000000000000
251573;122;1,000000000000000000000
255899;12430;1,000000000000000000000
257158;1128679;1,000000000000000000000
276780;918;0,500000000000000000000
276780;54879;0,500000000000000000000
276963;4681;1,000000000000000000000
278351;706;0,967741935483870967741
278351;2435;0,032258064516129032258
281170;615;0,333333333333333333333
281170;2523;0,333333333333333333333
281170;1208269;0,333333333333333333333
283635;100;1,000000000000000000000
286660;975;0,400000000000000000000
286660;2150;0,400000000000000000000
286660;3033;0,200000000000000000000
306994;407;0,500000000000000000000
306994;713;0,500000000000000000000
308238;7759;0,666666666666666666666
308238;9208;0,333333333333333333333
321395;1131;1,000000000000000000000
327858;1121;1,000000000000000000000
329272;846;0,200000000000000000000
329272;8489;0,400000000000000000000
329272;373677;0,200000000000000000000
329272;813240;0,200000000000000000000
335189;1162;0,200000000000000000000
335189;1596;0,600000000000000000000
335189;1754;0,200000000000000000000
336640;1637;1,000000000000000000000
343424;4993;0,500000000000000000000
343424;6812;0,500000000000000000000
347540;1556;0,500000000000000000000
347540;248832;0,500000000000000000000
349041;194;0,250000000000000000000
349041;1754;0,125000000000000000000
349041;1940;0,375000000000000000000
349041;59745;0,125000000000000000000
349041;1036379;0,125000000000000000000
352262;2054;1,000000000000000000000
355594;379234;1,000000000000000000000
366089;71;0,142857142857142857142
366089;1169;0,428571428571428571428
366089;59745;0,142857142857142857142
366089;112062;0,142857142857142857142
366089;906176;0,142857142857142857142
366869;1913;1,000000000000000000000
367121;4498;1,000000000000000000000
372528;54440;1,000000000000000000000
373677;6734;0,333333333333333333333
373677;11369;0,333333333333333333333
373677;813240;0,333333333333333333333
374246;520;0,166666666666666666666
374246;658;0,166666666666666666666
374246;1094;0,166666666666666666666
374246;653504;0,500000000000000000000
377026;2853;1,000000000000000000000
381277;458;0,250000000000000000000
381277;713;0,250000000000000000000
381277;904;0,125000000000000000000
381277;6503;0,125000000000000000000
381277;44336;0,125000000000000000000
381277;589508;0,125000000000000000000
383070;2503;1,000000000000000000000
393418;288;0,125000000000000000000
393418;4592;0,500000000000000000000
393418;6461;0,125000000000000000000
393418;7968;0,125000000000000000000
393418;8636;0,125000000000000000000
403195;213;1,000000000000000000000
408414;475;0,285714285714285714285
408414;1169;0,071428571428571428571
408414;3523;0,071428571428571428571
408414;59745;0,071428571428571428571
408414;112062;0,285714285714285714285
408414;589508;0,071428571428571428571
408414;1173768;0,142857142857142857142
431565;2364;1,000000000000000000000
442813;13814;0,333333333333333333333
442813;408414;0,333333333333333333333
442813;471750;0,333333333333333333333
474028;5054;1,000000000000000000000
511019;1024;0,875000000000000000000
511019;5647;0,125000000000000000000
512469;119;1,000000000000000000000
533247;846;0,333333333333333333333
533247;1066;0,333333333333333333333
533247;4048;0,333333333333333333333
547708;8931;0,500000000000000000000
547708;17282;0,500000000000000000000
559679;1122255;1,000000000000000000000
584314;21268;1,000000000000000000000
587053;970;0,500000000000000000000
587053;1234;0,500000000000000000000
589508;408414;1,000000000000000000000
604246;727;0,125000000000000000000
604246;4206;0,375000000000000000000
604246;59841;0,500000000000000000000
623129;131;0,200000000000000000000
623129;845;0,600000000000000000000
623129;982;0,200000000000000000000
642255;111;0,400000000000000000000
642255;819;0,400000000000000000000
642255;876;0,200000000000000000000
653504;30811;1,000000000000000000000
669290;28;1,000000000000000000000
708789;3356;1,000000000000000000000
714174;740;1,000000000000000000000
715172;2175;1,000000000000000000000
725179;428;0,250000000000000000000
725179;1124;0,500000000000000000000
725179;701610;0,250000000000000000000
727998;423971;1,000000000000000000000
764124;112062;0,666666666666666666666
764124;1173953;0,333333333333333333333
791903;23720;1,000000000000000000000
813240;249;0,153846153846153846153
813240;268;0,076923076923076923076
813240;283;0,076923076923076923076
813240;1898;0,153846153846153846153
813240;2741;0,076923076923076923076
813240;3753;0,076923076923076923076
813240;329272;0,384615384615384615384
891311;8465;1,000000000000000000000
906176;71;0,086956521739130434782
906176;521;0,043478260869565217391
906176;3523;0,173913043478260869565
906176;4206;0,043478260869565217391
906176;12817;0,043478260869565217391
906176;59745;0,043478260869565217391
906176;78108;0,391304347826086956521
906176;366089;0,173913043478260869565
908758;9722;1,000000000000000000000
931417;1608;0,666666666666666666666
931417;1609;0,333333333333333333333
940328;906176;1,000000000000000000000
959966;849;0,125000000000000000000
959966;850;0,125000000000000000000
959966;1024;0,125000000000000000000
959966;4344;0,125000000000000000000
959966;13482;0,125000000000000000000
959966;27198;0,125000000000000000000
959966;55134;0,125000000000000000000
959966;511019;0,125000000000000000000
985164;4070;1,000000000000000000000
1036379;628;0,300000000000000000000
1036379;1940;0,700000000000000000000
1048032;1065;1,000000000000000000000
1048958;3716;1,000000000000000000000
1056888;253;0,250000000000000000000
1056888;5142;0,083333333333333333333
1056888;10109;0,333333333333333333333
1056888;1198160;0,333333333333333333333
1063091;1699;0,111111111111111111111
1063091;5441;0,111111111111111111111
1063091;136664;0,777777777777777777777
1064740;1118;1,000000000000000000000
1080900;2364;1,000000000000000000000
1082368;1109106;1,000000000000000000000
1101247;4486;1,000000000000000000000
1104773;652;1,000000000000000000000
1107578;1107;0,500000000000000000000
1107578;21697;0,500000000000000000000
1110539;1128679;1,000000000000000000000
1113764;8611;1,000000000000000000000
1121004;964;1,000000000000000000000
1122255;424;1,000000000000000000000
1128679;1754;0,375000000000000000000
1128679;26347;0,125000000000000000000
1128679;114536;0,125000000000000000000
1128679;1110539;0,375000000000000000000
1142637;2561;0,500000000000000000000
1142637;184646;0,500000000000000000000
1173768;1169;0,200000000000000000000
1173768;6962;0,100000000000000000000
1173768;59745;0,300000000000000000000
1173768;366089;0,100000000000000000000
1173768;408414;0,200000000000000000000
1173768;891311;0,100000000000000000000
1201199;1589;1,000000000000000000000
1206339;749;0,333333333333333333333
1206339;7478;0,333333333333333333333
1206339;14151;0,333333333333333333333
1208269;281170;1,000000000000000000000
