7;2078;1,000000000000000000000
48;4831;0,142857142857142857142
48;19199;0,857142857142857142857
54;1891;0,333333333333333333333
54;2792;0,166666666666666666666
54;2990;0,166666666666666666666
54;4244;0,166666666666666666666
54;5149;0,166666666666666666666
65;1122;0,142857142857142857142
65;1940;0,142857142857142857142
65;2223;0,142857142857142857142
65;9391;0,285714285714285714285
65;9402;0,142857142857142857142
65;27870;0,142857142857142857142
72;1946;0,500000000000000000000
72;3395;0,500000000000000000000
74;978;0,333333333333333333333
74;3096;0,166666666666666666666
74;5616;0,166666666666666666666
74;6440;0,166666666666666666666
74;385198;0,166666666666666666666
77;6320;0,500000000000000000000
77;286660;0,500000000000000000000
80;531;0,125000000000000000000
80;668;0,750000000000000000000
80;3515;0,125000000000000000000
83;1504;0,333333333333333333333
83;5591;0,333333333333333333333
83;6635;0,333333333333333333333
90;2146;0,500000000000000000000
90;9807;0,500000000000000000000
96;1156;0,444444444444444444444
96;1574;0,222222222222222222222
96;3753;0,111111111111111111111
96;4825;0,111111111111111111111
96;398787;0,111111111111111111111
101;27672;1,000000000000000000000
108;1340;0,166666666666666666666
108;3318;0,166666666666666666666
108;17269;0,333333333333333333333
108;434991;0,333333333333333333333
115;1949;0,125000000000000000000
115;5148;0,125000000000000000000
115;8818;0,125000000000000000000
115;335189;0,125000000000000000000
115;343358;0,125000000000000000000
115;484680;0,250000000000000000000
115;1082368;0,125000000000000000000
135;28;0,041666666666666666666
135;183;0,062500000000000000000
135;452;0,020833333333333333333
135;602;0,041666666666666666666
135;980;0,020833333333333333333
135;1025;0,041666666666666666666
135;1278;0,020833333333333333333
135;1316;0,041666666666666666666
135;1939;0,062500000000000000000
135;1967;0,020833333333333333333
135;2111;0,020833333333333333333
135;2661;0,041666666666666666666
135;2684;0,020833333333333333333
135;2713;0,041666666666666666666
135;2850;0,083333333333333333333
135;3395;0,020833333333333333333
135;4020;0,041666666666666666666
135;5679;0,020833333333333333333
135;6509;0,062500000000000000000
135;6723;0,062500000000000000000
135;7160;0,020833333333333333333
135;7577;0,041666666666666666666
135;8163;0,041666666666666666666
135;9651;0,041666666666666666666
135;10188;0,020833333333333333333
135;12816;0,020833333333333333333
135;1031916;0,020833333333333333333
138;1663;0,250000000000000000000
138;3100;0,750000000000000000000
166;5679;1,000000000000000000000
183;135;0,125000000000000000000
183;1025;0,125000000000000000000
183;1278;0,125000000000000000000
183;3219;0,125000000000000000000
183;3802;0,500000000000000000000
189;1083;0,750000000000000000000
189;1840;0,250000000000000000000
190;5679;0,333333333333333333333
190;11213;0,333333333333333333333
190;17274;0,333333333333333333333
194;472;0,045454545454545454545
194;628;0,181818181818181818181
194;837;0,090909090909090909090
194;995;0,045454545454545454545
194;1169;0,136363636363636363636
194;1591;0,045454545454545454545
194;1754;0,090909090909090909090
194;2112;0,045454545454545454545
194;3141;0,045454545454545454545
194;4640;0,045454545454545454545
194;349041;0,181818181818181818181
194;366089;0,045454545454545454545
199;3105;1,000000000000000000000
201;1719;0,500000000000000000000
201;2015;0,500000000000000000000
211;1843;0,500000000000000000000
211;5089;0,500000000000000000000
213;747;0,333333333333333333333
213;4179;0,333333333333333333333
213;76428;0,333333333333333333333
242;1286;0,200000000000000000000
242;2736;0,400000000000000000000
242;5691;0,200000000000000000000
242;13265;0,200000000000000000000
244;2659;1,000000000000000000000
249;1988;0,333333333333333333333
249;813240;0,666666666666666666666
261;237;1,000000000000000000000
263;420;0,300000000000000000000
263;829;0,400000000000000000000
263;846;0,300000000000000000000
266;428;0,250000000000000000000
266;1046;0,250000000000000000000
266;8648;0,250000000000000000000
266;13814;0,250000000000000000000
269;251;0,666666666666666666666
269;4713;0,333333333333333333333
276;135;0,181818181818181818181
276;695;0,272727272727272727272
276;3604;0,090909090909090909090
276;15643;0,090909090909090909090
276;20307;0,090909090909090909090
276;59745;0,272727272727272727272
292;2834;1,000000000000000000000
295;5679;1,000000000000000000000
296;2350;1,000000000000000000000
309;1948;1,000000000000000000000
310;554;0,142857142857142857142
310;2851;0,428571428571428571428
310;8539;0,428571428571428571428
317;318;1,000000000000000000000
318;317;0,400000000000000000000
318;2099;0,200000000000000000000
318;2445;0,200000000000000000000
318;5440;0,200000000000000000000
320;2310;0,428571428571428571428
320;2792;0,333333333333333333333
320;3241;0,047619047619047619047
320;7209;0,095238095238095238095
320;28546;0,095238095238095238095
324;219;0,333333333333333333333
324;713;0,166666666666666666666
324;1893;0,333333333333333333333
324;2517;0,166666666666666666666
341;742;0,333333333333333333333
341;1963;0,333333333333333333333
341;11465;0,333333333333333333333
346;1451;1,000000000000000000000
349;4278;1,000000000000000000000
379;1754;1,000000000000000000000
380;1769;1,000000000000000000000
393;1178;1,000000000000000000000
396;419;0,500000000000000000000
396;13187;0,500000000000000000000
404;713;1,000000000000000000000
407;458;0,500000000000000000000
407;3475;0,500000000000000000000
409;1178;1,000000000000000000000
410;337;0,500000000000000000000
410;13187;0,500000000000000000000
418;395;0,153846153846153846153
418;1178;0,615384615384615384615
418;1663;0,076923076923076923076
418;3477;0,153846153846153846153
420;263;0,050000000000000000000
420;360;0,300000000000000000000
420;425;0,100000000000000000000
420;703;0,050000000000000000000
420;846;0,050000000000000000000
420;1945;0,050000000000000000000
420;5380;0,050000000000000000000
420;7130;0,050000000000000000000
420;398787;0,100000000000000000000
420;1142431;0,200000000000000000000
428;266;1,000000000000000000000
441;2364;0,250000000000000000000
441;3394;0,250000000000000000000
441;7135;0,500000000000000000000
443;423;0,100000000000000000000
443;424;0,100000000000000000000
443;5449;0,200000000000000000000
443;7605;0,100000000000000000000
443;15643;0,200000000000000000000
443;29085;0,100000000000000000000
443;45698;0,100000000000000000000
443;704910;0,100000000000000000000
464;2591;0,750000000000000000000
464;36186;0,250000000000000000000
479;4379;0,090909090909090909090
479;5013;0,181818181818181818181
479;8442;0,090909090909090909090
479;8460;0,090909090909090909090
479;8473;0,545454545454545454545
485;486;0,250000000000000000000
485;2817;0,250000000000000000000
485;4931;0,250000000000000000000
485;12572;0,250000000000000000000
490;899;1,000000000000000000000
492;2008;0,500000000000000000000
492;4281;0,500000000000000000000
498;12;0,333333333333333333333
498;13;0,333333333333333333333
498;5679;0,333333333333333333333
502;80;0,181818181818181818181
502;1248;0,272727272727272727272
502;3515;0,272727272727272727272
502;17282;0,090909090909090909090
502;321395;0,181818181818181818181
510;9350;1,000000000000000000000
521;995;0,500000000000000000000
521;3680;0,500000000000000000000
527;613;0,800000000000000000000
527;1588;0,200000000000000000000
538;4278;1,000000000000000000000
543;5528;1,000000000000000000000
545;6694;1,000000000000000000000
547;652;0,333333333333333333333
547;5264;0,666666666666666666666
550;132;0,214285714285714285714
550;596;0,357142857142857142857
550;658;0,071428571428571428571
550;1319;0,071428571428571428571
550;2882;0,071428571428571428571
550;3230;0,071428571428571428571
550;256804;0,071428571428571428571
550;765984;0,071428571428571428571
571;1897;0,600000000000000000000
571;81163;0,200000000000000000000
571;701610;0,200000000000000000000
573;2484;0,750000000000000000000
573;5493;0,250000000000000000000
600;1079;0,400000000000000000000
600;2070;0,200000000000000000000
600;7130;0,400000000000000000000
602;1967;1,000000000000000000000
613;527;0,750000000000000000000
613;2578;0,125000000000000000000
613;59745;0,125000000000000000000
621;2385;1,000000000000000000000
628;360;0,300000000000000000000
628;700;0,100000000000000000000
628;1169;0,100000000000000000000
628;1234;0,100000000000000000000
628;1940;0,400000000000000000000
635;5029;1,000000000000000000000
652;547;1,000000000000000000000
657;669;0,333333333333333333333
657;179346;0,666666666666666666666
667;295;0,166666666666666666666
667;468;0,166666666666666666666
667;469;0,166666666666666666666
667;2569;0,166666666666666666666
667;3905;0,166666666666666666666
667;10207;0,166666666666666666666
668;80;0,166666666666666666666
668;219;0,023809523809523809523
668;502;0,071428571428571428571
668;530;0,095238095238095238095
668;531;0,142857142857142857142
668;876;0,047619047619047619047
668;933;0,023809523809523809523
668;1131;0,071428571428571428571
668;1248;0,071428571428571428571
668;3443;0,047619047619047619047
668;3515;0,047619047619047619047
668;3625;0,047619047619047619047
668;4173;0,023809523809523809523
668;507180;0,071428571428571428571
668;642255;0,023809523809523809523
668;665791;0,023809523809523809523
669;657;0,200000000000000000000
669;658;0,100000000000000000000
669;2008;0,200000000000000000000
669;2223;0,100000000000000000000
669;6320;0,100000000000000000000
669;7671;0,100000000000000000000
669;7968;0,100000000000000000000
669;48862;0,100000000000000000000
683;681;1,000000000000000000000
694;8051;1,000000000000000000000
695;4512;1,000000000000000000000
700;837;0,017543859649122807017
700;1110539;0,982456140350877192982
713;324;1,000000000000000000000
744;277;0,090909090909090909090
744;845;0,181818181818181818181
744;846;0,181818181818181818181
744;1437;0,181818181818181818181
744;2731;0,090909090909090909090
744;131383;0,090909090909090909090
744;192866;0,090909090909090909090
744;398787;0,090909090909090909090
747;213;0,333333333333333333333
747;76428;0,166666666666666666666
747;81648;0,166666666666666666666
747;325599;0,166666666666666666666
747;403195;0,166666666666666666666
749;1939;1,000000000000000000000
761;3038;0,500000000000000000000
761;4225;0,500000000000000000000
774;3420;0,500000000000000000000
774;3829;0,500000000000000000000
777;966;1,000000000000000000000
778;7095;1,000000000000000000000
791;2254;1,000000000000000000000
805;904;1,000000000000000000000
817;3223;1,000000000000000000000
819;111;0,058823529411764705882
819;281;0,058823529411764705882
819;452;0,117647058823529411764
819;531;0,294117647058823529411
819;754;0,058823529411764705882
819;933;0,176470588235294117647
819;1391;0,058823529411764705882
819;1647;0,117647058823529411764
819;642255;0,058823529411764705882
827;2355;0,545454545454545454545
827;6027;0,090909090909090909090
827;6509;0,272727272727272727272
827;9968;0,090909090909090909090
829;131;0,157894736842105263157
829;263;0,263157894736842105263
829;420;0,052631578947368421052
829;846;0,052631578947368421052
829;1182;0,105263157894736842105
829;6511;0,052631578947368421052
829;7578;0,157894736842105263157
829;474028;0,105263157894736842105
829;1031916;0,052631578947368421052
835;1152;0,333333333333333333333
835;5338;0,333333333333333333333
835;5679;0,333333333333333333333
837;700;0,166666666666666666666
837;1940;0,083333333333333333333
837;349041;0,083333333333333333333
837;1110539;0,666666666666666666666
841;373;0,666666666666666666666
841;1234;0,333333333333333333333
845;131;0,045454545454545454545
845;263;0,045454545454545454545
845;744;0,181818181818181818181
845;846;0,090909090909090909090
845;982;0,045454545454545454545
845;1041;0,136363636363636363636
845;1437;0,090909090909090909090
845;2396;0,045454545454545454545
845;2731;0,045454545454545454545
845;2834;0,090909090909090909090
845;192866;0,045454545454545454545
845;398787;0,045454545454545454545
845;623129;0,090909090909090909090
846;277;0,037037037037037037037
846;283;0,037037037037037037037
846;744;0,185185185185185185185
846;845;0,111111111111111111111
846;859;0,111111111111111111111
846;1066;0,037037037037037037037
846;1437;0,037037037037037037037
846;2697;0,037037037037037037037
846;5638;0,037037037037037037037
846;8050;0,074074074074074074074
846;131383;0,037037037037037037037
846;163510;0,037037037037037037037
846;192866;0,037037037037037037037
846;329272;0,037037037037037037037
846;398787;0,037037037037037037037
846;533247;0,111111111111111111111
849;423;0,250000000000000000000
849;441;0,250000000000000000000
849;1117;0,250000000000000000000
849;3395;0,250000000000000000000
854;28528;0,750000000000000000000
854;474028;0,250000000000000000000
860;283;1,000000000000000000000
861;6723;1,000000000000000000000
863;180;0,333333333333333333333
863;1731;0,666666666666666666666
865;11248;0,500000000000000000000
865;95084;0,500000000000000000000
866;977;0,333333333333333333333
866;2054;0,333333333333333333333
866;284854;0,333333333333333333333
870;20915;1,000000000000000000000
883;9434;1,000000000000000000000
886;543;0,500000000000000000000
886;1967;0,500000000000000000000
899;490;1,000000000000000000000
911;4262;0,333333333333333333333
911;9807;0,333333333333333333333
911;13006;0,333333333333333333333
912;1591;1,000000000000000000000
925;13054;1,000000000000000000000
933;531;0,250000000000000000000
933;819;0,500000000000000000000
933;4173;0,250000000000000000000
966;2054;1,000000000000000000000
977;866;0,500000000000000000000
977;8090;0,500000000000000000000
980;1277;0,400000000000000000000
980;2684;0,100000000000000000000
980;3619;0,400000000000000000000
980;13579;0,100000000000000000000
982;845;0,333333333333333333333
982;1041;0,333333333333333333333
982;623129;0,333333333333333333333
984;2464;1,000000000000000000000
995;351;0,090909090909090909090
995;521;0,090909090909090909090
995;1210;0,272727272727272727272
995;1719;0,272727272727272727272
995;1945;0,090909090909090909090
995;2269;0,090909090909090909090
995;4486;0,090909090909090909090
997;681;0,500000000000000000000
997;5693;0,500000000000000000000
1010;1018;0,166666666666666666666
1010;2001;0,666666666666666666666
1010;3809;0,166666666666666666666
1014;232;0,500000000000000000000
1014;6940;0,500000000000000000000
1041;845;0,157894736842105263157
1041;982;0,526315789473684210526
1041;193005;0,052631578947368421052
1041;767166;0,263157894736842105263
1044;12798;1,000000000000000000000
1058;2204;0,500000000000000000000
1058;3188;0,500000000000000000000
1064;1563;0,500000000000000000000
1064;4518;0,500000000000000000000
1069;411;0,166666666666666666666
1069;2961;0,166666666666666666666
1069;4627;0,166666666666666666666
1069;35009;0,500000000000000000000
1079;600;0,800000000000000000000
1079;5657;0,200000000000000000000
1083;38;0,111111111111111111111
1083;189;0,222222222222222222222
1083;2433;0,111111111111111111111
1083;4576;0,111111111111111111111
1083;5623;0,111111111111111111111
1083;10255;0,111111111111111111111
1083;13899;0,111111111111111111111
1083;19402;0,111111111111111111111
1109;2017;1,000000000000000000000
1117;2277;0,066666666666666666666
1117;2972;0,066666666666666666666
1117;3212;0,066666666666666666666
1117;8253;0,533333333333333333333
1117;704910;0,266666666666666666666
1118;1064740;1,000000000000000000000
1131;668;1,000000000000000000000
1135;3496;0,400000000000000000000
1135;6930;0,100000000000000000000
1135;687941;0,450000000000000000000
1135;1110187;0,050000000000000000000
1139;390;0,500000000000000000000
1139;407;0,250000000000000000000
1139;458;0,250000000000000000000
1141;2145;0,076923076923076923076
1141;2293;0,384615384615384615384
1141;3633;0,076923076923076923076
1141;3753;0,153846153846153846153
1141;4821;0,153846153846153846153
1141;5628;0,153846153846153846153
1143;6505;1,000000000000000000000
1149;15643;1,000000000000000000000
1152;846;0,500000000000000000000
1152;1171;0,500000000000000000000
1154;122;1,000000000000000000000
1160;1513;1,000000000000000000000
1169;71;0,058823529411764705882
1169;100;0,058823529411764705882
1169;138;0,058823529411764705882
1169;275;0,014705882352941176470
1169;276;0,058823529411764705882
1169;642;0,014705882352941176470
1169;695;0,058823529411764705882
1169;826;0,029411764705882352941
1169;1942;0,058823529411764705882
1169;1943;0,058823529411764705882
1169;1945;0,058823529411764705882
1169;1946;0,029411764705882352941
1169;4512;0,058823529411764705882
1169;8539;0,014705882352941176470
1169;41776;0,058823529411764705882
1169;59745;0,176470588235294117647
1169;131383;0,058823529411764705882
1169;604246;0,058823529411764705882
1169;660708;0,014705882352941176470
1178;393;0,066666666666666666666
1178;409;0,200000000000000000000
1178;418;0,733333333333333333333
1181;1182;0,250000000000000000000
1181;584314;0,750000000000000000000
1198;14652;1,000000000000000000000
1210;995;0,500000000000000000000
1210;1864;0,500000000000000000000
1227;9722;1,000000000000000000000
1231;3141;1,000000000000000000000
1234;190;0,071428571428571428571
1234;628;0,142857142857142857142
1234;841;0,071428571428571428571
1234;1235;0,071428571428571428571
1234;1263;0,142857142857142857142
1234;1277;0,214285714285714285714
1234;2181;0,142857142857142857142
1234;10188;0,071428571428571428571
1234;587053;0,071428571428571428571
1235;980;0,333333333333333333333
1235;1234;0,333333333333333333333
1235;1277;0,333333333333333333333
1248;668;1,000000000000000000000
1254;3657;1,000000000000000000000
1261;41;0,250000000000000000000
1261;642;0,250000000000000000000
1261;8199;0,250000000000000000000
1261;968202;0,250000000000000000000
1265;4172;0,333333333333333333333
1265;8805;0,666666666666666666666
1274;5289;1,000000000000000000000
1277;980;0,153846153846153846153
1277;1234;0,230769230769230769230
1277;1235;0,076923076923076923076
1277;10188;0,538461538461538461538
1278;135;0,111111111111111111111
1278;183;0,222222222222222222222
1278;1591;0,111111111111111111111
1278;1996;0,111111111111111111111
1278;2684;0,444444444444444444444
1282;19176;1,000000000000000000000
1286;111;0,222222222222222222222
1286;2434;0,222222222222222222222
1286;5148;0,222222222222222222222
1286;7941;0,333333333333333333333
1293;4877;1,000000000000000000000
1301;3390;1,000000000000000000000
1310;861;1,000000000000000000000
1322;12964;1,000000000000000000000
1340;108;0,200000000000000000000
1340;349;0,200000000000000000000
1340;538;0,200000000000000000000
1340;4278;0,400000000000000000000
1344;5679;0,500000000000000000000
1344;13799;0,500000000000000000000
1364;237;1,000000000000000000000
1370;281;0,090909090909090909090
1370;452;0,181818181818181818181
1370;754;0,090909090909090909090
1370;1116;0,181818181818181818181
1370;1745;0,181818181818181818181
1370;23720;0,181818181818181818181
1370;693032;0,090909090909090909090
1374;484;0,500000000000000000000
1374;3694;0,500000000000000000000
1379;591752;1,000000000000000000000
1393;3007;1,000000000000000000000
1397;1069;0,500000000000000000000
1397;2961;0,500000000000000000000
1406;5061;0,500000000000000000000
1406;6440;0,500000000000000000000
1419;8623;1,000000000000000000000
1432;17549;1,000000000000000000000
1434;5037;1,000000000000000000000
1437;425;0,055555555555555555555
1437;744;0,111111111111111111111
1437;845;0,055555555555555555555
1437;846;0,388888888888888888888
1437;2396;0,111111111111111111111
1437;59841;0,055555555555555555555
1437;192866;0,222222222222222222222
1439;5679;0,250000000000000000000
1439;9356;0,250000000000000000000
1439;28826;0,250000000000000000000
1439;50959;0,250000000000000000000
1445;1632;1,000000000000000000000
1462;208;0,500000000000000000000
1462;1867;0,500000000000000000000
1487;909;1,000000000000000000000
1513;1160;0,600000000000000000000
1513;3601;0,200000000000000000000
1513;4881;0,200000000000000000000
1517;5430;1,000000000000000000000
1526;813240;1,000000000000000000000
1545;1967;1,000000000000000000000
1547;2515;1,000000000000000000000
1554;793;0,250000000000000000000
1554;1845;0,750000000000000000000
1556;1180;1,000000000000000000000
1564;11476;1,000000000000000000000
1565;1688;1,000000000000000000000
1570;5679;1,000000000000000000000
1574;96;0,333333333333333333333
1574;423;0,166666666666666666666
1574;9721;0,500000000000000000000
1588;527;1,000000000000000000000
1589;846;0,333333333333333333333
1589;2834;0,333333333333333333333
1589;725179;0,333333333333333333333
1596;794;0,250000000000000000000
1596;1634;0,250000000000000000000
1596;5440;0,500000000000000000000
1597;9722;1,000000000000000000000
1609;1610;0,333333333333333333333
1609;13291;0,333333333333333333333
1609;931417;0,333333333333333333333
1632;1445;0,250000000000000000000
1632;2195;0,500000000000000000000
1632;5753;0,250000000000000000000
1639;1662;1,000000000000000000000
1644;183;0,166666666666666666666
1644;1278;0,833333333333333333333
1657;1696;1,000000000000000000000
1671;419;1,000000000000000000000
1676;5264;1,000000000000000000000
1681;846;0,363636363636363636363
1681;1065;0,090909090909090909090
1681;2834;0,181818181818181818181
1681;3105;0,181818181818181818181
1681;7130;0,181818181818181818181
1690;2196;1,000000000000000000000
1692;1263;1,000000000000000000000
1696;1657;1,000000000000000000000
1700;1561;0,400000000000000000000
1700;4245;0,600000000000000000000
1710;3838;0,333333333333333333333
1710;6723;0,333333333333333333333
1710;9258;0,333333333333333333333
1723;9380;1,000000000000000000000
1725;28528;1,000000000000000000000
1727;120;1,000000000000000000000
1769;380;0,250000000000000000000
1769;492;0,250000000000000000000
1769;1282;0,250000000000000000000
1769;2008;0,250000000000000000000
1779;237;1,000000000000000000000
1824;5915;0,166666666666666666666
1824;9114;0,500000000000000000000
1824;10085;0,333333333333333333333
1839;5679;1,000000000000000000000
1840;189;0,333333333333333333333
1840;608;0,333333333333333333333
1840;5329;0,333333333333333333333
1843;4355;1,000000000000000000000
1850;4278;1,000000000000000000000
1854;19402;1,000000000000000000000
1855;5613;1,000000000000000000000
1864;1210;0,500000000000000000000
1864;3235;0,500000000000000000000
1866;9399;1,000000000000000000000
1868;281170;1,000000000000000000000
1889;2661;1,000000000000000000000
1891;54;1,000000000000000000000
1897;571;0,600000000000000000000
1897;3548;0,100000000000000000000
1897;3998;0,100000000000000000000
1897;6788;0,200000000000000000000
1912;311;0,250000000000000000000
1912;4583;0,250000000000000000000
1912;27826;0,250000000000000000000
1912;47032;0,250000000000000000000
1940;628;0,600000000000000000000
1940;837;0,200000000000000000000
1940;349041;0,200000000000000000000
1945;135;0,100000000000000000000
1945;276;0,100000000000000000000
1945;354;0,100000000000000000000
1945;359;0,100000000000000000000
1945;360;0,400000000000000000000
1945;1250;0,100000000000000000000
1945;15643;0,100000000000000000000
1946;6433;1,000000000000000000000
1948;309;0,500000000000000000000
1948;2487;0,500000000000000000000
1949;115;0,250000000000000000000
1949;4101;0,250000000000000000000
1949;367451;0,250000000000000000000
1949;1101851;0,250000000000000000000
1967;135;0,019607843137254901960
1967;602;0,098039215686274509803
1967;861;0,039215686274509803921
1967;886;0,058823529411764705882
1967;983;0,039215686274509803921
1967;1156;0,039215686274509803921
1967;1316;0,019607843137254901960
1967;1545;0,039215686274509803921
1967;1608;0,039215686274509803921
1967;1664;0,039215686274509803921
1967;1710;0,039215686274509803921
1967;2009;0,019607843137254901960
1967;2510;0,039215686274509803921
1967;3103;0,039215686274509803921
1967;3189;0,098039215686274509803
1967;3197;0,039215686274509803921
1967;3393;0,039215686274509803921
1967;4695;0,039215686274509803921
1967;6461;0,039215686274509803921
1967;6723;0,058823529411764705882
1967;7095;0,039215686274509803921
1967;29081;0,019607843137254901960
1967;75230;0,019607843137254901960
1967;76428;0,039215686274509803921
1974;1696;0,333333333333333333333
1974;3294;0,333333333333333333333
1974;113392;0,333333333333333333333
1988;3005;0,057142857142857142857
1988;3395;0,057142857142857142857
1988;3601;0,028571428571428571428
1988;4881;0,771428571428571428571
1988;13253;0,028571428571428571428
1988;370126;0,028571428571428571428
1988;1130242;0,028571428571428571428
2015;201;0,500000000000000000000
2015;2884;0,500000000000000000000
2017;1109;0,500000000000000000000
2017;2050;0,250000000000000000000
2017;8933;0,250000000000000000000
2027;3356;1,000000000000000000000
2050;2017;0,333333333333333333333
2050;5440;0,666666666666666666666
2070;600;0,333333333333333333333
2070;5632;0,666666666666666666666
2078;7;1,000000000000000000000
2099;2445;1,000000000000000000000
2111;1277;0,500000000000000000000
2111;1278;0,500000000000000000000
2112;749;0,666666666666666666666
2112;3482;0,333333333333333333333
2129;3993;1,000000000000000000000
2130;347;0,200000000000000000000
2130;4821;0,200000000000000000000
2130;27416;0,600000000000000000000
2137;5626;0,333333333333333333333
2137;13704;0,444444444444444444444
2137;908617;0,222222222222222222222
2145;3633;1,000000000000000000000
2152;3188;1,000000000000000000000
2153;1329;1,000000000000000000000
2179;7111;1,000000000000000000000
2181;1234;1,000000000000000000000
2195;577;0,041666666666666666666
2195;870;0,041666666666666666666
2195;934;0,083333333333333333333
2195;1454;0,041666666666666666666
2195;1455;0,041666666666666666666
2195;1632;0,125000000000000000000
2195;1690;0,041666666666666666666
2195;1699;0,041666666666666666666
2195;1769;0,041666666666666666666
2195;2196;0,041666666666666666666
2195;2254;0,041666666666666666666
2195;2799;0,041666666666666666666
2195;2825;0,083333333333333333333
2195;3359;0,083333333333333333333
2195;3564;0,041666666666666666666
2195;5367;0,041666666666666666666
2195;8071;0,041666666666666666666
2195;8491;0,041666666666666666666
2195;11427;0,041666666666666666666
2196;220;1,000000000000000000000
2200;2657;1,000000000000000000000
2210;131;0,333333333333333333333
2210;1263;0,666666666666666666666
2223;669;1,000000000000000000000
2254;791;1,000000000000000000000
2269;2742;1,000000000000000000000
2275;15222;0,250000000000000000000
2275;26251;0,250000000000000000000
2275;27478;0,500000000000000000000
2287;11369;1,000000000000000000000
2293;96;0,142857142857142857142
2293;249;0,142857142857142857142
2293;1141;0,571428571428571428571
2293;3633;0,142857142857142857142
2310;320;1,000000000000000000000
2322;1288;1,000000000000000000000
2323;3245;1,000000000000000000000
2349;5632;1,000000000000000000000
2350;2371;1,000000000000000000000
2355;827;0,800000000000000000000
2355;3098;0,100000000000000000000
2355;3996;0,100000000000000000000
2364;5679;0,111111111111111111111
2364;9468;0,111111111111111111111
2364;13335;0,111111111111111111111
2364;125861;0,111111111111111111111
2364;431565;0,222222222222222222222
2364;1080900;0,222222222222222222222
2364;1122255;0,111111111111111111111
2371;2350;1,000000000000000000000
2379;3234;1,000000000000000000000
2385;4380;1,000000000000000000000
2424;377520;1,000000000000000000000
2428;14978;1,000000000000000000000
2434;5440;1,000000000000000000000
2438;2337;1,000000000000000000000
2445;318;0,200000000000000000000
2445;427;0,200000000000000000000
2445;2510;0,400000000000000000000
2445;4004;0,200000000000000000000
2464;984;1,000000000000000000000
2467;3176;0,500000000000000000000
2467;184987;0,500000000000000000000
2474;248;0,200000000000000000000
2474;2716;0,200000000000000000000
2474;10018;0,200000000000000000000
2474;13253;0,400000000000000000000
2481;5117;0,666666666666666666666
2481;13335;0,333333333333333333333
2487;57;0,200000000000000000000
2487;71;0,200000000000000000000
2487;1948;0,400000000000000000000
2487;4729;0,200000000000000000000
2494;3825;1,000000000000000000000
2503;14073;1,000000000000000000000
2509;3230;1,000000000000000000000
2543;4100;0,400000000000000000000
2543;10255;0,600000000000000000000
2544;4100;0,666666666666666666666
2544;13899;0,333333333333333333333
2554;3876;0,833333333333333333333
2554;11680;0,166666666666666666666
2561;356;1,000000000000000000000
2591;464;0,400000000000000000000
2591;5616;0,200000000000000000000
2591;9554;0,200000000000000000000
2591;50332;0,200000000000000000000
2644;8623;1,000000000000000000000
2659;244;0,333333333333333333333
2659;16659;0,666666666666666666666
2661;135;0,125000000000000000000
2661;2713;0,250000000000000000000
2661;4355;0,125000000000000000000
2661;7160;0,500000000000000000000
2664;44336;1,000000000000000000000
2678;3978;0,500000000000000000000
2678;10860;0,500000000000000000000
2684;135;0,100000000000000000000
2684;1237;0,100000000000000000000
2684;1278;0,500000000000000000000
2684;1931;0,100000000000000000000
2684;10188;0,200000000000000000000
2706;279;1,000000000000000000000
2712;1637;1,000000000000000000000
2713;1889;1,000000000000000000000
2716;2474;1,000000000000000000000
2739;645;1,000000000000000000000
2786;846;0,200000000000000000000
2786;965;0,800000000000000000000
2792;320;0,600000000000000000000
2792;2184;0,066666666666666666666
2792;6130;0,133333333333333333333
2792;6567;0,066666666666666666666
2792;11330;0,066666666666666666666
2792;1086504;0,066666666666666666666
2799;433;0,250000000000000000000
2799;2800;0,250000000000000000000
2799;24536;0,250000000000000000000
2799;28467;0,250000000000000000000
2800;2799;1,000000000000000000000
2803;16;0,011904761904761904761
2803;57;0,011904761904761904761
2803;71;0,011904761904761904761
2803;82;0,011904761904761904761
2803;89;0,011904761904761904761
2803;234;0,011904761904761904761
2803;309;0,011904761904761904761
2803;369;0,011904761904761904761
2803;644;0,011904761904761904761
2803;645;0,011904761904761904761
2803;827;0,011904761904761904761
2803;835;0,011904761904761904761
2803;890;0,011904761904761904761
2803;1022;0,011904761904761904761
2803;1040;0,011904761904761904761
2803;1143;0,011904761904761904761
2803;1152;0,011904761904761904761
2803;1231;0,011904761904761904761
2803;1276;0,011904761904761904761
2803;1612;0,011904761904761904761
2803;1657;0,011904761904761904761
2803;1948;0,011904761904761904761
2803;2109;0,011904761904761904761
2803;2355;0,011904761904761904761
2803;2414;0,011904761904761904761
2803;2479;0,011904761904761904761
2803;2487;0,011904761904761904761
2803;2736;0,011904761904761904761
2803;2739;0,011904761904761904761
2803;2802;0,011904761904761904761
2803;3098;0,011904761904761904761
2803;3123;0,011904761904761904761
2803;3128;0,011904761904761904761
2803;3141;0,011904761904761904761
2803;3145;0,011904761904761904761
2803;3237;0,011904761904761904761
2803;3399;0,011904761904761904761
2803;3574;0,011904761904761904761
2803;3852;0,011904761904761904761
2803;3953;0,011904761904761904761
2803;3967;0,011904761904761904761
2803;3996;0,011904761904761904761
2803;4024;0,011904761904761904761
2803;4159;0,011904761904761904761
2803;4160;0,011904761904761904761
2803;4306;0,011904761904761904761
2803;4501;0,011904761904761904761
2803;4695;0,011904761904761904761
2803;4853;0,011904761904761904761
2803;5136;0,011904761904761904761
2803;5306;0,011904761904761904761
2803;5338;0,011904761904761904761
2803;5607;0,011904761904761904761
2803;6045;0,011904761904761904761
2803;6396;0,011904761904761904761
2803;6495;0,011904761904761904761
2803;6496;0,011904761904761904761
2803;6497;0,011904761904761904761
2803;6498;0,011904761904761904761
2803;6499;0,011904761904761904761
2803;6501;0,011904761904761904761
2803;6502;0,011904761904761904761
2803;6503;0,011904761904761904761
2803;6504;0,011904761904761904761
2803;6505;0,011904761904761904761
2803;6506;0,011904761904761904761
2803;6509;0,011904761904761904761
2803;6511;0,017857142857142857142
2803;6512;0,011904761904761904761
2803;6513;0,011904761904761904761
2803;6514;0,011904761904761904761
2803;6515;0,011904761904761904761
2803;6517;0,011904761904761904761
2803;6518;0,011904761904761904761
2803;6520;0,011904761904761904761
2803;6523;0,011904761904761904761
2803;6524;0,011904761904761904761
2803;6527;0,011904761904761904761
2803;7686;0,011904761904761904761
2803;8238;0,011904761904761904761
2803;9846;0,005952380952380952380
2803;93146;0,011904761904761904761
2803;140271;0,011904761904761904761
2803;743544;0,011904761904761904761
2825;1705;1,000000000000000000000
2826;27700;1,000000000000000000000
2834;845;0,307692307692307692307
2834;846;0,346153846153846153846
2834;1171;0,038461538461538461538
2834;1514;0,038461538461538461538
2834;1681;0,115384615384615384615
2834;4359;0,076923076923076923076
2834;5177;0,038461538461538461538
2834;5638;0,038461538461538461538
2850;135;1,000000000000000000000
2884;2015;1,000000000000000000000
2897;468947;1,000000000000000000000
2950;138;1,000000000000000000000
2961;411;0,500000000000000000000
2961;1069;0,250000000000000000000
2961;1397;0,250000000000000000000
2972;1080816;1,000000000000000000000
2993;458;0,666666666666666666666
2993;3465;0,333333333333333333333
3005;1988;1,000000000000000000000
3007;600;0,500000000000000000000
3007;1393;0,500000000000000000000
3033;286660;1,000000000000000000000
3045;11680;1,000000000000000000000
3069;642;0,800000000000000000000
3069;1965;0,200000000000000000000
3071;5264;1,000000000000000000000
3100;138;1,000000000000000000000
3105;73;0,166666666666666666666
3105;208;0,333333333333333333333
3105;1681;0,333333333333333333333
3105;17549;0,166666666666666666666
3141;16;0,111111111111111111111
3141;1231;0,333333333333333333333
3141;3123;0,111111111111111111111
3141;3145;0,222222222222222222222
3141;3996;0,111111111111111111111
3141;6496;0,111111111111111111111
3143;365;0,090909090909090909090
3143;703;0,181818181818181818181
3143;1280;0,090909090909090909090
3143;2362;0,181818181818181818181
3143;3966;0,090909090909090909090
3143;6250;0,090909090909090909090
3143;7416;0,090909090909090909090
3143;9194;0,090909090909090909090
3143;9195;0,090909090909090909090
3145;2736;0,600000000000000000000
3145;3141;0,066666666666666666666
3145;4262;0,133333333333333333333
3145;6045;0,133333333333333333333
3145;6511;0,066666666666666666666
3169;6929;1,000000000000000000000
3176;898;0,250000000000000000000
3176;2467;0,250000000000000000000
3176;3986;0,250000000000000000000
3176;17280;0,250000000000000000000
3188;1058;1,000000000000000000000
3189;1967;1,000000000000000000000
3212;1117;0,333333333333333333333
3212;113392;0,666666666666666666666
3222;4667;0,666666666666666666666
3222;6442;0,333333333333333333333
3223;349;0,333333333333333333333
3223;351;0,333333333333333333333
3223;54879;0,333333333333333333333
3256;567;0,100000000000000000000
3256;1171;0,100000000000000000000
3256;1589;0,100000000000000000000
3256;3450;0,100000000000000000000
3256;8985;0,200000000000000000000
3256;666007;0,200000000000000000000
3256;789157;0,200000000000000000000
3265;1713;1,000000000000000000000
3278;4100;0,500000000000000000000
3278;10255;0,500000000000000000000
3294;1974;1,000000000000000000000
3296;192;0,500000000000000000000
3296;5214;0,500000000000000000000
3304;12375;1,000000000000000000000
3318;108;0,500000000000000000000
3318;817;0,500000000000000000000
3394;27763;1,000000000000000000000
3395;1988;0,181818181818181818181
3395;5640;0,090909090909090909090
3395;474028;0,272727272727272727272
3395;1031916;0,454545454545454545454
3414;4262;1,000000000000000000000
3420;747;0,333333333333333333333
3420;774;0,333333333333333333333
3420;3829;0,333333333333333333333
3427;1629;0,250000000000000000000
3427;8213;0,250000000000000000000
3427;114536;0,500000000000000000000
3429;279;0,333333333333333333333
3429;2655;0,333333333333333333333
3429;4613;0,333333333333333333333
3433;1089;1,000000000000000000000
3443;668;1,000000000000000000000
3449;24;0,333333333333333333333
3449;5646;0,333333333333333333333
3449;17549;0,333333333333333333333
3450;3256;0,500000000000000000000
3450;10175;0,500000000000000000000
3458;3694;0,500000000000000000000
3458;12572;0,500000000000000000000
3465;2993;0,666666666666666666666
3465;743909;0,333333333333333333333
3477;418;1,000000000000000000000
3515;668;0,500000000000000000000
3515;547708;0,500000000000000000000
3586;248834;1,000000000000000000000
3587;1938;1,000000000000000000000
3601;1988;0,500000000000000000000
3601;4881;0,500000000000000000000
3647;1906;1,000000000000000000000
3656;9106;1,000000000000000000000
3657;1254;0,500000000000000000000
3657;5657;0,500000000000000000000
3665;7578;1,000000000000000000000
3714;2779;0,333333333333333333333
3714;4979;0,666666666666666666666
3753;96;0,250000000000000000000
3753;1141;0,500000000000000000000
3753;5578;0,250000000000000000000
3768;1906;1,000000000000000000000
3800;1121;1,000000000000000000000
3802;183;0,666666666666666666666
3802;5679;0,333333333333333333333
3809;2001;1,000000000000000000000
3825;2494;0,333333333333333333333
3825;547708;0,666666666666666666666
3829;3420;1,000000000000000000000
3842;1459;0,333333333333333333333
3842;5010;0,666666666666666666666
3876;1033;0,200000000000000000000
3876;2554;0,200000000000000000000
3876;9352;0,400000000000000000000
3876;11680;0,200000000000000000000
3944;266;1,000000000000000000000
3968;2433;1,000000000000000000000
3971;4697;1,000000000000000000000
3975;1949;1,000000000000000000000
3983;28;0,166666666666666666666
3983;2054;0,833333333333333333333
3993;2129;1,000000000000000000000
3996;2355;0,200000000000000000000
3996;2479;0,200000000000000000000
3996;3141;0,200000000000000000000
3996;6045;0,200000000000000000000
3996;6513;0,200000000000000000000
4020;602;0,500000000000000000000
4020;2991;0,250000000000000000000
4020;3189;0,250000000000000000000
4048;26251;1,000000000000000000000
4070;9391;1,000000000000000000000
4100;2544;0,500000000000000000000
4100;4522;0,500000000000000000000
4108;1588;0,500000000000000000000
4108;5093;0,500000000000000000000
4148;2731;1,000000000000000000000
4179;213;0,333333333333333333333
4179;2176;0,333333333333333333333
4179;50332;0,333333333333333333333
4225;520;0,166666666666666666666
4225;761;0,166666666666666666666
4225;2235;0,166666666666666666666
4225;5666;0,166666666666666666666
4225;6048;0,333333333333333333333
4229;642;1,000000000000000000000
4244;54;1,000000000000000000000
4245;1700;1,000000000000000000000
4262;911;0,057142857142857142857
4262;3145;0,028571428571428571428
4262;3414;0,914285714285714285714
4268;9730;1,000000000000000000000
4271;5691;1,000000000000000000000
4278;349;0,250000000000000000000
4278;538;0,500000000000000000000
4278;1850;0,250000000000000000000
4280;4281;1,000000000000000000000
4281;492;0,111111111111111111111
4281;4280;0,777777777777777777777
4281;5679;0,111111111111111111111
4299;1597;1,000000000000000000000
4307;613;0,500000000000000000000
4307;4345;0,500000000000000000000
4355;2484;0,250000000000000000000
4355;9468;0,750000000000000000000
4359;2834;0,600000000000000000000
4359;4777;0,200000000000000000000
4359;59841;0,200000000000000000000
4376;1570;0,125000000000000000000
4376;1827;0,375000000000000000000
4376;2713;0,125000000000000000000
4376;10020;0,125000000000000000000
4376;189452;0,250000000000000000000
4377;547;1,000000000000000000000
4380;2385;1,000000000000000000000
4398;101;1,000000000000000000000
4424;4438;1,000000000000000000000
4458;14899;1,000000000000000000000
4461;7275;1,000000000000000000000
4513;9967;1,000000000000000000000
4518;2130;0,200000000000000000000
4518;17521;0,200000000000000000000
4518;27416;0,200000000000000000000
4518;931417;0,200000000000000000000
4518;1107578;0,200000000000000000000
4522;4100;0,666666666666666666666
4522;10255;0,333333333333333333333
4552;41;0,500000000000000000000
4552;1261;0,500000000000000000000
4561;528;0,666666666666666666666
4561;1897;0,333333333333333333333
4576;1083;0,500000000000000000000
4576;17678;0,500000000000000000000
4578;13814;1,000000000000000000000
4627;1069;1,000000000000000000000
4638;12;1,000000000000000000000
4681;956;1,000000000000000000000
4713;251;0,666666666666666666666
4713;1583;0,222222222222222222222
4713;2009;0,111111111111111111111
4719;810;0,090909090909090909090
4719;859;0,090909090909090909090
4719;1713;0,090909090909090909090
4719;4293;0,090909090909090909090
4719;5004;0,090909090909090909090
4719;5464;0,136363636363636363636
4719;15444;0,090909090909090909090
4719;59841;0,045454545454545454545
4719;1048032;0,090909090909090909090
4719;1107479;0,181818181818181818181
4720;5629;1,000000000000000000000
4748;7560;0,500000000000000000000
4748;8633;0,500000000000000000000
4777;2834;1,000000000000000000000
4794;5915;1,000000000000000000000
4821;983;0,500000000000000000000
4821;1141;0,500000000000000000000
4825;96;0,333333333333333333333
4825;237;0,333333333333333333333
4825;1156;0,333333333333333333333
4876;4877;0,500000000000000000000
4876;5626;0,500000000000000000000
4877;347;0,500000000000000000000
4877;4090;0,500000000000000000000
4935;2288;1,000000000000000000000
4979;3714;1,000000000000000000000
5029;131;1,000000000000000000000
5061;5613;1,000000000000000000000
5071;854;0,250000000000000000000
5071;1391;0,750000000000000000000
5089;131;0,250000000000000000000
5089;211;0,250000000000000000000
5089;2200;0,250000000000000000000
5089;4268;0,250000000000000000000
5093;4307;1,000000000000000000000
5148;115;0,400000000000000000000
5148;1286;0,600000000000000000000
5149;7111;1,000000000000000000000
5264;547;0,250000000000000000000
5264;1676;0,375000000000000000000
5264;3071;0,250000000000000000000
5264;5350;0,125000000000000000000
5289;1274;0,400000000000000000000
5289;1868;0,200000000000000000000
5289;9691;0,200000000000000000000
5289;281170;0,200000000000000000000
5338;4274;0,500000000000000000000
5338;5245;0,500000000000000000000
5360;3394;1,000000000000000000000
5392;12441;0,500000000000000000000
5392;771300;0,500000000000000000000
5395;2817;1,000000000000000000000
5440;2434;0,045454545454545454545
5440;5441;0,090909090909090909090
5440;15895;0,863636363636363636363
5449;443;1,000000000000000000000
5464;1963;0,333333333333333333333
5464;3557;0,333333333333333333333
5464;4293;0,333333333333333333333
5481;11741;1,000000000000000000000
5521;475;1,000000000000000000000
5530;9396;1,000000000000000000000
5543;7131;0,750000000000000000000
5543;9905;0,250000000000000000000
5564;5698;1,000000000000000000000
5607;835;1,000000000000000000000
5613;1855;0,136363636363636363636
5613;2198;0,045454545454545454545
5613;2851;0,636363636363636363636
5613;5061;0,090909090909090909090
5613;8062;0,045454545454545454545
5613;21005;0,045454545454545454545
5616;4825;0,500000000000000000000
5616;5679;0,500000000000000000000
5622;6511;0,500000000000000000000
5622;16815;0,500000000000000000000
5626;713;0,500000000000000000000
5626;2137;0,250000000000000000000
5626;4876;0,250000000000000000000
5638;846;1,000000000000000000000
5640;2684;0,333333333333333333333
5640;10188;0,666666666666666666666
5643;5338;1,000000000000000000000
5651;2491;1,000000000000000000000
5666;852;0,500000000000000000000
5666;20801;0,500000000000000000000
5681;398786;1,000000000000000000000
5691;242;0,500000000000000000000
5691;866;0,250000000000000000000
5691;284854;0,250000000000000000000
5693;997;1,000000000000000000000
5698;5564;1,000000000000000000000
5753;380;0,052631578947368421052
5753;492;0,052631578947368421052
5753;1282;0,052631578947368421052
5753;1321;0,105263157894736842105
5753;1453;0,052631578947368421052
5753;1632;0,052631578947368421052
5753;1693;0,052631578947368421052
5753;1697;0,052631578947368421052
5753;1703;0,052631578947368421052
5753;1705;0,052631578947368421052
5753;1708;0,052631578947368421052
5753;1769;0,052631578947368421052
5753;2008;0,052631578947368421052
5753;7994;0,105263157894736842105
5753;8580;0,052631578947368421052
5753;10093;0,052631578947368421052
5753;28777;0,052631578947368421052
5784;3650;1,000000000000000000000
5886;8465;1,000000000000000000000
5922;5519;1,000000000000000000000
5967;1946;1,000000000000000000000
6000;120;0,090909090909090909090
6000;392;0,090909090909090909090
6000;410;0,090909090909090909090
6000;414;0,090909090909090909090
6000;415;0,090909090909090909090
6000;1727;0,090909090909090909090
6000;2140;0,090909090909090909090
6000;2822;0,090909090909090909090
6000;3513;0,090909090909090909090
6000;4078;0,090909090909090909090
6000;8566;0,090909090909090909090
6027;16786;1,000000000000000000000
6045;3996;1,000000000000000000000
6048;793;0,200000000000000000000
6048;4225;0,800000000000000000000
6130;2792;1,000000000000000000000
6164;642;0,333333333333333333333
6164;8539;0,666666666666666666666
6189;5437;1,000000000000000000000
6219;629364;1,000000000000000000000
6234;20801;1,000000000000000000000
6316;119;1,000000000000000000000
6406;9419;1,000000000000000000000
6430;390;0,666666666666666666666
6430;21112;0,333333333333333333333
6433;3842;1,000000000000000000000
6440;74;0,166666666666666666666
6440;1889;0,166666666666666666666
6440;3753;0,166666666666666666666
6440;3857;0,166666666666666666666
6440;5578;0,166666666666666666666
6440;67275;0,166666666666666666666
6442;3222;0,333333333333333333333
6442;468947;0,666666666666666666666
6461;393418;1,000000000000000000000
6503;2736;1,000000000000000000000
6509;135;0,400000000000000000000
6509;827;0,200000000000000000000
6509;6518;0,200000000000000000000
6509;9846;0,200000000000000000000
6511;829;0,600000000000000000000
6511;3145;0,200000000000000000000
6511;5622;0,200000000000000000000
6567;475;0,428571428571428571428
6567;1462;0,285714285714285714285
6567;6130;0,142857142857142857142
6567;12706;0,142857142857142857142
6627;5679;1,000000000000000000000
6634;1064;1,000000000000000000000
6666;4553;0,500000000000000000000
6666;4881;0,500000000000000000000
6693;27870;0,500000000000000000000
6693;28970;0,500000000000000000000
6723;135;0,333333333333333333333
6723;1156;0,166666666666666666666
6723;1967;0,500000000000000000000
6773;13176;0,500000000000000000000
6773;394755;0,500000000000000000000
6788;1897;1,000000000000000000000
6929;3169;0,857142857142857142857
6929;4991;0,142857142857142857142
6930;638;0,333333333333333333333
6930;1135;0,333333333333333333333
6930;3667;0,333333333333333333333
7049;1570;0,166666666666666666666
7049;1583;0,666666666666666666666
7049;10020;0,166666666666666666666
7095;778;0,500000000000000000000
7095;8373;0,250000000000000000000
7095;9288;0,250000000000000000000
7111;551;1,000000000000000000000
7126;178;1,000000000000000000000
7130;420;0,142857142857142857142
7130;845;0,142857142857142857142
7130;846;0,285714285714285714285
7130;1681;0,285714285714285714285
7130;2834;0,142857142857142857142
7131;5543;0,800000000000000000000
7131;9905;0,200000000000000000000
7135;441;0,500000000000000000000
7135;12591;0,500000000000000000000
7160;2661;0,750000000000000000000
7160;2714;0,250000000000000000000
7209;320;1,000000000000000000000
7434;5149;1,000000000000000000000
7543;551;0,022727272727272727272
7543;600;0,068181818181818181818
7543;1344;0,022727272727272727272
7543;1898;0,022727272727272727272
7543;2743;0,090909090909090909090
7543;2786;0,090909090909090909090
7543;3007;0,022727272727272727272
7543;3420;0,045454545454545454545
7543;4587;0,068181818181818181818
7543;7975;0,045454545454545454545
7543;12959;0,045454545454545454545
7543;27613;0,068181818181818181818
7543;152027;0,363636363636363636363
7543;329272;0,022727272727272727272
7560;4748;1,000000000000000000000
7564;866;1,000000000000000000000
7574;7780;1,000000000000000000000
7578;829;0,200000000000000000000
7578;1182;0,400000000000000000000
7578;3665;0,200000000000000000000
7578;4497;0,200000000000000000000
7671;1344;1,000000000000000000000
7672;3220;1,000000000000000000000
7686;4160;1,000000000000000000000
7741;5012;1,000000000000000000000
7774;2182;0,500000000000000000000
7774;2196;0,500000000000000000000
7994;934;0,500000000000000000000
7994;5753;0,500000000000000000000
8017;128325;1,000000000000000000000
8050;157662;1,000000000000000000000
8051;694;1,000000000000000000000
8062;17584;0,500000000000000000000
8062;37812;0,500000000000000000000
8090;2223;0,500000000000000000000
8090;9807;0,500000000000000000000
8095;285;1,000000000000000000000
8106;1713;1,000000000000000000000
8143;2504;1,000000000000000000000
8163;2551;1,000000000000000000000
8164;1984;1,000000000000000000000
8175;13;1,000000000000000000000
8229;113392;1,000000000000000000000
8281;1925;1,000000000000000000000
8440;1182;0,500000000000000000000
8440;1778;0,500000000000000000000
8442;8473;1,000000000000000000000
8465;61;0,011904761904761904761
8465;66;0,011904761904761904761
8465;240;0,011904761904761904761
8465;362;0,011904761904761904761
8465;475;0,011904761904761904761
8465;479;0,011904761904761904761
8465;520;0,011904761904761904761
8465;525;0,011904761904761904761
8465;706;0,011904761904761904761
8465;793;0,011904761904761904761
8465;852;0,011904761904761904761
8465;999;0,011904761904761904761
8465;1002;0,011904761904761904761
8465;1012;0,011904761904761904761
8465;1016;0,011904761904761904761
8465;1020;0,011904761904761904761
8465;1077;0,011904761904761904761
8465;1107;0,011904761904761904761
8465;1171;0,011904761904761904761
8465;1180;0,011904761904761904761
8465;1313;0,011904761904761904761
8465;1314;0,011904761904761904761
8465;1315;0,023809523809523809523
8465;1556;0,011904761904761904761
8465;1748;0,011904761904761904761
8465;1938;0,011904761904761904761
8465;2306;0,011904761904761904761
8465;2490;0,011904761904761904761
8465;2491;0,011904761904761904761
8465;2642;0,011904761904761904761
8465;2746;0,011904761904761904761
8465;2791;0,011904761904761904761
8465;2815;0,011904761904761904761
8465;3033;0,011904761904761904761
8465;3038;0,011904761904761904761
8465;3374;0,011904761904761904761
8465;3590;0,011904761904761904761
8465;3826;0,011904761904761904761
8465;3827;0,011904761904761904761
8465;3905;0,011904761904761904761
8465;4219;0,011904761904761904761
8465;4242;0,011904761904761904761
8465;4292;0,011904761904761904761
8465;4497;0,011904761904761904761
8465;4706;0,011904761904761904761
8465;4835;0,011904761904761904761
8465;4976;0,011904761904761904761
8465;4991;0,011904761904761904761
8465;4995;0,011904761904761904761
8465;4998;0,011904761904761904761
8465;4999;0,011904761904761904761
8465;5001;0,011904761904761904761
8465;5002;0,011904761904761904761
8465;5003;0,011904761904761904761
8465;5005;0,011904761904761904761
8465;5011;0,011904761904761904761
8465;5013;0,011904761904761904761
8465;5016;0,011904761904761904761
8465;5019;0,011904761904761904761
8465;5666;0,011904761904761904761
8465;5681;0,011904761904761904761
8465;5886;0,023809523809523809523
8465;5921;0,011904761904761904761
8465;5935;0,011904761904761904761
8465;6483;0,011904761904761904761
8465;8438;0,011904761904761904761
8465;8442;0,011904761904761904761
8465;8449;0,011904761904761904761
8465;8458;0,011904761904761904761
8465;8460;0,011904761904761904761
8465;8462;0,011904761904761904761
8465;8470;0,011904761904761904761
8465;8473;0,011904761904761904761
8465;8476;0,011904761904761904761
8465;9481;0,011904761904761904761
8465;9482;0,011904761904761904761
8465;12596;0,011904761904761904761
8465;21271;0,011904761904761904761
8465;24098;0,011904761904761904761
8465;24099;0,011904761904761904761
8465;28617;0,011904761904761904761
8465;310049;0,011904761904761904761
8473;479;0,666666666666666666666
8473;8442;0,333333333333333333333
8623;1419;0,500000000000000000000
8623;2644;0,125000000000000000000
8623;3665;0,375000000000000000000
8648;266;1,000000000000000000000
8756;1085;1,000000000000000000000
8805;1867;1,000000000000000000000
8827;8865;1,000000000000000000000
8858;89703;1,000000000000000000000
8865;8827;1,000000000000000000000
8899;2367;1,000000000000000000000
8910;1439;0,333333333333333333333
8910;50332;0,333333333333333333333
8910;50959;0,166666666666666666666
8910;189452;0,166666666666666666666
8912;3104;1,000000000000000000000
8985;3256;0,666666666666666666666
8985;374246;0,333333333333333333333
9114;1824;1,000000000000000000000
9184;4240;0,500000000000000000000
9184;5530;0,500000000000000000000
9338;360;0,250000000000000000000
9338;844;0,250000000000000000000
9338;13178;0,500000000000000000000
9352;3876;1,000000000000000000000
9367;681;1,000000000000000000000
9380;1723;1,000000000000000000000
9391;65;1,000000000000000000000
9396;5530;1,000000000000000000000
9402;65;1,000000000000000000000
9412;1121;1,000000000000000000000
9415;7767;1,000000000000000000000
9431;1838;1,000000000000000000000
9434;883;1,000000000000000000000
9657;285;1,000000000000000000000
9722;1227;0,333333333333333333333
9722;1597;0,666666666666666666666
9968;2487;1,000000000000000000000
10020;17388;1,000000000000000000000
10085;1824;1,000000000000000000000
10109;1639;1,000000000000000000000
10175;3450;1,000000000000000000000
10188;135;0,166666666666666666666
10188;1234;0,083333333333333333333
10188;1277;0,083333333333333333333
10188;2111;0,500000000000000000000
10188;3802;0,083333333333333333333
10188;5640;0,083333333333333333333
10255;1083;0,666666666666666666666
10255;1959;0,333333333333333333333
10602;351;0,250000000000000000000
10602;817;0,250000000000000000000
10602;3223;0,250000000000000000000
10602;276780;0,250000000000000000000
10658;10338;1,000000000000000000000
10672;379;1,000000000000000000000
10682;3188;1,000000000000000000000
10740;883;1,000000000000000000000
10860;2678;1,000000000000000000000
11213;4625;1,000000000000000000000
11330;4244;1,000000000000000000000
11369;2287;0,500000000000000000000
11369;2425;0,500000000000000000000
11680;2554;0,333333333333333333333
11680;3045;0,333333333333333333333
11680;3876;0,333333333333333333333
11863;4058;0,100000000000000000000
11863;5218;0,100000000000000000000
11863;7660;0,200000000000000000000
11863;10941;0,100000000000000000000
11863;13472;0,100000000000000000000
11863;13502;0,100000000000000000000
11863;27823;0,100000000000000000000
11863;27974;0,100000000000000000000
11863;28039;0,100000000000000000000
12159;1092;1,000000000000000000000
12165;1609;1,000000000000000000000
12375;6765;1,000000000000000000000
12387;10103;1,000000000000000000000
12388;244;1,000000000000000000000
12497;6693;1,000000000000000000000
12670;908617;1,000000000000000000000
12768;3940;1,000000000000000000000
12798;1044;0,500000000000000000000
12798;525330;0,500000000000000000000
12880;4553;1,000000000000000000000
12964;1322;0,666666666666666666666
12964;3331;0,333333333333333333333
13006;16644;0,500000000000000000000
13006;352420;0,500000000000000000000
13054;925;1,000000000000000000000
13141;37;0,100000000000000000000
13141;38;0,050000000000000000000
13141;179;0,050000000000000000000
13141;568;0,050000000000000000000
13141;609;0,050000000000000000000
13141;920;0,050000000000000000000
13141;1724;0,050000000000000000000
13141;1877;0,050000000000000000000
13141;1892;0,050000000000000000000
13141;3212;0,050000000000000000000
13141;3518;0,050000000000000000000
13141;6461;0,050000000000000000000
13141;7215;0,050000000000000000000
13141;7521;0,050000000000000000000
13141;12755;0,050000000000000000000
13141;331627;0,050000000000000000000
13141;365531;0,050000000000000000000
13141;365532;0,050000000000000000000
13141;365533;0,050000000000000000000
13176;681;0,666666666666666666666
13176;6773;0,333333333333333333333
13253;1988;0,285714285714285714285
13253;2474;0,142857142857142857142
13253;4825;0,142857142857142857142
13253;4881;0,142857142857142857142
13253;229072;0,142857142857142857142
13253;257563;0,142857142857142857142
13265;2052;0,500000000000000000000
13265;5214;0,500000000000000000000
13291;3508;1,000000000000000000000
13335;423;0,027027027027027027027
13335;4344;0,027027027027027027027
13335;14742;0,945945945945945945945
13396;431565;1,000000000000000000000
13398;266;0,500000000000000000000
13398;2383;0,500000000000000000000
13452;37;0,750000000000000000000
13452;28615;0,250000000000000000000
13579;980;1,000000000000000000000
13584;8878;1,000000000000000000000
13704;2137;1,000000000000000000000
13799;1344;0,500000000000000000000
13799;5657;0,500000000000000000000
13899;1083;0,500000000000000000000
13899;9510;0,500000000000000000000
14073;2503;1,000000000000000000000
14151;1510;0,111111111111111111111
14151;1850;0,111111111111111111111
14151;7131;0,111111111111111111111
14151;12436;0,111111111111111111111
14151;14323;0,222222222222222222222
14151;16815;0,111111111111111111111
14151;247698;0,222222222222222222222
15222;2275;1,000000000000000000000
15444;4719;1,000000000000000000000
15643;71;0,017857142857142857142
15643;131;0,017857142857142857142
15643;135;0,017857142857142857142
15643;194;0,017857142857142857142
15643;277;0,017857142857142857142
15643;296;0,017857142857142857142
15643;352;0,017857142857142857142
15643;354;0,017857142857142857142
15643;404;0,017857142857142857142
15643;425;0,017857142857142857142
15643;427;0,017857142857142857142
15643;749;0,035714285714285714285
15643;796;0,017857142857142857142
15643;1118;0,053571428571428571428
15643;1149;0,053571428571428571428
15643;1180;0,035714285714285714285
15643;1366;0,017857142857142857142
15643;1692;0,035714285714285714285
15643;1942;0,017857142857142857142
15643;1945;0,017857142857142857142
15643;1946;0,017857142857142857142
15643;2112;0,017857142857142857142
15643;2445;0,017857142857142857142
15643;2489;0,017857142857142857142
15643;2504;0,017857142857142857142
15643;2825;0,017857142857142857142
15643;3315;0,017857142857142857142
15643;3446;0,017857142857142857142
15643;3607;0,017857142857142857142
15643;3685;0,035714285714285714285
15643;4004;0,017857142857142857142
15643;4344;0,035714285714285714285
15643;4530;0,017857142857142857142
15643;5071;0,017857142857142857142
15643;6297;0,017857142857142857142
15643;6627;0,017857142857142857142
15643;7605;0,053571428571428571428
15643;9047;0,035714285714285714285
15643;27887;0,035714285714285714285
15643;29085;0,017857142857142857142
15643;41776;0,017857142857142857142
15643;59841;0,017857142857142857142
15643;604246;0,017857142857142857142
15975;9905;1,000000000000000000000
16076;9720;1,000000000000000000000
16217;23730;1,000000000000000000000
16659;2659;1,000000000000000000000
16786;6027;1,000000000000000000000
16815;5622;1,000000000000000000000
17047;1335;1,000000000000000000000
17276;351;1,000000000000000000000
17278;2467;1,000000000000000000000
17549;3105;0,333333333333333333333
17549;9215;0,333333333333333333333
17549;27674;0,333333333333333333333
17678;4576;0,666666666666666666666
17678;28615;0,333333333333333333333
18525;1186;1,000000000000000000000
18641;131383;1,000000000000000000000
19031;7759;1,000000000000000000000
19176;1282;1,000000000000000000000
20393;3395;0,375000000000000000000
20393;5645;0,125000000000000000000
20393;27603;0,125000000000000000000
20393;27610;0,125000000000000000000
20393;27615;0,250000000000000000000
20801;6234;1,000000000000000000000
20915;870;0,333333333333333333333
20915;1563;0,666666666666666666666
21112;1135;1,000000000000000000000
21268;1171;1,000000000000000000000
21514;131383;1,000000000000000000000
21986;28152;1,000000000000000000000
22211;10658;1,000000000000000000000
23775;17678;1,000000000000000000000
23886;2254;1,000000000000000000000
24668;5628;1,000000000000000000000
27343;9846;0,666666666666666666666
27343;10672;0,333333333333333333333
27349;7895;1,000000000000000000000
27416;4518;1,000000000000000000000
27426;9098;0,333333333333333333333
27426;1107578;0,666666666666666666666
27652;4586;1,000000000000000000000
27672;1471;1,000000000000000000000
27674;3105;1,000000000000000000000
27700;2826;1,000000000000000000000
27763;1109;0,333333333333333333333
27763;2052;0,333333333333333333333
27763;3394;0,333333333333333333333
28528;854;0,500000000000000000000
28528;9367;0,500000000000000000000
28615;4629;0,500000000000000000000
28615;13452;0,500000000000000000000
29081;1967;0,666666666666666666666
29081;3393;0,333333333333333333333
30696;2850;1,000000000000000000000
31343;4825;1,000000000000000000000
31885;3176;0,500000000000000000000
31885;184987;0,500000000000000000000
33843;689;1,000000000000000000000
36186;464;1,000000000000000000000
37812;8062;1,000000000000000000000
38589;625;0,500000000000000000000
38589;6203;0,500000000000000000000
44336;2664;1,000000000000000000000
47032;1912;1,000000000000000000000
47352;50332;1,000000000000000000000
48255;1058;1,000000000000000000000
50332;74;0,024390243902439024390
50332;176;0,024390243902439024390
50332;484;0,024390243902439024390
50332;518;0,048780487804878048780
50332;635;0,024390243902439024390
50332;747;0,024390243902439024390
50332;882;0,048780487804878048780
50332;952;0,024390243902439024390
50332;1085;0,024390243902439024390
50332;1406;0,024390243902439024390
50332;1471;0,024390243902439024390
50332;1503;0,024390243902439024390
50332;2559;0,024390243902439024390
50332;2591;0,048780487804878048780
50332;2712;0,024390243902439024390
50332;2734;0,024390243902439024390
50332;3610;0,024390243902439024390
50332;3797;0,024390243902439024390
50332;4179;0,024390243902439024390
50332;5029;0,024390243902439024390
50332;5232;0,024390243902439024390
50332;5534;0,024390243902439024390
50332;6058;0,024390243902439024390
50332;6955;0,024390243902439024390
50332;7322;0,024390243902439024390
50332;8003;0,024390243902439024390
50332;8516;0,024390243902439024390
50332;8910;0,048780487804878048780
50332;9019;0,024390243902439024390
50332;11552;0,024390243902439024390
50332;22211;0,024390243902439024390
50332;38738;0,024390243902439024390
50332;47352;0,024390243902439024390
50332;55041;0,024390243902439024390
50332;136265;0,048780487804878048780
50332;173893;0,024390243902439024390
51102;2713;1,000000000000000000000
54879;276780;1,000000000000000000000
59745;65;0,050000000000000000000
59745;613;0,050000000000000000000
59745;1169;0,550000000000000000000
59745;1939;0,050000000000000000000
59745;59841;0,050000000000000000000
59745;366089;0,150000000000000000000
59745;408414;0,050000000000000000000
59745;1051510;0,050000000000000000000
59841;427;0,071428571428571428571
59841;846;0,071428571428571428571
59841;852;0,071428571428571428571
59841;2697;0,071428571428571428571
59841;2731;0,071428571428571428571
59841;3449;0,071428571428571428571
59841;5245;0,071428571428571428571
59841;5408;0,071428571428571428571
59841;7660;0,071428571428571428571
59841;17549;0,071428571428571428571
59841;23562;0,071428571428571428571
59841;59745;0,071428571428571428571
59841;192866;0,071428571428571428571
59841;764124;0,071428571428571428571
67275;237;1,000000000000000000000
71411;76428;1,000000000000000000000
73134;1574;0,142857142857142857142
73134;29667;0,285714285714285714285
73134;368117;0,571428571428571428571
76428;747;0,333333333333333333333
76428;1205;0,333333333333333333333
76428;81648;0,333333333333333333333
77678;887;0,500000000000000000000
77678;27763;0,500000000000000000000
81648;747;0,500000000000000000000
81648;76428;0,500000000000000000000
89703;8858;1,000000000000000000000
95084;13769;1,000000000000000000000
112062;98841;1,000000000000000000000
113392;131;0,058823529411764705882
113392;296;0,058823529411764705882
113392;660;0,058823529411764705882
113392;846;0,058823529411764705882
113392;1974;0,117647058823529411764
113392;2350;0,411764705882352941176
113392;3212;0,235294117647058823529
113459;3683;1,000000000000000000000
116140;8253;0,857142857142857142857
116140;704910;0,142857142857142857142
119483;1206;1,000000000000000000000
131383;744;0,166666666666666666666
131383;845;0,166666666666666666666
131383;18641;0,166666666666666666666
131383;21514;0,166666666666666666666
131383;398787;0,333333333333333333333
136265;50332;0,500000000000000000000
136265;366347;0,500000000000000000000
140175;2293;1,000000000000000000000
146462;1988;0,200000000000000000000
146462;3601;0,200000000000000000000
146462;4825;0,200000000000000000000
146462;4881;0,200000000000000000000
146462;5622;0,200000000000000000000
160268;2306;1,000000000000000000000
163510;846;0,333333333333333333333
163510;4747;0,333333333333333333333
163510;329272;0,333333333333333333333
179346;119;0,333333333333333333333
179346;657;0,333333333333333333333
179346;2817;0,333333333333333333333
184646;423;1,000000000000000000000
184987;898;0,666666666666666666666
184987;2467;0,333333333333333333333
189452;283;0,142857142857142857142
189452;4376;0,428571428571428571428
189452;8910;0,428571428571428571428
192866;425;0,071428571428571428571
192866;744;0,142857142857142857142
192866;845;0,142857142857142857142
192866;846;0,357142857142857142857
192866;1437;0,142857142857142857142
192866;2396;0,142857142857142857142
193005;1041;0,500000000000000000000
193005;623129;0,500000000000000000000
229072;4881;1,000000000000000000000
248834;3586;1,000000000000000000000
248840;975;0,500000000000000000000
248840;5005;0,500000000000000000000
254306;772;1,000000000000000000000
276780;3223;0,500000000000000000000
276780;17276;0,500000000000000000000
276963;4681;1,000000000000000000000
281170;1868;0,666666666666666666666
281170;3601;0,333333333333333333333
284854;866;0,500000000000000000000
284854;5691;0,500000000000000000000
286660;77;0,250000000000000000000
286660;3033;0,250000000000000000000
286660;9406;0,500000000000000000000
306994;713;1,000000000000000000000
321395;876;1,000000000000000000000
328526;9730;1,000000000000000000000
331627;37;0,500000000000000000000
331627;38;0,500000000000000000000
343074;984;1,000000000000000000000
343358;115;1,000000000000000000000
343424;3401;1,000000000000000000000
347540;66;1,000000000000000000000
349041;194;0,727272727272727272727
349041;628;0,090909090909090909090
349041;1940;0,090909090909090909090
349041;1036379;0,090909090909090909090
349155;373677;1,000000000000000000000
365532;37;1,000000000000000000000
366089;1169;0,250000000000000000000
366089;59745;0,500000000000000000000
366089;906176;0,250000000000000000000
367121;390;0,500000000000000000000
367121;279623;0,500000000000000000000
367451;1949;1,000000000000000000000
373677;15944;0,142857142857142857142
373677;27175;0,142857142857142857142
373677;349155;0,571428571428571428571
373677;383066;0,142857142857142857142
374246;558;0,250000000000000000000
374246;851;0,250000000000000000000
374246;2657;0,250000000000000000000
374246;59745;0,250000000000000000000
377520;2424;1,000000000000000000000
387437;846;1,000000000000000000000
393418;37;0,250000000000000000000
393418;6461;0,750000000000000000000
394755;6773;1,000000000000000000000
398786;2396;0,142857142857142857142
398786;4219;0,142857142857142857142
398786;5681;0,142857142857142857142
398786;131383;0,285714285714285714285
398786;398787;0,285714285714285714285
398787;71;0,043478260869565217391
398787;96;0,043478260869565217391
398787;360;0,086956521739130434782
398787;420;0,086956521739130434782
398787;744;0,043478260869565217391
398787;845;0,086956521739130434782
398787;846;0,086956521739130434782
398787;1065;0,043478260869565217391
398787;1724;0,217391304347826086956
398787;131383;0,130434782608695652173
398787;398786;0,043478260869565217391
398787;623129;0,086956521739130434782
403195;747;1,000000000000000000000
408414;475;0,333333333333333333333
408414;1169;0,500000000000000000000
408414;59745;0,166666666666666666666
431565;2364;0,333333333333333333333
431565;3390;0,166666666666666666666
431565;13396;0,333333333333333333333
431565;1080900;0,166666666666666666666
434991;349;0,125000000000000000000
434991;351;0,250000000000000000000
434991;538;0,250000000000000000000
434991;1340;0,250000000000000000000
434991;1510;0,125000000000000000000
442813;266;0,500000000000000000000
442813;13814;0,500000000000000000000
453859;700;0,333333333333333333333
453859;1110539;0,666666666666666666666
459252;681;0,777777777777777777777
459252;394755;0,222222222222222222222
468947;1092;0,500000000000000000000
468947;6442;0,500000000000000000000
471750;13814;1,000000000000000000000
474028;72;0,166666666666666666666
474028;1569;0,166666666666666666666
474028;3395;0,333333333333333333333
474028;4512;0,166666666666666666666
474028;1080816;0,166666666666666666666
484680;115;1,000000000000000000000
494193;4384;1,000000000000000000000
507180;668;0,666666666666666666666
507180;4173;0,333333333333333333333
508708;2834;0,500000000000000000000
508708;157662;0,500000000000000000000
525330;12798;1,000000000000000000000
533247;846;1,000000000000000000000
533535;237;1,000000000000000000000
547708;3515;0,666666666666666666666
547708;3825;0,333333333333333333333
547774;28226;1,000000000000000000000
584314;8468;1,000000000000000000000
584969;485;1,000000000000000000000
602536;2111;0,750000000000000000000
602536;10188;0,250000000000000000000
623129;425;0,052631578947368421052
623129;744;0,052631578947368421052
623129;845;0,368421052631578947368
623129;846;0,052631578947368421052
623129;982;0,157894736842105263157
623129;1041;0,105263157894736842105
623129;1437;0,052631578947368421052
623129;131383;0,052631578947368421052
623129;192866;0,052631578947368421052
623129;193005;0,052631578947368421052
642255;452;0,062500000000000000000
642255;530;0,062500000000000000000
642255;754;0,062500000000000000000
642255;876;0,562500000000000000000
642255;1025;0,125000000000000000000
642255;1391;0,062500000000000000000
642255;507180;0,062500000000000000000
653504;1864;1,000000000000000000000
693032;281;0,500000000000000000000
693032;1370;0,500000000000000000000
704910;443;0,200000000000000000000
704910;1117;0,800000000000000000000
725179;1124;0,800000000000000000000
725179;1589;0,200000000000000000000
728154;1142637;1,000000000000000000000
743909;945;0,500000000000000000000
743909;3465;0,500000000000000000000
764124;59841;0,666666666666666666666
764124;408414;0,333333333333333333333
765984;550;0,500000000000000000000
765984;2206;0,500000000000000000000
813240;249;0,076923076923076923076
813240;1526;0,153846153846153846153
813240;1898;0,153846153846153846153
813240;2133;0,076923076923076923076
813240;3045;0,076923076923076923076
813240;4747;0,153846153846153846153
813240;12391;0,076923076923076923076
813240;329272;0,230769230769230769230
851827;865;1,000000000000000000000
906176;71;0,125000000000000000000
906176;3523;0,125000000000000000000
906176;366089;0,250000000000000000000
906176;940328;0,500000000000000000000
908617;713;0,500000000000000000000
908617;2137;0,250000000000000000000
908617;12670;0,250000000000000000000
931417;1906;1,000000000000000000000
940328;906176;1,000000000000000000000
1022270;17248;1,000000000000000000000
1031711;1080816;1,000000000000000000000
1031916;3395;0,500000000000000000000
1031916;474028;0,500000000000000000000
1048032;2164;0,250000000000000000000
1048032;4719;0,500000000000000000000
1048032;1107479;0,250000000000000000000
1063091;934;0,285714285714285714285
1063091;1692;0,428571428571428571428
1063091;136664;0,285714285714285714285
1064740;1118;1,000000000000000000000
1071327;131;1,000000000000000000000
1080816;420;0,333333333333333333333
1080816;2972;0,333333333333333333333
1080816;474028;0,333333333333333333333
1082368;266;1,000000000000000000000
1086504;2792;1,000000000000000000000
1101851;1949;0,500000000000000000000
1101851;9762;0,500000000000000000000
1107305;248834;1,000000000000000000000
1107479;4719;1,000000000000000000000
1107578;4518;0,250000000000000000000
1107578;27416;0,750000000000000000000
1110187;1135;0,652173913043478260869
1110187;3496;0,173913043478260869565
1110187;6930;0,173913043478260869565
1110539;837;0,857142857142857142857
1110539;1128679;0,142857142857142857142
1122255;2364;1,000000000000000000000
1128679;700;0,142857142857142857142
1128679;1754;0,142857142857142857142
1128679;747808;0,714285714285714285714
1130242;1988;1,000000000000000000000
1135143;545;0,500000000000000000000
1135143;600;0,500000000000000000000
1142431;360;0,250000000000000000000
1142431;420;0,750000000000000000000
1142637;728154;1,000000000000000000000
