7;119973;1,000000000000000000000
39;1589;1,000000000000000000000
54;1116;0,200000000000000000000
54;1234;0,200000000000000000000
54;1254;0,200000000000000000000
54;1841;0,200000000000000000000
54;2021;0,200000000000000000000
57;2487;1,000000000000000000000
71;194;0,166666666666666666666
71;695;0,166666666666666666666
71;995;0,083333333333333333333
71;1657;0,083333333333333333333
71;1724;0,083333333333333333333
71;1840;0,083333333333333333333
71;2731;0,083333333333333333333
71;3098;0,083333333333333333333
71;3523;0,083333333333333333333
71;59745;0,083333333333333333333
72;20843;1,000000000000000000000
74;17634;1,000000000000000000000
96;249;0,125000000000000000000
96;250;0,125000000000000000000
96;2145;0,375000000000000000000
96;31343;0,125000000000000000000
96;245879;0,125000000000000000000
96;283638;0,125000000000000000000
104;1498;1,000000000000000000000
115;392;0,076923076923076923076
115;490;0,076923076923076923076
115;1727;0,076923076923076923076
115;1855;0,076923076923076923076
115;1949;0,076923076923076923076
115;2822;0,076923076923076923076
115;3481;0,076923076923076923076
115;6468;0,076923076923076923076
115;8818;0,076923076923076923076
115;335189;0,076923076923076923076
115;343358;0,076923076923076923076
115;383630;0,153846153846153846153
135;13;1,000000000000000000000
151;327859;1,000000000000000000000
163;4424;1,000000000000000000000
174;437;0,500000000000000000000
174;492;0,250000000000000000000
174;8213;0,250000000000000000000
189;5329;1,000000000000000000000
213;747;0,714285714285714285714
213;71411;0,142857142857142857142
213;75828;0,142857142857142857142
219;1893;0,250000000000000000000
219;2516;0,250000000000000000000
219;2517;0,250000000000000000000
219;2518;0,250000000000000000000
220;2367;1,000000000000000000000
242;2736;0,666666666666666666666
242;2830;0,333333333333333333333
247;283;1,000000000000000000000
249;3095;0,250000000000000000000
249;3753;0,250000000000000000000
249;4313;0,500000000000000000000
250;96;1,000000000000000000000
263;131;0,166666666666666666666
263;420;0,250000000000000000000
263;425;0,166666666666666666666
263;845;0,083333333333333333333
263;846;0,166666666666666666666
263;1263;0,166666666666666666666
276;277;0,500000000000000000000
276;695;0,500000000000000000000
279;7116;1,000000000000000000000
284;285;0,500000000000000000000
284;3383;0,333333333333333333333
284;8095;0,166666666666666666666
287;2073;1,000000000000000000000
306;1840;1,000000000000000000000
310;2851;1,000000000000000000000
320;2792;0,666666666666666666666
320;7209;0,333333333333333333333
334;641;1,000000000000000000000
341;742;0,750000000000000000000
341;749;0,250000000000000000000
363;5626;1,000000000000000000000
373;2503;1,000000000000000000000
380;1769;1,000000000000000000000
391;396;1,000000000000000000000
392;12563;1,000000000000000000000
393;3049;1,000000000000000000000
398;12563;1,000000000000000000000
407;2140;1,000000000000000000000
412;7906;1,000000000000000000000
420;39;0,028571428571428571428
420;42;0,085714285714285714285
420;2090;0,085714285714285714285
420;4881;0,171428571428571428571
420;6960;0,485714285714285714285
420;59745;0,057142857142857142857
420;494193;0,085714285714285714285
433;1705;0,333333333333333333333
433;4172;0,333333333333333333333
433;283638;0,333333333333333333333
466;9442;1,000000000000000000000
479;240;0,166666666666666666666
479;1171;0,166666666666666666666
479;4379;0,083333333333333333333
479;5013;0,166666666666666666666
479;8442;0,083333333333333333333
479;8460;0,083333333333333333333
479;8473;0,250000000000000000000
484;2598;0,500000000000000000000
484;5029;0,500000000000000000000
492;174;1,000000000000000000000
496;5564;1,000000000000000000000
498;2414;1,000000000000000000000
502;80;0,075000000000000000000
502;219;0,025000000000000000000
502;324;0,025000000000000000000
502;668;0,025000000000000000000
502;876;0,050000000000000000000
502;1130;0,025000000000000000000
502;1131;0,125000000000000000000
502;1248;0,125000000000000000000
502;1893;0,025000000000000000000
502;2516;0,025000000000000000000
502;2517;0,025000000000000000000
502;2518;0,025000000000000000000
502;3443;0,125000000000000000000
502;3515;0,125000000000000000000
502;3625;0,075000000000000000000
502;12333;0,025000000000000000000
502;321395;0,050000000000000000000
502;642255;0,025000000000000000000
504;8223;1,000000000000000000000
524;3356;1,000000000000000000000
526;9396;1,000000000000000000000
529;3523;0,666666666666666666666
529;98841;0,333333333333333333333
538;219;0,250000000000000000000
538;324;0,250000000000000000000
538;351;0,250000000000000000000
538;1340;0,250000000000000000000
547;923;0,500000000000000000000
547;988;0,500000000000000000000
550;1462;1,000000000000000000000
612;389498;1,000000000000000000000
613;4307;1,000000000000000000000
615;248;0,062500000000000000000
615;250;0,062500000000000000000
615;251;0,062500000000000000000
615;285;0,062500000000000000000
615;781;0,062500000000000000000
615;2139;0,062500000000000000000
615;2252;0,062500000000000000000
615;2398;0,062500000000000000000
615;2515;0,062500000000000000000
615;3045;0,062500000000000000000
615;3867;0,062500000000000000000
615;3870;0,062500000000000000000
615;3871;0,062500000000000000000
615;3872;0,062500000000000000000
615;3873;0,062500000000000000000
615;216172;0,062500000000000000000
617;1222;1,000000000000000000000
625;122;0,600000000000000000000
625;6203;0,400000000000000000000
626;1154;1,000000000000000000000
644;1143;1,000000000000000000000
652;547;0,250000000000000000000
652;2800;0,500000000000000000000
652;5613;0,250000000000000000000
662;78108;1,000000000000000000000
668;219;0,333333333333333333333
668;1116;0,333333333333333333333
668;642255;0,333333333333333333333
678;285;1,000000000000000000000
682;681;1,000000000000000000000
689;846;1,000000000000000000000
698;3392;1,000000000000000000000
700;453859;1,000000000000000000000
731;275;0,333333333333333333333
731;15471;0,666666666666666666666
747;213;0,200000000000000000000
747;748;0,200000000000000000000
747;5177;0,100000000000000000000
747;28517;0,100000000000000000000
747;76428;0,100000000000000000000
747;99942;0,100000000000000000000
747;325599;0,200000000000000000000
748;747;0,600000000000000000000
748;76428;0,400000000000000000000
749;341;0,200000000000000000000
749;4219;0,200000000000000000000
749;5679;0,400000000000000000000
749;7478;0,200000000000000000000
758;5011;1,000000000000000000000
771;937;0,333333333333333333333
771;2464;0,333333333333333333333
771;2706;0,333333333333333333333
778;8373;1,000000000000000000000
785;140;1,000000000000000000000
802;3992;1,000000000000000000000
805;3667;1,000000000000000000000
815;1780;0,250000000000000000000
815;7759;0,750000000000000000000
822;4475;1,000000000000000000000
839;1717;0,500000000000000000000
839;4099;0,250000000000000000000
839;4432;0,250000000000000000000
841;2503;1,000000000000000000000
844;2015;1,000000000000000000000
845;1263;1,000000000000000000000
846;689;0,200000000000000000000
846;1437;0,200000000000000000000
846;2731;0,200000000000000000000
846;59841;0,200000000000000000000
846;192866;0,200000000000000000000
854;2844;0,500000000000000000000
854;28528;0,500000000000000000000
861;1583;0,166666666666666666666
861;1827;0,166666666666666666666
861;2139;0,166666666666666666666
861;2990;0,166666666666666666666
861;3045;0,166666666666666666666
861;12907;0,166666666666666666666
882;1810;1,000000000000000000000
887;3394;1,000000000000000000000
938;5679;1,000000000000000000000
955;956;0,500000000000000000000
955;1751;0,500000000000000000000
956;955;1,000000000000000000000
972;1154;0,250000000000000000000
972;1981;0,250000000000000000000
972;2302;0,250000000000000000000
972;4098;0,250000000000000000000
984;472;0,333333333333333333333
984;4553;0,666666666666666666666
995;71;0,600000000000000000000
995;641;0,100000000000000000000
995;1963;0,100000000000000000000
995;2021;0,100000000000000000000
995;3557;0,100000000000000000000
997;1243;0,500000000000000000000
997;3940;0,500000000000000000000
1010;20770;1,000000000000000000000
1041;982;0,500000000000000000000
1041;16497;0,500000000000000000000
1042;982;1,000000000000000000000
1046;1751;1,000000000000000000000
1048;3045;0,200000000000000000000
1048;5484;0,200000000000000000000
1048;283639;0,600000000000000000000
1064;1705;0,666666666666666666666
1064;6634;0,333333333333333333333
1066;878;0,500000000000000000000
1066;5459;0,500000000000000000000
1094;4472;1,000000000000000000000
1109;2050;1,000000000000000000000
1123;9615;1,000000000000000000000
1127;792462;1,000000000000000000000
1131;502;1,000000000000000000000
1135;28932;1,000000000000000000000
1139;458;0,333333333333333333333
1139;2630;0,333333333333333333333
1139;589508;0,333333333333333333333
1140;12563;1,000000000000000000000
1142;2714;1,000000000000000000000
1143;644;1,000000000000000000000
1149;3234;1,000000000000000000000
1153;5158;1,000000000000000000000
1154;283633;1,000000000000000000000
1160;3158;0,166666666666666666666
1160;3656;0,166666666666666666666
1160;6151;0,166666666666666666666
1160;41565;0,166666666666666666666
1160;283638;0,166666666666666666666
1160;353698;0,166666666666666666666
1169;71;0,050000000000000000000
1169;100;0,050000000000000000000
1169;138;0,050000000000000000000
1169;276;0,050000000000000000000
1169;695;0,050000000000000000000
1169;1942;0,050000000000000000000
1169;1943;0,050000000000000000000
1169;1944;0,050000000000000000000
1169;1945;0,050000000000000000000
1169;1946;0,050000000000000000000
1169;3523;0,050000000000000000000
1169;4512;0,050000000000000000000
1169;13537;0,050000000000000000000
1169;20843;0,100000000000000000000
1169;41776;0,050000000000000000000
1169;59745;0,100000000000000000000
1169;98841;0,050000000000000000000
1169;131383;0,050000000000000000000
1174;281;1,000000000000000000000
1175;740;1,000000000000000000000
1184;1255;0,500000000000000000000
1184;13329;0,500000000000000000000
1187;1186;0,666666666666666666666
1187;5753;0,333333333333333333333
1196;727898;1,000000000000000000000
1206;6151;1,000000000000000000000
1216;826;1,000000000000000000000
1220;2422;0,500000000000000000000
1220;13179;0,500000000000000000000
1234;39;0,333333333333333333333
1234;911;0,333333333333333333333
1234;3325;0,333333333333333333333
1243;997;1,000000000000000000000
1261;1262;1,000000000000000000000
1282;8580;1,000000000000000000000
1340;4278;0,500000000000000000000
1340;440509;0,500000000000000000000
1344;179346;1,000000000000000000000
1397;475;1,000000000000000000000
1437;846;1,000000000000000000000
1444;1042;0,500000000000000000000
1444;1771;0,500000000000000000000
1455;267368;1,000000000000000000000
1464;1637;0,500000000000000000000
1464;2712;0,500000000000000000000
1468;6201;1,000000000000000000000
1483;3648;1,000000000000000000000
1487;909;1,000000000000000000000
1500;2191;1,000000000000000000000
1513;1160;1,000000000000000000000
1547;285;0,500000000000000000000
1547;216172;0,500000000000000000000
1556;3519;1,000000000000000000000
1562;1565;0,666666666666666666666
1562;4526;0,333333333333333333333
1565;1321;0,333333333333333333333
1565;1562;0,333333333333333333333
1565;1688;0,333333333333333333333
1567;1887;1,000000000000000000000
1570;3045;1,000000000000000000000
1591;861;0,250000000000000000000
1591;4313;0,250000000000000000000
1591;7030;0,250000000000000000000
1591;10606;0,250000000000000000000
1616;826;1,000000000000000000000
1637;2712;0,500000000000000000000
1637;336640;0,500000000000000000000
1663;1462;1,000000000000000000000
1700;1561;0,500000000000000000000
1700;6940;0,500000000000000000000
1710;3234;1,000000000000000000000
1727;12563;1,000000000000000000000
1729;5168;1,000000000000000000000
1769;380;1,000000000000000000000
1771;1444;0,333333333333333333333
1771;2275;0,333333333333333333333
1771;27066;0,333333333333333333333
1778;5935;1,000000000000000000000
1785;10338;1,000000000000000000000
1799;310;0,500000000000000000000
1799;5776;0,500000000000000000000
1814;2087;0,250000000000000000000
1814;2472;0,250000000000000000000
1814;3392;0,500000000000000000000
1824;9114;1,000000000000000000000
1838;20801;1,000000000000000000000
1840;71;0,500000000000000000000
1840;306;0,500000000000000000000
1854;9686;1,000000000000000000000
1887;1567;1,000000000000000000000
1910;1424;0,500000000000000000000
1910;6130;0,500000000000000000000
1948;827;0,500000000000000000000
1948;2355;0,500000000000000000000
1949;1053;0,200000000000000000000
1949;4102;0,200000000000000000000
1949;4933;0,400000000000000000000
1949;5856;0,200000000000000000000
1985;3774;1,000000000000000000000
1988;1141;0,111111111111111111111
1988;2515;0,111111111111111111111
1988;3219;0,111111111111111111111
1988;4881;0,444444444444444444444
1988;370126;0,111111111111111111111
1988;778335;0,111111111111111111111
1997;428;1,000000000000000000000
2015;844;0,500000000000000000000
2015;1719;0,500000000000000000000
2021;54;0,250000000000000000000
2021;119;0,250000000000000000000
2021;596;0,125000000000000000000
2021;1663;0,125000000000000000000
2021;2792;0,125000000000000000000
2021;5657;0,125000000000000000000
2046;3680;1,000000000000000000000
2050;1109;1,000000000000000000000
2070;5632;1,000000000000000000000
2080;12375;1,000000000000000000000
2087;1814;0,333333333333333333333
2087;3392;0,666666666666666666666
2098;8353;0,500000000000000000000
2098;27349;0,500000000000000000000
2112;749;1,000000000000000000000
2119;3098;1,000000000000000000000
2140;6000;1,000000000000000000000
2145;96;1,000000000000000000000
2150;286660;1,000000000000000000000
2164;14978;1,000000000000000000000
2181;4512;1,000000000000000000000
2191;1500;0,500000000000000000000
2191;9905;0,250000000000000000000
2191;440509;0,250000000000000000000
2195;284855;1,000000000000000000000
2196;1282;1,000000000000000000000
2198;607;1,000000000000000000000
2218;529797;1,000000000000000000000
2269;237;0,714285714285714285714
2269;689;0,142857142857142857142
2269;2133;0,142857142857142857142
2275;1042;0,166666666666666666666
2275;1220;0,166666666666666666666
2275;1771;0,333333333333333333333
2275;6918;0,166666666666666666666
2275;9067;0,166666666666666666666
2287;1041;1,000000000000000000000
2318;5530;1,000000000000000000000
2349;5632;1,000000000000000000000
2350;37;1,000000000000000000000
2355;6496;1,000000000000000000000
2372;545;1,000000000000000000000
2374;689;0,500000000000000000000
2374;6006;0,500000000000000000000
2379;3234;1,000000000000000000000
2383;266;1,000000000000000000000
2436;1129;1,000000000000000000000
2445;3802;1,000000000000000000000
2461;31343;1,000000000000000000000
2464;771;1,000000000000000000000
2479;3141;1,000000000000000000000
2484;3551;1,000000000000000000000
2487;57;0,333333333333333333333
2487;2130;0,666666666666666666666
2503;373;0,500000000000000000000
2503;841;0,500000000000000000000
2515;2139;1,000000000000000000000
2523;3045;1,000000000000000000000
2559;2591;1,000000000000000000000
2592;1340;1,000000000000000000000
2596;1182;1,000000000000000000000
2642;8366;1,000000000000000000000
2678;10860;1,000000000000000000000
2704;1600;1,000000000000000000000
2714;1142;1,000000000000000000000
2739;2736;1,000000000000000000000
2792;320;0,666666666666666666666
2792;5790;0,333333333333333333333
2800;652;1,000000000000000000000
2826;127;0,500000000000000000000
2826;2825;0,500000000000000000000
2830;242;1,000000000000000000000
2834;468;1,000000000000000000000
2990;267;0,333333333333333333333
2990;285;0,333333333333333333333
2990;861;0,333333333333333333333
2991;189452;1,000000000000000000000
3045;1570;1,000000000000000000000
3069;642;0,272727272727272727272
3069;1965;0,727272727272727272727
3071;2337;1,000000000000000000000
3095;249;0,071428571428571428571
3095;396;0,071428571428571428571
3095;522;0,071428571428571428571
3095;891;0,071428571428571428571
3095;1064;0,071428571428571428571
3095;1314;0,071428571428571428571
3095;2080;0,071428571428571428571
3095;2184;0,071428571428571428571
3095;2644;0,071428571428571428571
3095;3096;0,071428571428571428571
3095;3097;0,071428571428571428571
3095;3098;0,071428571428571428571
3095;3099;0,071428571428571428571
3095;3100;0,071428571428571428571
3141;71;0,055555555555555555555
3141;827;0,055555555555555555555
3141;2355;0,055555555555555555555
3141;2479;0,055555555555555555555
3141;2736;0,111111111111111111111
3141;2823;0,111111111111111111111
3141;3142;0,111111111111111111111
3141;3852;0,055555555555555555555
3141;3996;0,055555555555555555555
3141;4159;0,055555555555555555555
3141;4501;0,055555555555555555555
3141;37183;0,055555555555555555555
3141;333343;0,166666666666666666666
3158;547;0,500000000000000000000
3158;7788;0,500000000000000000000
3169;35;0,500000000000000000000
3169;4991;0,500000000000000000000
3182;4293;1,000000000000000000000
3188;2204;1,000000000000000000000
3209;525;1,000000000000000000000
3235;3607;1,000000000000000000000
3304;1514;0,500000000000000000000
3304;2080;0,500000000000000000000
3340;336063;1,000000000000000000000
3355;524;0,500000000000000000000
3355;3356;0,500000000000000000000
3392;698;0,500000000000000000000
3392;2087;0,500000000000000000000
3401;3877;1,000000000000000000000
3403;2779;1,000000000000000000000
3414;4262;0,923076923076923076923
3414;13369;0,076923076923076923076
3420;11138;1,000000000000000000000
3433;1462;1,000000000000000000000
3515;502;1,000000000000000000000
3523;71;0,333333333333333333333
3523;98841;0,666666666666666666666
3574;4853;1,000000000000000000000
3601;4881;1,000000000000000000000
3625;502;1,000000000000000000000
3656;1160;1,000000000000000000000
3680;2046;0,500000000000000000000
3680;9391;0,500000000000000000000
3753;4825;0,750000000000000000000
3753;5578;0,250000000000000000000
3842;1963;0,214285714285714285714
3842;5010;0,428571428571428571428
3842;12441;0,142857142857142857142
3842;20984;0,071428571428571428571
3842;56282;0,142857142857142857142
3872;4187;0,666666666666666666666
3872;4337;0,333333333333333333333
3992;802;1,000000000000000000000
3996;475;1,000000000000000000000
4070;9391;1,000000000000000000000
4099;839;0,333333333333333333333
4099;1498;0,666666666666666666666
4148;1065;0,500000000000000000000
4148;10337;0,500000000000000000000
4225;240;0,066666666666666666666
4225;761;0,066666666666666666666
4225;2374;0,800000000000000000000
4225;9722;0,066666666666666666666
4228;793;0,500000000000000000000
4228;1845;0,500000000000000000000
4262;3414;1,000000000000000000000
4268;13141;1,000000000000000000000
4280;4281;1,000000000000000000000
4307;613;0,750000000000000000000
4307;5093;0,250000000000000000000
4337;3872;1,000000000000000000000
4398;1515;0,333333333333333333333
4398;4592;0,666666666666666666666
4421;216;1,000000000000000000000
4472;1094;1,000000000000000000000
4475;822;0,200000000000000000000
4475;4299;0,200000000000000000000
4475;4430;0,200000000000000000000
4475;4435;0,200000000000000000000
4475;4440;0,200000000000000000000
4497;5484;1,000000000000000000000
4501;440509;1,000000000000000000000
4512;2364;1,000000000000000000000
4553;984;0,250000000000000000000
4553;2302;0,250000000000000000000
4553;443599;0,500000000000000000000
4576;11734;1,000000000000000000000
4592;1515;0,333333333333333333333
4592;2510;0,333333333333333333333
4592;4398;0,333333333333333333333
4621;1364;0,050000000000000000000
4621;1422;0,050000000000000000000
4621;1554;0,050000000000000000000
4621;2005;0,050000000000000000000
4621;2374;0,050000000000000000000
4621;2551;0,050000000000000000000
4621;3029;0,050000000000000000000
4621;3557;0,050000000000000000000
4621;3800;0,050000000000000000000
4621;5093;0,050000000000000000000
4621;5469;0,050000000000000000000
4621;5530;0,050000000000000000000
4621;5854;0,050000000000000000000
4621;6267;0,050000000000000000000
4621;6930;0,050000000000000000000
4621;7564;0,050000000000000000000
4621;7941;0,050000000000000000000
4621;9026;0,050000000000000000000
4621;9940;0,050000000000000000000
4621;25849;0,050000000000000000000
4803;273;0,083333333333333333333
4803;918;0,083333333333333333333
4803;4625;0,083333333333333333333
4803;8044;0,083333333333333333333
4803;17426;0,083333333333333333333
4803;17826;0,083333333333333333333
4803;28457;0,083333333333333333333
4803;278192;0,083333333333333333333
4803;327099;0,083333333333333333333
4803;327859;0,083333333333333333333
4803;366869;0,083333333333333333333
4803;382779;0,083333333333333333333
4825;237;0,500000000000000000000
4825;3753;0,500000000000000000000
4933;367451;1,000000000000000000000
4935;2288;1,000000000000000000000
5071;1180;0,500000000000000000000
5071;12596;0,500000000000000000000
5093;4307;1,000000000000000000000
5142;6444;1,000000000000000000000
5158;1153;1,000000000000000000000
5174;285;1,000000000000000000000
5177;747;1,000000000000000000000
5329;1206;1,000000000000000000000
5392;5037;1,000000000000000000000
5459;1066;1,000000000000000000000
5487;352262;1,000000000000000000000
5506;5915;1,000000000000000000000
5530;2318;1,000000000000000000000
5564;192;0,111111111111111111111
5564;977;0,111111111111111111111
5564;1101;0,111111111111111111111
5564;2046;0,111111111111111111111
5564;5097;0,111111111111111111111
5564;5698;0,111111111111111111111
5564;9387;0,111111111111111111111
5564;9389;0,222222222222222222222
5578;3753;1,000000000000000000000
5603;3877;0,500000000000000000000
5603;366867;0,500000000000000000000
5607;3876;1,000000000000000000000
5610;1913;0,333333333333333333333
5610;59745;0,333333333333333333333
5610;113365;0,333333333333333333333
5632;2349;1,000000000000000000000
5790;12706;1,000000000000000000000
5831;418454;1,000000000000000000000
5851;13644;1,000000000000000000000
5856;12798;1,000000000000000000000
5896;2470;1,000000000000000000000
5915;5506;1,000000000000000000000
5935;1182;0,666666666666666666666
5935;1778;0,333333333333333333333
6000;2140;1,000000000000000000000
6008;4627;1,000000000000000000000
6048;793;1,000000000000000000000
6189;54774;1,000000000000000000000
6201;1468;1,000000000000000000000
6203;625;1,000000000000000000000
6347;10020;1,000000000000000000000
6349;3877;1,000000000000000000000
6444;5142;1,000000000000000000000
6503;2736;0,500000000000000000000
6503;57838;0,500000000000000000000
6543;222;1,000000000000000000000
6567;475;1,000000000000000000000
6581;119;1,000000000000000000000
6627;425;1,000000000000000000000
6634;1064;1,000000000000000000000
6681;3378;1,000000000000000000000
6723;3894;1,000000000000000000000
6773;681;1,000000000000000000000
6929;240;1,000000000000000000000
7049;1570;0,166666666666666666666
7049;1583;0,666666666666666666666
7049;10020;0,166666666666666666666
7106;1065;1,000000000000000000000
7116;279;1,000000000000000000000
7209;320;0,500000000000000000000
7209;2206;0,500000000000000000000
7328;621;0,250000000000000000000
7328;423622;0,750000000000000000000
7543;551;0,022222222222222222222
7543;600;0,044444444444444444444
7543;1344;0,022222222222222222222
7543;1454;0,022222222222222222222
7543;1898;0,044444444444444444444
7543;2743;0,044444444444444444444
7543;2786;0,044444444444444444444
7543;3420;0,044444444444444444444
7543;3685;0,022222222222222222222
7543;5136;0,044444444444444444444
7543;7717;0,022222222222222222222
7543;7975;0,044444444444444444444
7543;8212;0,022222222222222222222
7543;12959;0,044444444444444444444
7543;15737;0,022222222222222222222
7543;23759;0,022222222222222222222
7543;152027;0,422222222222222222222
7543;329272;0,044444444444444444444
7560;15471;1,000000000000000000000
7564;1364;0,052631578947368421052
7564;1422;0,052631578947368421052
7564;1554;0,052631578947368421052
7564;2005;0,052631578947368421052
7564;2374;0,052631578947368421052
7564;2551;0,052631578947368421052
7564;3029;0,052631578947368421052
7564;3800;0,052631578947368421052
7564;4621;0,052631578947368421052
7564;5093;0,052631578947368421052
7564;5469;0,052631578947368421052
7564;5530;0,052631578947368421052
7564;5854;0,052631578947368421052
7564;6267;0,052631578947368421052
7564;6930;0,052631578947368421052
7564;7941;0,052631578947368421052
7564;9026;0,052631578947368421052
7564;9940;0,052631578947368421052
7564;25849;0,052631578947368421052
7578;1182;1,000000000000000000000
7586;151;1,000000000000000000000
7626;248840;1,000000000000000000000
7713;277;0,500000000000000000000
7713;189452;0,500000000000000000000
7759;815;0,500000000000000000000
7759;1780;0,500000000000000000000
7968;37;0,500000000000000000000
7968;475;0,500000000000000000000
7983;1462;1,000000000000000000000
8081;3372;1,000000000000000000000
8373;778;0,500000000000000000000
8373;805;0,500000000000000000000
8440;1182;1,000000000000000000000
8447;418454;1,000000000000000000000
8464;4991;1,000000000000000000000
8465;566989;1,000000000000000000000
8580;475;0,333333333333333333333
8580;1282;0,666666666666666666666
8666;28538;1,000000000000000000000
8787;8786;1,000000000000000000000
8850;2;0,500000000000000000000
8850;2421;0,500000000000000000000
8869;16815;1,000000000000000000000
9208;284854;1,000000000000000000000
9350;260;0,200000000000000000000
9350;1145;0,200000000000000000000
9350;13584;0,200000000000000000000
9350;26479;0,200000000000000000000
9350;28894;0,200000000000000000000
9382;2214;0,333333333333333333333
9382;151009;0,666666666666666666666
9389;5564;1,000000000000000000000
9391;3680;0,500000000000000000000
9391;4070;0,500000000000000000000
9396;526;1,000000000000000000000
9615;1123;1,000000000000000000000
9668;1439;1,000000000000000000000
9674;25230;1,000000000000000000000
9681;28598;1,000000000000000000000
9686;1854;1,000000000000000000000
9722;1227;0,714285714285714285714
9722;4225;0,285714285714285714285
9940;964;1,000000000000000000000
10241;4991;1,000000000000000000000
10338;1785;1,000000000000000000000
10352;1612;1,000000000000000000000
10892;3251;1,000000000000000000000
11213;2043;1,000000000000000000000
11369;27063;1,000000000000000000000
11476;1567;1,000000000000000000000
12156;547;0,038461538461538461538
12156;689;0,038461538461538461538
12156;853;0,076923076923076923076
12156;1319;0,076923076923076923076
12156;1717;0,038461538461538461538
12156;4336;0,038461538461538461538
12156;4425;0,038461538461538461538
12156;4430;0,076923076923076923076
12156;4470;0,038461538461538461538
12156;4772;0,076923076923076923076
12156;5526;0,038461538461538461538
12156;7480;0,038461538461538461538
12156;8568;0,038461538461538461538
12156;8873;0,076923076923076923076
12156;9090;0,038461538461538461538
12156;13622;0,076923076923076923076
12156;27862;0,038461538461538461538
12156;40028;0,038461538461538461538
12156;122436;0,076923076923076923076
12395;1554;1,000000000000000000000
12596;1180;1,000000000000000000000
12706;5790;1,000000000000000000000
12798;5856;1,000000000000000000000
13141;4522;1,000000000000000000000
13187;549;1,000000000000000000000
13206;659902;1,000000000000000000000
13253;36;0,006666666666666666666
13253;48;0,006666666666666666666
13253;137;0,006666666666666666666
13253;178;0,006666666666666666666
13253;182;0,006666666666666666666
13253;196;0,006666666666666666666
13253;334;0,006666666666666666666
13253;341;0,006666666666666666666
13253;447;0,006666666666666666666
13253;478;0,006666666666666666666
13253;507;0,006666666666666666666
13253;641;0,006666666666666666666
13253;729;0,006666666666666666666
13253;742;0,006666666666666666666
13253;756;0,006666666666666666666
13253;783;0,006666666666666666666
13253;796;0,006666666666666666666
13253;810;0,006666666666666666666
13253;897;0,006666666666666666666
13253;1065;0,006666666666666666666
13253;1104;0,006666666666666666666
13253;1111;0,006666666666666666666
13253;1112;0,006666666666666666666
13253;1113;0,006666666666666666666
13253;1196;0,006666666666666666666
13253;1264;0,006666666666666666666
13253;1415;0,006666666666666666666
13253;1422;0,006666666666666666666
13253;1533;0,006666666666666666666
13253;1556;0,006666666666666666666
13253;1655;0,006666666666666666666
13253;1673;0,006666666666666666666
13253;1713;0,006666666666666666666
13253;1802;0,006666666666666666666
13253;1806;0,006666666666666666666
13253;1848;0,006666666666666666666
13253;1963;0,006666666666666666666
13253;1986;0,006666666666666666666
13253;2090;0,006666666666666666666
13253;2164;0,006666666666666666666
13253;2166;0,006666666666666666666
13253;2244;0,006666666666666666666
13253;2267;0,006666666666666666666
13253;2296;0,006666666666666666666
13253;2393;0,006666666666666666666
13253;2428;0,006666666666666666666
13253;2429;0,006666666666666666666
13253;2458;0,006666666666666666666
13253;2709;0,006666666666666666666
13253;2728;0,006666666666666666666
13253;2731;0,006666666666666666666
13253;2798;0,006666666666666666666
13253;3029;0,006666666666666666666
13253;3082;0,006666666666666666666
13253;3083;0,006666666666666666666
13253;3129;0,006666666666666666666
13253;3182;0,006666666666666666666
13253;3208;0,006666666666666666666
13253;3265;0,006666666666666666666
13253;3426;0,006666666666666666666
13253;3427;0,006666666666666666666
13253;3519;0,006666666666666666666
13253;3557;0,006666666666666666666
13253;3599;0,006666666666666666666
13253;3728;0,006666666666666666666
13253;3776;0,006666666666666666666
13253;3992;0,006666666666666666666
13253;4059;0,006666666666666666666
13253;4148;0,006666666666666666666
13253;4215;0,006666666666666666666
13253;4699;0,006666666666666666666
13253;4754;0,006666666666666666666
13253;4831;0,006666666666666666666
13253;4992;0,006666666666666666666
13253;4993;0,006666666666666666666
13253;4994;0,006666666666666666666
13253;4997;0,006666666666666666666
13253;5000;0,006666666666666666666
13253;5004;0,006666666666666666666
13253;5006;0,006666666666666666666
13253;5008;0,006666666666666666666
13253;5009;0,006666666666666666666
13253;5010;0,006666666666666666666
13253;5014;0,006666666666666666666
13253;5017;0,006666666666666666666
13253;5190;0,006666666666666666666
13253;5380;0,006666666666666666666
13253;5576;0,006666666666666666666
13253;5597;0,006666666666666666666
13253;5869;0,006666666666666666666
13253;5933;0,006666666666666666666
13253;6221;0,006666666666666666666
13253;6342;0,006666666666666666666
13253;6643;0,006666666666666666666
13253;7037;0,006666666666666666666
13253;7057;0,006666666666666666666
13253;7106;0,006666666666666666666
13253;7126;0,006666666666666666666
13253;7765;0,006666666666666666666
13253;7914;0,006666666666666666666
13253;8106;0,006666666666666666666
13253;8113;0,006666666666666666666
13253;8200;0,006666666666666666666
13253;8202;0,006666666666666666666
13253;8225;0,006666666666666666666
13253;8361;0,006666666666666666666
13253;8602;0,006666666666666666666
13253;8702;0,006666666666666666666
13253;9824;0,006666666666666666666
13253;10337;0,006666666666666666666
13253;10744;0,006666666666666666666
13253;11263;0,006666666666666666666
13253;11465;0,006666666666666666666
13253;11902;0,006666666666666666666
13253;13041;0,006666666666666666666
13253;13048;0,006666666666666666666
13253;13200;0,006666666666666666666
13253;13201;0,006666666666666666666
13253;14907;0,006666666666666666666
13253;14978;0,006666666666666666666
13253;15207;0,006666666666666666666
13253;15471;0,006666666666666666666
13253;15721;0,006666666666666666666
13253;17487;0,006666666666666666666
13253;17954;0,006666666666666666666
13253;19187;0,006666666666666666666
13253;19188;0,006666666666666666666
13253;19190;0,006666666666666666666
13253;19192;0,006666666666666666666
13253;19198;0,006666666666666666666
13253;19199;0,006666666666666666666
13253;19200;0,006666666666666666666
13253;19201;0,006666666666666666666
13253;21496;0,006666666666666666666
13253;28165;0,006666666666666666666
13253;28179;0,006666666666666666666
13253;28180;0,006666666666666666666
13253;28221;0,006666666666666666666
13253;29796;0,006666666666666666666
13253;116348;0,006666666666666666666
13253;238453;0,006666666666666666666
13253;239963;0,006666666666666666666
13253;239964;0,006666666666666666666
13253;239965;0,006666666666666666666
13253;239967;0,006666666666666666666
13253;239968;0,006666666666666666666
13253;239969;0,006666666666666666666
13253;239970;0,006666666666666666666
13253;366672;0,006666666666666666666
13253;727898;0,006666666666666666666
13419;8199;1,000000000000000000000
13628;1169;0,500000000000000000000
13628;59745;0,500000000000000000000
13644;5354;0,090909090909090909090
13644;5851;0,181818181818181818181
13644;12165;0,090909090909090909090
13644;12820;0,090909090909090909090
13644;14184;0,090909090909090909090
13644;19582;0,090909090909090909090
13644;27170;0,090909090909090909090
13644;27953;0,090909090909090909090
13644;28017;0,090909090909090909090
13644;28157;0,090909090909090909090
13676;3234;0,500000000000000000000
13676;3870;0,500000000000000000000
13799;5657;1,000000000000000000000
14151;14013;1,000000000000000000000
14465;3142;1,000000000000000000000
15471;282;0,200000000000000000000
15471;477;0,200000000000000000000
15471;731;0,400000000000000000000
15471;7560;0,200000000000000000000
15975;9905;1,000000000000000000000
16644;911;1,000000000000000000000
16665;3155;1,000000000000000000000
16815;8869;1,000000000000000000000
17426;1763;1,000000000000000000000
17596;13599;1,000000000000000000000
17727;988;1,000000000000000000000
19031;7759;1,000000000000000000000
20843;72;0,500000000000000000000
20843;1169;0,500000000000000000000
21112;3022;1,000000000000000000000
21268;4497;1,000000000000000000000
21396;1608;1,000000000000000000000
23759;1681;1,000000000000000000000
24370;724;0,100000000000000000000
24370;941;0,100000000000000000000
24370;942;0,100000000000000000000
24370;1868;0,100000000000000000000
24370;2136;0,100000000000000000000
24370;3005;0,100000000000000000000
24370;5500;0,100000000000000000000
24370;6979;0,100000000000000000000
24370;6981;0,100000000000000000000
24370;7116;0,100000000000000000000
25229;25230;1,000000000000000000000
25230;1894;0,142857142857142857142
25230;6918;0,285714285714285714285
25230;9674;0,428571428571428571428
25230;25229;0,142857142857142857142
26070;945;1,000000000000000000000
27173;190;0,500000000000000000000
27173;5082;0,500000000000000000000
27700;7874;1,000000000000000000000
28017;28027;1,000000000000000000000
28405;2515;1,000000000000000000000
28528;854;1,000000000000000000000
28538;1243;0,250000000000000000000
28538;1459;0,250000000000000000000
28538;8666;0,250000000000000000000
28538;8698;0,250000000000000000000
28661;5470;1,000000000000000000000
30696;2850;1,000000000000000000000
31343;96;0,333333333333333333333
31343;2461;0,666666666666666666666
38589;472;0,086956521739130434782
38589;625;0,434782608695652173913
38589;6203;0,434782608695652173913
38589;8003;0,043478260869565217391
41565;4237;1,000000000000000000000
45837;8870;1,000000000000000000000
56195;2216;1,000000000000000000000
56282;3842;0,500000000000000000000
56282;12441;0,500000000000000000000
59745;71;1,000000000000000000000
59867;899;1,000000000000000000000
65998;2175;0,250000000000000000000
65998;4145;0,250000000000000000000
65998;66075;0,250000000000000000000
65998;715172;0,250000000000000000000
71411;747;0,500000000000000000000
71411;748;0,500000000000000000000
75827;748;0,500000000000000000000
75827;75828;0,250000000000000000000
75827;76428;0,250000000000000000000
76428;747;0,600000000000000000000
76428;748;0,200000000000000000000
76428;75827;0,200000000000000000000
78108;662;1,000000000000000000000
81163;353914;1,000000000000000000000
91818;442814;1,000000000000000000000
98841;3523;1,000000000000000000000
99942;1162;1,000000000000000000000
119973;292;0,500000000000000000000
119973;7975;0,500000000000000000000
133828;138;1,000000000000000000000
144425;278351;1,000000000000000000000
146462;1988;0,500000000000000000000
146462;4881;0,500000000000000000000
160268;1182;1,000000000000000000000
173893;4039;1,000000000000000000000
189452;2991;1,000000000000000000000
192866;846;1,000000000000000000000
216172;285;1,000000000000000000000
239964;85;1,000000000000000000000
247698;113;1,000000000000000000000
248835;8468;1,000000000000000000000
255463;144425;1,000000000000000000000
278351;144425;1,000000000000000000000
283633;2302;0,500000000000000000000
283633;443599;0,500000000000000000000
283638;96;0,200000000000000000000
283638;433;0,200000000000000000000
283638;1695;0,200000000000000000000
283638;1700;0,200000000000000000000
283638;2374;0,200000000000000000000
283639;1048;1,000000000000000000000
284853;16658;1,000000000000000000000
284854;7759;0,142857142857142857142
284854;9208;0,857142857142857142857
284855;2195;1,000000000000000000000
286660;477;0,333333333333333333333
286660;2150;0,333333333333333333333
286660;3033;0,333333333333333333333
308238;7759;1,000000000000000000000
335189;115;1,000000000000000000000
336063;3340;1,000000000000000000000
336640;222;0,500000000000000000000
336640;1637;0,500000000000000000000
347540;45;1,000000000000000000000
352262;5487;1,000000000000000000000
352420;6234;0,666666666666666666666
352420;324897;0,333333333333333333333
366672;4293;1,000000000000000000000
366867;587057;1,000000000000000000000
367451;4933;1,000000000000000000000
387437;1220;1,000000000000000000000
394755;681;1,000000000000000000000
398787;749;1,000000000000000000000
408414;1046;0,400000000000000000000
408414;1169;0,200000000000000000000
408414;1563;0,200000000000000000000
408414;1705;0,200000000000000000000
454754;96;1,000000000000000000000
529797;2218;1,000000000000000000000
604246;26251;1,000000000000000000000
606566;11921;1,000000000000000000000
642255;668;0,125000000000000000000
642255;876;0,375000000000000000000
642255;1129;0,500000000000000000000
791903;1370;1,000000000000000000000
792462;1127;1,000000000000000000000
