48;4831;1,000000000000000000000
54;1565;0,500000000000000000000
54;4041;0,500000000000000000000
65;1066;0,333333333333333333333
65;1122;0,111111111111111111111
65;1286;0,222222222222222222222
65;3085;0,111111111111111111111
65;9421;0,111111111111111111111
65;48255;0,111111111111111111111
71;454;0,142857142857142857142
71;529;0,142857142857142857142
71;846;0,285714285714285714285
71;995;0,142857142857142857142
71;3098;0,142857142857142857142
71;3619;0,142857142857142857142
80;3625;1,000000000000000000000
90;10649;1,000000000000000000000
96;11;0,200000000000000000000
96;85;0,300000000000000000000
96;995;0,200000000000000000000
96;4825;0,100000000000000000000
96;5628;0,100000000000000000000
96;7130;0,100000000000000000000
101;279;1,000000000000000000000
102;4476;1,000000000000000000000
115;392;0,222222222222222222222
115;490;0,333333333333333333333
115;1949;0,111111111111111111111
115;6468;0,222222222222222222222
115;136664;0,111111111111111111111
120;2127;1,000000000000000000000
135;13;0,027777777777777777777
135;111;0,027777777777777777777
135;183;0,055555555555555555555
135;332;0,055555555555555555555
135;749;0,027777777777777777777
135;992;0,055555555555555555555
135;1116;0,027777777777777777777
135;1234;0,027777777777777777777
135;1278;0,027777777777777777777
135;1316;0,027777777777777777777
135;1361;0,027777777777777777777
135;1815;0,055555555555555555555
135;1931;0,083333333333333333333
135;2111;0,027777777777777777777
135;2175;0,027777777777777777777
135;2850;0,027777777777777777777
135;3176;0,027777777777777777777
135;4020;0,083333333333333333333
135;7577;0,083333333333333333333
135;8163;0,027777777777777777777
135;21396;0,138888888888888888888
135;184987;0,027777777777777777777
138;2543;1,000000000000000000000
172;1055;1,000000000000000000000
189;4576;1,000000000000000000000
211;179;1,000000000000000000000
213;747;0,500000000000000000000
213;75827;0,250000000000000000000
213;75828;0,250000000000000000000
224;502;1,000000000000000000000
232;1064;0,666666666666666666666
232;1697;0,333333333333333333333
244;2865;1,000000000000000000000
248;2474;0,500000000000000000000
248;2523;0,500000000000000000000
253;4179;1,000000000000000000000
276;135;0,200000000000000000000
276;695;0,400000000000000000000
276;3085;0,200000000000000000000
276;131383;0,200000000000000000000
279;1271;1,000000000000000000000
283;249;0,333333333333333333333
283;1142;0,166666666666666666666
283;1169;0,166666666666666666666
283;1342;0,166666666666666666666
283;4747;0,166666666666666666666
287;886;0,200000000000000000000
287;1216;0,400000000000000000000
287;2073;0,400000000000000000000
293;1224;1,000000000000000000000
306;5613;0,500000000000000000000
306;6788;0,500000000000000000000
313;8568;0,500000000000000000000
313;8957;0,500000000000000000000
332;452;0,400000000000000000000
332;1174;0,300000000000000000000
332;5071;0,300000000000000000000
334;4215;1,000000000000000000000
339;423;1,000000000000000000000
341;742;1,000000000000000000000
346;3477;1,000000000000000000000
349;1027;1,000000000000000000000
353;779;1,000000000000000000000
375;3417;1,000000000000000000000
379;855;0,500000000000000000000
379;1117;0,500000000000000000000
380;1282;0,250000000000000000000
380;1769;0,750000000000000000000
388;2127;1,000000000000000000000
392;115;0,666666666666666666666
392;2127;0,333333333333333333333
396;5360;1,000000000000000000000
407;904;1,000000000000000000000
411;2961;1,000000000000000000000
418;945;1,000000000000000000000
419;375;0,111111111111111111111
419;396;0,111111111111111111111
419;399;0,111111111111111111111
419;418;0,111111111111111111111
419;945;0,111111111111111111111
419;1221;0,111111111111111111111
419;1894;0,111111111111111111111
419;3465;0,111111111111111111111
419;8396;0,111111111111111111111
420;617;1,000000000000000000000
427;8774;1,000000000000000000000
443;423;0,400000000000000000000
443;1117;0,400000000000000000000
443;12817;0,200000000000000000000
453;1498;1,000000000000000000000
454;71;1,000000000000000000000
464;8762;1,000000000000000000000
485;1663;1,000000000000000000000
490;115;0,500000000000000000000
490;899;0,500000000000000000000
492;1282;1,000000000000000000000
498;1892;1,000000000000000000000
521;793;0,250000000000000000000
521;1554;0,250000000000000000000
521;1938;0,250000000000000000000
521;3800;0,250000000000000000000
526;3188;0,250000000000000000000
526;3607;0,250000000000000000000
526;5530;0,500000000000000000000
538;10602;1,000000000000000000000
541;54;0,250000000000000000000
541;550;0,250000000000000000000
541;3372;0,250000000000000000000
541;3694;0,250000000000000000000
543;886;0,333333333333333333333
543;2352;0,333333333333333333333
543;5528;0,333333333333333333333
546;547;1,000000000000000000000
547;546;1,000000000000000000000
550;541;1,000000000000000000000
551;54;0,500000000000000000000
551;867;0,500000000000000000000
558;2657;1,000000000000000000000
576;3458;0,500000000000000000000
576;4639;0,500000000000000000000
600;2098;0,200000000000000000000
600;3007;0,400000000000000000000
600;7130;0,400000000000000000000
607;886;1,000000000000000000000
617;420;1,000000000000000000000
621;938;0,250000000000000000000
621;1236;0,250000000000000000000
621;2434;0,500000000000000000000
625;122;0,666666666666666666666
625;2302;0,333333333333333333333
628;360;0,285714285714285714285
628;1940;0,428571428571428571428
628;4627;0,285714285714285714285
632;8253;1,000000000000000000000
641;3557;1,000000000000000000000
645;3123;1,000000000000000000000
652;7920;1,000000000000000000000
657;208;1,000000000000000000000
662;78108;1,000000000000000000000
667;668;1,000000000000000000000
668;530;0,285714285714285714285
668;667;0,285714285714285714285
668;933;0,285714285714285714285
668;4173;0,142857142857142857142
669;1169;0,100000000000000000000
669;1500;0,100000000000000000000
669;1956;0,300000000000000000000
669;2191;0,100000000000000000000
669;2506;0,100000000000000000000
669;4245;0,100000000000000000000
669;4268;0,200000000000000000000
675;281;0,500000000000000000000
675;1129;0,500000000000000000000
677;1342;0,500000000000000000000
677;4747;0,500000000000000000000
678;11;1,000000000000000000000
683;681;1,000000000000000000000
689;2374;1,000000000000000000000
695;1169;0,500000000000000000000
695;59745;0,500000000000000000000
698;1814;0,500000000000000000000
698;2087;0,500000000000000000000
700;59745;1,000000000000000000000
708;2991;1,000000000000000000000
733;2925;1,000000000000000000000
740;59;1,000000000000000000000
744;846;1,000000000000000000000
747;213;0,250000000000000000000
747;75827;0,750000000000000000000
748;75827;1,000000000000000000000
749;1168;1,000000000000000000000
758;3563;1,000000000000000000000
763;1234;0,300000000000000000000
763;1235;0,100000000000000000000
763;1237;0,300000000000000000000
763;1277;0,300000000000000000000
768;822;0,500000000000000000000
768;1613;0,500000000000000000000
779;3395;0,250000000000000000000
779;4989;0,500000000000000000000
779;5643;0,250000000000000000000
822;768;0,333333333333333333333
822;4430;0,333333333333333333333
822;4440;0,333333333333333333333
829;1988;0,500000000000000000000
829;3395;0,500000000000000000000
830;4020;1,000000000000000000000
841;466;1,000000000000000000000
845;846;0,333333333333333333333
845;3636;0,333333333333333333333
845;192866;0,333333333333333333333
846;71;0,055555555555555555555
846;283;0,027777777777777777777
846;296;0,027777777777777777777
846;419;0,027777777777777777777
846;657;0,027777777777777777777
846;744;0,027777777777777777777
846;845;0,027777777777777777777
846;1224;0,055555555555555555555
846;1342;0,027777777777777777777
846;2435;0,027777777777777777777
846;2697;0,055555555555555555555
846;2731;0,083333333333333333333
846;2744;0,055555555555555555555
846;2786;0,083333333333333333333
846;2834;0,055555555555555555555
846;2863;0,055555555555555555555
846;3123;0,027777777777777777777
846;3256;0,027777777777777777777
846;3427;0,027777777777777777777
846;3683;0,027777777777777777777
846;5149;0,027777777777777777777
846;7975;0,027777777777777777777
846;8715;0,055555555555555555555
846;23759;0,055555555555555555555
849;2713;0,500000000000000000000
849;3395;0,500000000000000000000
851;3053;1,000000000000000000000
855;543;0,500000000000000000000
855;7911;0,500000000000000000000
861;267;0,571428571428571428571
861;4507;0,428571428571428571428
863;180;1,000000000000000000000
865;2127;1,000000000000000000000
866;970;1,000000000000000000000
867;551;1,000000000000000000000
882;1810;1,000000000000000000000
885;306;0,500000000000000000000
885;2863;0,500000000000000000000
886;287;0,285714285714285714285
886;543;0,428571428571428571428
886;607;0,142857142857142857142
886;1262;0,142857142857142857142
906;57838;1,000000000000000000000
911;960;0,200000000000000000000
911;4281;0,200000000000000000000
911;6581;0,200000000000000000000
911;8500;0,200000000000000000000
911;9409;0,200000000000000000000
918;1027;1,000000000000000000000
923;19419;1,000000000000000000000
938;621;1,000000000000000000000
945;418;0,500000000000000000000
945;1169;0,500000000000000000000
955;1253;0,333333333333333333333
955;1751;0,666666666666666666666
960;911;0,166666666666666666666
960;4281;0,166666666666666666666
960;6581;0,166666666666666666666
960;8500;0,166666666666666666666
960;9409;0,166666666666666666666
960;9806;0,166666666666666666666
965;2147;1,000000000000000000000
970;9386;1,000000000000000000000
977;866;0,666666666666666666666
977;2740;0,333333333333333333333
992;113;0,142857142857142857142
992;1237;0,142857142857142857142
992;1647;0,285714285714285714285
992;2684;0,142857142857142857142
992;115105;0,285714285714285714285
995;71;0,214285714285714285714
995;96;0,214285714285714285714
995;189;0,285714285714285714285
995;1092;0,071428571428571428571
995;1673;0,071428571428571428571
995;8602;0,142857142857142857142
1024;339;0,333333333333333333333
1024;849;0,666666666666666666666
1034;2741;1,000000000000000000000
1041;982;1,000000000000000000000
1044;10740;1,000000000000000000000
1046;4424;1,000000000000000000000
1055;172;1,000000000000000000000
1064;232;0,666666666666666666666
1064;1906;0,333333333333333333333
1066;65;0,333333333333333333333
1066;1169;0,333333333333333333333
1066;1681;0,166666666666666666666
1066;2786;0,166666666666666666666
1082;1083;1,000000000000000000000
1083;38;0,333333333333333333333
1083;7954;0,333333333333333333333
1083;13452;0,333333333333333333333
1109;2146;1,000000000000000000000
1117;443;0,250000000000000000000
1117;1169;0,250000000000000000000
1117;2972;0,250000000000000000000
1117;3395;0,250000000000000000000
1141;1988;0,250000000000000000000
1141;2293;0,250000000000000000000
1141;3633;0,250000000000000000000
1141;5628;0,250000000000000000000
1153;9657;1,000000000000000000000
1154;1981;0,333333333333333333333
1154;2302;0,333333333333333333333
1154;4553;0,333333333333333333333
1160;1190;0,250000000000000000000
1160;3332;0,250000000000000000000
1160;6634;0,500000000000000000000
1165;748;0,500000000000000000000
1165;11552;0,500000000000000000000
1168;1121;0,333333333333333333333
1168;1326;0,333333333333333333333
1168;1939;0,333333333333333333333
1169;71;0,065789473684210526315
1169;100;0,052631578947368421052
1169;276;0,052631578947368421052
1169;420;0,013157894736842105263
1169;695;0,052631578947368421052
1169;696;0,052631578947368421052
1169;982;0,013157894736842105263
1169;1939;0,013157894736842105263
1169;1942;0,052631578947368421052
1169;1943;0,052631578947368421052
1169;1944;0,052631578947368421052
1169;1945;0,052631578947368421052
1169;1946;0,052631578947368421052
1169;2863;0,013157894736842105263
1169;3523;0,052631578947368421052
1169;4512;0,052631578947368421052
1169;59745;0,276315789473684210526
1169;98841;0,026315789473684210526
1173;1454;1,000000000000000000000
1174;332;0,333333333333333333333
1174;530;0,111111111111111111111
1174;675;0,111111111111111111111
1174;718;0,111111111111111111111
1174;754;0,111111111111111111111
1174;876;0,111111111111111111111
1174;1370;0,111111111111111111111
1178;1762;1,000000000000000000000
1190;1160;1,000000000000000000000
1206;13;1,000000000000000000000
1216;287;1,000000000000000000000
1220;9215;1,000000000000000000000
1221;2127;1,000000000000000000000
1224;59841;1,000000000000000000000
1231;6511;1,000000000000000000000
1234;135;0,111111111111111111111
1234;1235;0,222222222222222222222
1234;1236;0,111111111111111111111
1234;1237;0,111111111111111111111
1234;1277;0,333333333333333333333
1234;8623;0,111111111111111111111
1235;1234;0,333333333333333333333
1235;1277;0,333333333333333333333
1235;3393;0,333333333333333333333
1236;190;0,050000000000000000000
1236;407;0,050000000000000000000
1236;521;0,050000000000000000000
1236;527;0,100000000000000000000
1236;621;0,050000000000000000000
1236;763;0,050000000000000000000
1236;827;0,050000000000000000000
1236;1109;0,050000000000000000000
1236;1277;0,100000000000000000000
1236;1326;0,050000000000000000000
1236;1632;0,050000000000000000000
1236;1692;0,050000000000000000000
1236;2054;0,050000000000000000000
1236;2071;0,050000000000000000000
1236;3852;0,050000000000000000000
1236;5012;0,050000000000000000000
1236;9424;0,050000000000000000000
1236;21154;0,050000000000000000000
1237;763;0,333333333333333333333
1237;992;0,333333333333333333333
1237;1234;0,333333333333333333333
1277;980;0,142857142857142857142
1277;1234;0,285714285714285714285
1277;1235;0,214285714285714285714
1277;1236;0,142857142857142857142
1277;1237;0,071428571428571428571
1277;21154;0,142857142857142857142
1282;380;1,000000000000000000000
1286;65;0,142857142857142857142
1286;1754;0,142857142857142857142
1286;2054;0,142857142857142857142
1286;3142;0,142857142857142857142
1286;4020;0,142857142857142857142
1286;7941;0,285714285714285714285
1321;1697;1,000000000000000000000
1325;1114;0,068965517241379310344
1325;1240;0,068965517241379310344
1325;1327;0,068965517241379310344
1325;1328;0,068965517241379310344
1325;1329;0,068965517241379310344
1325;1331;0,068965517241379310344
1325;1334;0,068965517241379310344
1325;1336;0,068965517241379310344
1325;1337;0,068965517241379310344
1325;1338;0,068965517241379310344
1325;1838;0,034482758620689655172
1325;2152;0,068965517241379310344
1325;2153;0,068965517241379310344
1325;15437;0,068965517241379310344
1325;17047;0,068965517241379310344
1331;1337;1,000000000000000000000
1332;1330;1,000000000000000000000
1334;1336;1,000000000000000000000
1335;5367;1,000000000000000000000
1336;1334;0,500000000000000000000
1336;7278;0,500000000000000000000
1337;1331;1,000000000000000000000
1342;249;0,500000000000000000000
1342;283;0,250000000000000000000
1342;1898;0,250000000000000000000
1344;179346;1,000000000000000000000
1348;109;1,000000000000000000000
1372;4852;1,000000000000000000000
1397;241;0,095238095238095238095
1397;591;0,095238095238095238095
1397;1096;0,047619047619047619047
1397;1915;0,095238095238095238095
1397;2239;0,095238095238095238095
1397;3481;0,095238095238095238095
1397;4386;0,095238095238095238095
1397;4931;0,095238095238095238095
1397;5457;0,095238095238095238095
1397;9226;0,095238095238095238095
1397;14765;0,095238095238095238095
1427;1991;1,000000000000000000000
1432;3570;0,666666666666666666666
1432;17549;0,333333333333333333333
1434;6515;1,000000000000000000000
1437;845;1,000000000000000000000
1443;2146;1,000000000000000000000
1446;2112;1,000000000000000000000
1453;9693;1,000000000000000000000
1454;437;0,950000000000000000000
1454;1173;0,050000000000000000000
1476;1717;1,000000000000000000000
1545;1967;0,250000000000000000000
1545;2543;0,500000000000000000000
1545;75230;0,250000000000000000000
1554;521;1,000000000000000000000
1556;77678;0,500000000000000000000
1556;248841;0,500000000000000000000
1565;54;0,076923076923076923076
1565;812;0,076923076923076923076
1565;1562;0,076923076923076923076
1565;1684;0,076923076923076923076
1565;2470;0,076923076923076923076
1565;2511;0,076923076923076923076
1565;2802;0,076923076923076923076
1565;2890;0,076923076923076923076
1565;2972;0,076923076923076923076
1565;3395;0,076923076923076923076
1565;4000;0,153846153846153846153
1565;7630;0,076923076923076923076
1570;1931;1,000000000000000000000
1609;812;0,166666666666666666666
1609;1610;0,166666666666666666666
1609;4085;0,166666666666666666666
1609;4526;0,166666666666666666666
1609;5354;0,166666666666666666666
1609;6664;0,166666666666666666666
1610;1609;0,500000000000000000000
1610;12591;0,500000000000000000000
1613;768;0,500000000000000000000
1613;2291;0,250000000000000000000
1613;5682;0,250000000000000000000
1616;113;1,000000000000000000000
1632;1101;1,000000000000000000000
1644;407;0,500000000000000000000
1644;1897;0,500000000000000000000
1657;6502;1,000000000000000000000
1681;1066;0,500000000000000000000
1681;5638;0,500000000000000000000
1697;1321;1,000000000000000000000
1710;9258;1,000000000000000000000
1728;1762;1,000000000000000000000
1729;4334;1,000000000000000000000
1745;1116;1,000000000000000000000
1751;955;1,000000000000000000000
1754;194;0,500000000000000000000
1754;2188;0,500000000000000000000
1762;1728;0,333333333333333333333
1762;2127;0,333333333333333333333
1762;2961;0,333333333333333333333
1768;2543;1,000000000000000000000
1769;380;1,000000000000000000000
1814;2087;1,000000000000000000000
1831;484;1,000000000000000000000
1864;1210;1,000000000000000000000
1868;2991;1,000000000000000000000
1889;2713;0,500000000000000000000
1889;6440;0,500000000000000000000
1897;571;0,666666666666666666666
1897;9723;0,333333333333333333333
1902;5909;1,000000000000000000000
1913;7660;1,000000000000000000000
1956;669;1,000000000000000000000
1967;1545;0,375000000000000000000
1967;75230;0,250000000000000000000
1967;84925;0,250000000000000000000
1967;159122;0,125000000000000000000
1983;27652;1,000000000000000000000
1988;237;0,125000000000000000000
1988;827;0,125000000000000000000
1988;829;0,125000000000000000000
1988;1033;0,250000000000000000000
1988;1141;0,125000000000000000000
1988;6991;0,125000000000000000000
1988;6992;0,125000000000000000000
1991;224;0,304347826086956521739
1991;1427;0,347826086956521739130
1991;6517;0,347826086956521739130
2017;2064;0,500000000000000000000
2017;8623;0,500000000000000000000
2046;9391;1,000000000000000000000
2052;3680;1,000000000000000000000
2064;2017;0,250000000000000000000
2064;8623;0,750000000000000000000
2075;1439;0,500000000000000000000
2075;1440;0,500000000000000000000
2087;698;0,400000000000000000000
2087;1814;0,600000000000000000000
2098;8353;1,000000000000000000000
2127;120;0,027777777777777777777
2127;337;0,027777777777777777777
2127;388;0,027777777777777777777
2127;392;0,027777777777777777777
2127;396;0,027777777777777777777
2127;397;0,027777777777777777777
2127;402;0,027777777777777777777
2127;414;0,027777777777777777777
2127;419;0,027777777777777777777
2127;805;0,027777777777777777777
2127;865;0,027777777777777777777
2127;904;0,027777777777777777777
2127;942;0,027777777777777777777
2127;945;0,027777777777777777777
2127;1221;0,027777777777777777777
2127;1286;0,027777777777777777777
2127;1727;0,027777777777777777777
2127;1762;0,027777777777777777777
2127;2140;0,027777777777777777777
2127;2434;0,027777777777777777777
2127;2993;0,027777777777777777777
2127;3022;0,027777777777777777777
2127;3223;0,027777777777777777777
2127;3318;0,027777777777777777777
2127;3420;0,027777777777777777777
2127;4078;0,027777777777777777777
2127;5360;0,027777777777777777777
2127;6000;0,027777777777777777777
2127;7975;0,027777777777777777777
2127;8566;0,027777777777777777777
2127;12333;0,027777777777777777777
2127;13187;0,027777777777777777777
2127;16921;0,055555555555555555555
2127;25274;0,027777777777777777777
2127;26070;0,027777777777777777777
2164;2602;1,000000000000000000000
2175;4145;0,214285714285714285714
2175;6236;0,071428571428571428571
2175;65998;0,714285714285714285714
2188;17148;1,000000000000000000000
2239;1598;1,000000000000000000000
2254;3564;1,000000000000000000000
2269;237;0,090909090909090909090
2269;2291;0,090909090909090909090
2269;2742;0,272727272727272727272
2269;3246;0,272727272727272727272
2269;8147;0,272727272727272727272
2272;192;1,000000000000000000000
2293;1141;0,500000000000000000000
2293;5628;0,500000000000000000000
2310;320;1,000000000000000000000
2330;3393;1,000000000000000000000
2337;2438;0,333333333333333333333
2337;3071;0,333333333333333333333
2337;4657;0,333333333333333333333
2343;2323;1,000000000000000000000
2350;148;1,000000000000000000000
2355;827;0,500000000000000000000
2355;1948;0,250000000000000000000
2355;3399;0,250000000000000000000
2364;4989;1,000000000000000000000
2374;689;1,000000000000000000000
2379;3234;1,000000000000000000000
2383;266;1,000000000000000000000
2424;47;0,100000000000000000000
2424;1669;0,100000000000000000000
2424;2176;0,100000000000000000000
2424;2659;0,100000000000000000000
2424;2897;0,150000000000000000000
2424;3570;0,150000000000000000000
2424;5654;0,100000000000000000000
2424;6088;0,100000000000000000000
2424;12387;0,100000000000000000000
2434;621;0,800000000000000000000
2434;2127;0,200000000000000000000
2474;248;0,500000000000000000000
2474;2523;0,250000000000000000000
2474;2716;0,250000000000000000000
2479;4852;1,000000000000000000000
2504;643;0,500000000000000000000
2504;9138;0,500000000000000000000
2515;281170;1,000000000000000000000
2516;1248;1,000000000000000000000
2523;248;1,000000000000000000000
2543;138;0,333333333333333333333
2543;1768;0,333333333333333333333
2543;6723;0,333333333333333333333
2591;21697;1,000000000000000000000
2592;2761;1,000000000000000000000
2614;2080;1,000000000000000000000
2630;7574;1,000000000000000000000
2657;861;0,333333333333333333333
2657;3045;0,333333333333333333333
2657;13158;0,333333333333333333333
2684;113;0,111111111111111111111
2684;992;0,222222222222222222222
2684;1235;0,222222222222222222222
2684;1236;0,111111111111111111111
2684;1931;0,111111111111111111111
2684;115105;0,222222222222222222222
2697;2786;0,500000000000000000000
2697;59841;0,500000000000000000000
2706;279;0,500000000000000000000
2706;1271;0,500000000000000000000
2712;1637;1,000000000000000000000
2713;250;0,333333333333333333333
2713;849;0,333333333333333333333
2713;17720;0,333333333333333333333
2714;250;0,250000000000000000000
2714;8345;0,375000000000000000000
2714;10606;0,375000000000000000000
2716;248;0,500000000000000000000
2716;2474;0,500000000000000000000
2741;722;1,000000000000000000000
2786;846;0,375000000000000000000
2786;965;0,250000000000000000000
2786;2697;0,125000000000000000000
2786;3704;0,125000000000000000000
2786;13795;0,125000000000000000000
2792;6567;1,000000000000000000000
2800;3636;1,000000000000000000000
2803;2109;0,575000000000000000000
2803;3399;0,425000000000000000000
2826;3268;0,142857142857142857142
2826;7874;0,857142857142857142857
2834;7080;1,000000000000000000000
2850;135;0,250000000000000000000
2850;3911;0,750000000000000000000
2925;733;1,000000000000000000000
2948;2364;1,000000000000000000000
2961;411;1,000000000000000000000
2991;1868;1,000000000000000000000
3005;3601;1,000000000000000000000
3049;415;0,333333333333333333333
3049;1727;0,333333333333333333333
3049;8957;0,333333333333333333333
3098;2355;0,200000000000000000000
3098;3123;0,400000000000000000000
3098;140271;0,400000000000000000000
3122;5679;1,000000000000000000000
3123;645;0,400000000000000000000
3123;1152;0,200000000000000000000
3123;1169;0,200000000000000000000
3123;3098;0,200000000000000000000
3141;2736;0,750000000000000000000
3141;57838;0,250000000000000000000
3143;7416;1,000000000000000000000
3145;3414;1,000000000000000000000
3176;135;0,500000000000000000000
3176;184987;0,500000000000000000000
3188;526;0,500000000000000000000
3188;2204;0,500000000000000000000
3235;9360;1,000000000000000000000
3251;59;1,000000000000000000000
3256;1169;0,500000000000000000000
3256;24254;0,500000000000000000000
3268;2826;1,000000000000000000000
3271;1060;1,000000000000000000000
3318;275;0,166666666666666666666
3318;826;0,166666666666666666666
3318;2127;0,166666666666666666666
3318;3417;0,500000000000000000000
3359;161;0,166666666666666666666
3359;1708;0,333333333333333333333
3359;2506;0,166666666666666666666
3359;5753;0,166666666666666666666
3359;10093;0,166666666666666666666
3393;1235;1,000000000000000000000
3395;72;0,142857142857142857142
3395;779;0,142857142857142857142
3395;1117;0,142857142857142857142
3395;3570;0,142857142857142857142
3395;6723;0,142857142857142857142
3395;20648;0,142857142857142857142
3395;125861;0,142857142857142857142
3403;2214;1,000000000000000000000
3414;3145;0,045454545454545454545
3414;4262;0,954545454545454545454
3417;1340;0,500000000000000000000
3417;3318;0,500000000000000000000
3427;174;0,142857142857142857142
3427;1064;0,142857142857142857142
3427;1454;0,142857142857142857142
3427;8212;0,285714285714285714285
3427;8213;0,142857142857142857142
3427;114536;0,142857142857142857142
3458;576;1,000000000000000000000
3477;346;1,000000000000000000000
3528;1034;1,000000000000000000000
3586;7699;1,000000000000000000000
3587;643;0,333333333333333333333
3587;1938;0,333333333333333333333
3587;8464;0,333333333333333333333
3601;3005;0,750000000000000000000
3601;4881;0,250000000000000000000
3618;1951;0,166666666666666666666
3618;3978;0,166666666666666666666
3618;5915;0,166666666666666666666
3618;9992;0,500000000000000000000
3625;80;0,500000000000000000000
3625;3443;0,500000000000000000000
3636;2800;0,500000000000000000000
3636;5142;0,500000000000000000000
3678;3840;1,000000000000000000000
3680;2052;1,000000000000000000000
3685;891;0,250000000000000000000
3685;5627;0,250000000000000000000
3685;8267;0,250000000000000000000
3685;8306;0,250000000000000000000
3738;475;1,000000000000000000000
3827;1556;1,000000000000000000000
3842;5010;0,333333333333333333333
3842;5037;0,166666666666666666666
3842;12441;0,500000000000000000000
3852;6498;1,000000000000000000000
3864;190;1,000000000000000000000
3876;7328;1,000000000000000000000
3911;306;1,000000000000000000000
3944;3557;1,000000000000000000000
3968;20303;1,000000000000000000000
4020;135;0,250000000000000000000
4020;1169;0,125000000000000000000
4020;1768;0,125000000000000000000
4020;2991;0,125000000000000000000
4020;6723;0,125000000000000000000
4020;84925;0,250000000000000000000
4041;54;1,000000000000000000000
4058;12430;0,500000000000000000000
4058;48255;0,500000000000000000000
4100;4522;1,000000000000000000000
4148;447;1,000000000000000000000
4159;140271;1,000000000000000000000
4179;253;1,000000000000000000000
4225;793;1,000000000000000000000
4237;521;1,000000000000000000000
4262;3414;1,000000000000000000000
4268;1956;1,000000000000000000000
4281;911;0,111111111111111111111
4281;960;0,222222222222222222222
4281;4280;0,111111111111111111111
4281;5097;0,222222222222222222222
4281;6581;0,111111111111111111111
4281;8500;0,111111111111111111111
4281;9409;0,111111111111111111111
4299;2448;1,000000000000000000000
4307;90123;1,000000000000000000000
4323;4881;1,000000000000000000000
4384;41;0,333333333333333333333
4384;1235;0,333333333333333333333
4384;2198;0,333333333333333333333
4386;1397;1,000000000000000000000
4425;940;1,000000000000000000000
4434;839;1,000000000000000000000
4458;979;1,000000000000000000000
4462;1717;0,333333333333333333333
4462;4432;0,333333333333333333333
4462;4463;0,333333333333333333333
4497;362;0,083333333333333333333
4497;1527;0,083333333333333333333
4497;2652;0,083333333333333333333
4497;3588;0,083333333333333333333
4497;5484;0,166666666666666666666
4497;5886;0,083333333333333333333
4497;7578;0,083333333333333333333
4497;7739;0,083333333333333333333
4497;8464;0,166666666666666666666
4497;8466;0,083333333333333333333
4507;861;1,000000000000000000000
4533;26746;1,000000000000000000000
4552;41;0,500000000000000000000
4552;1261;0,500000000000000000000
4553;254;0,500000000000000000000
4553;1981;0,500000000000000000000
4576;11734;1,000000000000000000000
4586;4587;0,500000000000000000000
4586;27613;0,500000000000000000000
4627;628;1,000000000000000000000
4663;8512;1,000000000000000000000
4713;1526;1,000000000000000000000
4747;1898;1,000000000000000000000
4751;854;1,000000000000000000000
4780;658;1,000000000000000000000
4825;4080;1,000000000000000000000
4852;1372;0,500000000000000000000
4852;6045;0,500000000000000000000
4874;1169;1,000000000000000000000
4901;6940;1,000000000000000000000
4989;779;1,000000000000000000000
5029;635;1,000000000000000000000
5071;332;0,500000000000000000000
5071;718;0,166666666666666666666
5071;1843;0,166666666666666666666
5071;59745;0,166666666666666666666
5093;4307;1,000000000000000000000
5097;3683;0,333333333333333333333
5097;4281;0,500000000000000000000
5097;6581;0,166666666666666666666
5119;2434;1,000000000000000000000
5142;85;0,500000000000000000000
5142;3636;0,500000000000000000000
5148;380;0,500000000000000000000
5148;136664;0,500000000000000000000
5149;54;0,285714285714285714285
5149;657;0,285714285714285714285
5149;846;0,142857142857142857142
5149;1169;0,142857142857142857142
5149;7111;0,142857142857142857142
5306;1315;1,000000000000000000000
5309;4538;1,000000000000000000000
5329;1206;1,000000000000000000000
5360;396;0,333333333333333333333
5360;1606;0,333333333333333333333
5360;2127;0,333333333333333333333
5367;1335;1,000000000000000000000
5437;18258;1,000000000000000000000
5449;7711;1,000000000000000000000
5530;526;1,000000000000000000000
5607;140271;1,000000000000000000000
5628;96;0,333333333333333333333
5628;2293;0,333333333333333333333
5628;245879;0,333333333333333333333
5635;3685;1,000000000000000000000
5638;360;0,142857142857142857142
5638;1065;0,142857142857142857142
5638;1681;0,428571428571428571428
5638;24259;0,285714285714285714285
5643;779;1,000000000000000000000
5693;8407;1,000000000000000000000
5753;2506;0,500000000000000000000
5753;3359;0,500000000000000000000
6048;1845;1,000000000000000000000
6132;12964;1,000000000000000000000
6151;1206;1,000000000000000000000
6353;2190;0,250000000000000000000
6353;6354;0,750000000000000000000
6433;5037;1,000000000000000000000
6468;115;0,333333333333333333333
6468;490;0,666666666666666666666
6502;1657;1,000000000000000000000
6504;5338;1,000000000000000000000
6548;7759;1,000000000000000000000
6567;48255;1,000000000000000000000
6581;960;0,500000000000000000000
6581;4281;0,250000000000000000000
6581;5097;0,250000000000000000000
6634;27639;1,000000000000000000000
6723;1545;0,333333333333333333333
6723;7095;0,333333333333333333333
6723;9288;0,333333333333333333333
6755;5628;1,000000000000000000000
6788;306;1,000000000000000000000
6940;830;0,153846153846153846153
6940;1035;0,153846153846153846153
6940;1503;0,076923076923076923076
6940;2841;0,153846153846153846153
6940;4901;0,461538461538461538461
6962;48255;1,000000000000000000000
6981;251;0,666666666666666666666
6981;284;0,333333333333333333333
6992;4583;1,000000000000000000000
7049;1583;1,000000000000000000000
7080;846;1,000000000000000000000
7095;6723;0,500000000000000000000
7095;65998;0,500000000000000000000
7106;4993;1,000000000000000000000
7130;96;0,333333333333333333333
7130;600;0,166666666666666666666
7130;1989;0,250000000000000000000
7130;12963;0,250000000000000000000
7328;322;0,090909090909090909090
7328;403;0,090909090909090909090
7328;478;0,090909090909090909090
7328;1695;0,090909090909090909090
7328;3219;0,090909090909090909090
7328;3237;0,090909090909090909090
7328;3876;0,090909090909090909090
7328;4268;0,090909090909090909090
7328;4461;0,090909090909090909090
7328;5536;0,090909090909090909090
7328;27943;0,090909090909090909090
7389;454;1,000000000000000000000
7434;2182;1,000000000000000000000
7521;3212;1,000000000000000000000
7543;152027;1,000000000000000000000
7574;2630;1,000000000000000000000
7578;4497;1,000000000000000000000
7586;151;1,000000000000000000000
7759;9208;0,500000000000000000000
7759;19031;0,500000000000000000000
7859;2678;1,000000000000000000000
7862;122;1,000000000000000000000
7874;174;0,125000000000000000000
7874;220;0,250000000000000000000
7874;2826;0,500000000000000000000
7874;156500;0,125000000000000000000
7920;1949;1,000000000000000000000
7954;1083;0,250000000000000000000
7954;3565;0,250000000000000000000
7954;11943;0,250000000000000000000
7954;20307;0,250000000000000000000
7975;419;0,333333333333333333333
7975;846;0,166666666666666666666
7975;12959;0,500000000000000000000
7994;46;1,000000000000000000000
8062;37812;1,000000000000000000000
8081;1721;1,000000000000000000000
8090;2223;1,000000000000000000000
8095;2962;1,000000000000000000000
8172;975;1,000000000000000000000
8281;59;1,000000000000000000000
8447;643;0,333333333333333333333
8447;248334;0,666666666666666666666
8464;1938;0,142857142857142857142
8464;3169;0,142857142857142857142
8464;3587;0,285714285714285714285
8464;4497;0,142857142857142857142
8464;4991;0,285714285714285714285
8466;479;0,500000000000000000000
8466;4497;0,500000000000000000000
8512;67;0,062500000000000000000
8512;568;0,125000000000000000000
8512;628;0,125000000000000000000
8512;1355;0,062500000000000000000
8512;1925;0,062500000000000000000
8512;1945;0,125000000000000000000
8512;4458;0,062500000000000000000
8512;4459;0,125000000000000000000
8512;4460;0,125000000000000000000
8512;10928;0,125000000000000000000
8580;9261;1,000000000000000000000
8623;1234;0,166666666666666666666
8623;2017;0,166666666666666666666
8623;2064;0,666666666666666666666
8630;678;1,000000000000000000000
8762;464;1,000000000000000000000
8774;427;1,000000000000000000000
8820;28195;1,000000000000000000000
8871;14151;1,000000000000000000000
9090;777;1,000000000000000000000
9138;2504;1,000000000000000000000
9159;3304;1,000000000000000000000
9208;7759;1,000000000000000000000
9215;1220;1,000000000000000000000
9288;6723;1,000000000000000000000
9415;28718;1,000000000000000000000
9418;9442;1,000000000000000000000
9421;65;1,000000000000000000000
9451;898;1,000000000000000000000
9567;101;1,000000000000000000000
9651;29028;1,000000000000000000000
9657;1153;1,000000000000000000000
9660;10630;1,000000000000000000000
9668;37812;1,000000000000000000000
9693;1453;1,000000000000000000000
9707;11734;1,000000000000000000000
9721;3256;1,000000000000000000000
9722;3450;1,000000000000000000000
9738;9742;0,500000000000000000000
9738;27410;0,500000000000000000000
9762;90123;1,000000000000000000000
9806;960;1,000000000000000000000
9831;12938;1,000000000000000000000
9895;1613;1,000000000000000000000
9941;287;1,000000000000000000000
9982;617;1,000000000000000000000
9992;3618;1,000000000000000000000
10084;573;0,500000000000000000000
10084;8276;0,500000000000000000000
10103;3318;1,000000000000000000000
10602;538;0,500000000000000000000
10602;17276;0,500000000000000000000
10606;2714;1,000000000000000000000
10724;1439;0,500000000000000000000
10724;1440;0,500000000000000000000
10860;2678;1,000000000000000000000
11415;4892;1,000000000000000000000
11734;9707;1,000000000000000000000
12257;38;1,000000000000000000000
12591;4052;1,000000000000000000000
12798;9434;1,000000000000000000000
12817;12418;1,000000000000000000000
12850;418;1,000000000000000000000
12964;6132;1,000000000000000000000
13236;1206;1,000000000000000000000
13253;237;0,200000000000000000000
13253;2515;0,200000000000000000000
13253;3174;0,200000000000000000000
13253;3219;0,200000000000000000000
13253;22211;0,200000000000000000000
13335;5117;1,000000000000000000000
13599;13206;1,000000000000000000000
13769;136664;1,000000000000000000000
13795;3704;1,000000000000000000000
14151;9;0,001273885350318471337
14151;46;0,001273885350318471337
14151;47;0,001273885350318471337
14151;48;0,001273885350318471337
14151;96;0,001273885350318471337
14151;102;0,001273885350318471337
14151;137;0,001273885350318471337
14151;140;0,001273885350318471337
14151;151;0,001273885350318471337
14151;162;0,001273885350318471337
14151;178;0,001273885350318471337
14151;179;0,001273885350318471337
14151;184;0,001273885350318471337
14151;206;0,001273885350318471337
14151;211;0,001273885350318471337
14151;212;0,001273885350318471337
14151;213;0,001273885350318471337
14151;218;0,001273885350318471337
14151;224;0,001273885350318471337
14151;229;0,001273885350318471337
14151;253;0,001273885350318471337
14151;268;0,001273885350318471337
14151;273;0,001273885350318471337
14151;275;0,001273885350318471337
14151;299;0,001273885350318471337
14151;306;0,001273885350318471337
14151;307;0,001273885350318471337
14151;324;0,001273885350318471337
14151;337;0,001273885350318471337
14151;341;0,001273885350318471337
14151;346;0,001273885350318471337
14151;347;0,001273885350318471337
14151;363;0,001273885350318471337
14151;367;0,001273885350318471337
14151;380;0,001273885350318471337
14151;385;0,001273885350318471337
14151;387;0,001273885350318471337
14151;407;0,001273885350318471337
14151;433;0,001273885350318471337
14151;437;0,001273885350318471337
14151;460;0,001273885350318471337
14151;467;0,001273885350318471337
14151;477;0,001273885350318471337
14151;540;0,001273885350318471337
14151;547;0,001273885350318471337
14151;571;0,001273885350318471337
14151;591;0,001273885350318471337
14151;612;0,001273885350318471337
14151;626;0,001273885350318471337
14151;641;0,001273885350318471337
14151;675;0,001273885350318471337
14151;683;0,001273885350318471337
14151;689;0,001273885350318471337
14151;712;0,001273885350318471337
14151;713;0,001273885350318471337
14151;724;0,001273885350318471337
14151;750;0,001273885350318471337
14151;752;0,001273885350318471337
14151;761;0,001273885350318471337
14151;763;0,001273885350318471337
14151;778;0,001273885350318471337
14151;785;0,002547770700636942675
14151;805;0,001273885350318471337
14151;826;0,001273885350318471337
14151;833;0,001273885350318471337
14151;897;0,001273885350318471337
14151;899;0,001273885350318471337
14151;918;0,001273885350318471337
14151;923;0,001273885350318471337
14151;941;0,001273885350318471337
14151;980;0,001273885350318471337
14151;984;0,001273885350318471337
14151;1043;0,001273885350318471337
14151;1044;0,001273885350318471337
14151;1048;0,001273885350318471337
14151;1058;0,001273885350318471337
14151;1079;0,001273885350318471337
14151;1131;0,001273885350318471337
14151;1133;0,001273885350318471337
14151;1137;0,001273885350318471337
14151;1153;0,001273885350318471337
14151;1154;0,001273885350318471337
14151;1160;0,001273885350318471337
14151;1206;0,001273885350318471337
14151;1246;0,001273885350318471337
14151;1267;0,001273885350318471337
14151;1274;0,001273885350318471337
14151;1290;0,001273885350318471337
14151;1295;0,001273885350318471337
14151;1297;0,001273885350318471337
14151;1303;0,001273885350318471337
14151;1310;0,001273885350318471337
14151;1319;0,001273885350318471337
14151;1322;0,001273885350318471337
14151;1325;0,001273885350318471337
14151;1327;0,001273885350318471337
14151;1329;0,001273885350318471337
14151;1331;0,001273885350318471337
14151;1332;0,001273885350318471337
14151;1334;0,001273885350318471337
14151;1337;0,001273885350318471337
14151;1338;0,001273885350318471337
14151;1419;0,001273885350318471337
14151;1445;0,001273885350318471337
14151;1447;0,001273885350318471337
14151;1457;0,001273885350318471337
14151;1458;0,001273885350318471337
14151;1464;0,001273885350318471337
14151;1466;0,001273885350318471337
14151;1504;0,001273885350318471337
14151;1505;0,001273885350318471337
14151;1510;0,001273885350318471337
14151;1512;0,001273885350318471337
14151;1516;0,001273885350318471337
14151;1523;0,001273885350318471337
14151;1524;0,001273885350318471337
14151;1526;0,001273885350318471337
14151;1527;0,001273885350318471337
14151;1533;0,001273885350318471337
14151;1549;0,001273885350318471337
14151;1554;0,001273885350318471337
14151;1560;0,001273885350318471337
14151;1606;0,001273885350318471337
14151;1616;0,001273885350318471337
14151;1643;0,001273885350318471337
14151;1650;0,001273885350318471337
14151;1676;0,001273885350318471337
14151;1723;0,001273885350318471337
14151;1785;0,001273885350318471337
14151;1833;0,001273885350318471337
14151;1838;0,001273885350318471337
14151;1850;0,001273885350318471337
14151;1868;0,001273885350318471337
14151;1873;0,001273885350318471337
14151;1877;0,001273885350318471337
14151;1889;0,001273885350318471337
14151;1891;0,001273885350318471337
14151;1893;0,001273885350318471337
14151;1910;0,001273885350318471337
14151;1923;0,001273885350318471337
14151;1939;0,001273885350318471337
14151;1976;0,001273885350318471337
14151;2015;0,001273885350318471337
14151;2017;0,001273885350318471337
14151;2039;0,001273885350318471337
14151;2041;0,001273885350318471337
14151;2050;0,001273885350318471337
14151;2064;0,001273885350318471337
14151;2066;0,001273885350318471337
14151;2070;0,001273885350318471337
14151;2078;0,001273885350318471337
14151;2119;0,001273885350318471337
14151;2128;0,001273885350318471337
14151;2131;0,001273885350318471337
14151;2136;0,001273885350318471337
14151;2152;0,001273885350318471337
14151;2156;0,001273885350318471337
14151;2164;0,001273885350318471337
14151;2200;0,001273885350318471337
14151;2204;0,001273885350318471337
14151;2215;0,001273885350318471337
14151;2227;0,001273885350318471337
14151;2318;0,001273885350318471337
14151;2330;0,001273885350318471337
14151;2349;0,001273885350318471337
14151;2374;0,001273885350318471337
14151;2383;0,001273885350318471337
14151;2416;0,001273885350318471337
14151;2428;0,001273885350318471337
14151;2438;0,001273885350318471337
14151;2461;0,001273885350318471337
14151;2479;0,001273885350318471337
14151;2511;0,001273885350318471337
14151;2514;0,001273885350318471337
14151;2516;0,001273885350318471337
14151;2520;0,001273885350318471337
14151;2551;0,001273885350318471337
14151;2576;0,001273885350318471337
14151;2588;0,001273885350318471337
14151;2598;0,001273885350318471337
14151;2605;0,001273885350318471337
14151;2607;0,001273885350318471337
14151;2614;0,002547770700636942675
14151;2632;0,001273885350318471337
14151;2636;0,001273885350318471337
14151;2652;0,001273885350318471337
14151;2677;0,001273885350318471337
14151;2679;0,001273885350318471337
14151;2761;0,001273885350318471337
14151;2778;0,001273885350318471337
14151;2786;0,001273885350318471337
14151;2794;0,001273885350318471337
14151;2799;0,001273885350318471337
14151;2800;0,001273885350318471337
14151;2830;0,001273885350318471337
14151;2841;0,001273885350318471337
14151;2882;0,001273885350318471337
14151;2887;0,001273885350318471337
14151;2893;0,001273885350318471337
14151;2921;0,001273885350318471337
14151;3019;0,001273885350318471337
14151;3029;0,001273885350318471337
14151;3053;0,001273885350318471337
14151;3071;0,001273885350318471337
14151;3145;0,001273885350318471337
14151;3146;0,001273885350318471337
14151;3147;0,001273885350318471337
14151;3158;0,001273885350318471337
14151;3164;0,001273885350318471337
14151;3176;0,002547770700636942675
14151;3182;0,001273885350318471337
14151;3204;0,001273885350318471337
14151;3205;0,001273885350318471337
14151;3209;0,001273885350318471337
14151;3214;0,001273885350318471337
14151;3223;0,001273885350318471337
14151;3225;0,001273885350318471337
14151;3230;0,001273885350318471337
14151;3245;0,001273885350318471337
14151;3265;0,001273885350318471337
14151;3301;0,001273885350318471337
14151;3304;0,001273885350318471337
14151;3323;0,001273885350318471337
14151;3332;0,001273885350318471337
14151;3355;0,001273885350318471337
14151;3403;0,001273885350318471337
14151;3418;0,001273885350318471337
14151;3426;0,001273885350318471337
14151;3457;0,001273885350318471337
14151;3458;0,001273885350318471337
14151;3476;0,001273885350318471337
14151;3477;0,001273885350318471337
14151;3485;0,001273885350318471337
14151;3499;0,001273885350318471337
14151;3503;0,001273885350318471337
14151;3519;0,001273885350318471337
14151;3557;0,001273885350318471337
14151;3560;0,001273885350318471337
14151;3615;0,001273885350318471337
14151;3618;0,001273885350318471337
14151;3625;0,001273885350318471337
14151;3633;0,001273885350318471337
14151;3647;0,001273885350318471337
14151;3648;0,001273885350318471337
14151;3656;0,001273885350318471337
14151;3657;0,001273885350318471337
14151;3665;0,001273885350318471337
14151;3714;0,001273885350318471337
14151;3722;0,001273885350318471337
14151;3728;0,001273885350318471337
14151;3736;0,001273885350318471337
14151;3747;0,001273885350318471337
14151;3753;0,001273885350318471337
14151;3768;0,001273885350318471337
14151;3788;0,001273885350318471337
14151;3791;0,001273885350318471337
14151;3793;0,001273885350318471337
14151;3800;0,001273885350318471337
14151;3811;0,001273885350318471337
14151;3825;0,001273885350318471337
14151;3827;0,001273885350318471337
14151;3834;0,001273885350318471337
14151;3840;0,001273885350318471337
14151;3850;0,001273885350318471337
14151;3857;0,001273885350318471337
14151;3862;0,001273885350318471337
14151;3864;0,001273885350318471337
14151;3916;0,001273885350318471337
14151;3944;0,001273885350318471337
14151;3957;0,001273885350318471337
14151;3968;0,001273885350318471337
14151;3983;0,001273885350318471337
14151;4018;0,001273885350318471337
14151;4021;0,001273885350318471337
14151;4024;0,001273885350318471337
14151;4039;0,001273885350318471337
14151;4041;0,001273885350318471337
14151;4059;0,001273885350318471337
14151;4070;0,001273885350318471337
14151;4078;0,001273885350318471337
14151;4101;0,001273885350318471337
14151;4102;0,001273885350318471337
14151;4108;0,001273885350318471337
14151;4148;0,001273885350318471337
14151;4217;0,001273885350318471337
14151;4225;0,001273885350318471337
14151;4228;0,001273885350318471337
14151;4244;0,001273885350318471337
14151;4257;0,001273885350318471337
14151;4269;0,001273885350318471337
14151;4307;0,001273885350318471337
14151;4309;0,001273885350318471337
14151;4323;0,001273885350318471337
14151;4349;0,001273885350318471337
14151;4377;0,001273885350318471337
14151;4497;0,001273885350318471337
14151;4513;0,001273885350318471337
14151;4526;0,001273885350318471337
14151;4578;0,001273885350318471337
14151;4598;0,001273885350318471337
14151;4621;0,001273885350318471337
14151;4625;0,001273885350318471337
14151;4636;0,001273885350318471337
14151;4681;0,001273885350318471337
14151;4697;0,001273885350318471337
14151;4720;0,001273885350318471337
14151;4722;0,001273885350318471337
14151;4748;0,001273885350318471337
14151;4749;0,001273885350318471337
14151;4750;0,001273885350318471337
14151;4751;0,001273885350318471337
14151;4752;0,001273885350318471337
14151;4754;0,001273885350318471337
14151;4755;0,001273885350318471337
14151;4803;0,001273885350318471337
14151;4852;0,001273885350318471337
14151;4861;0,001273885350318471337
14151;4876;0,001273885350318471337
14151;4927;0,001273885350318471337
14151;4935;0,001273885350318471337
14151;4979;0,001273885350318471337
14151;5029;0,001273885350318471337
14151;5053;0,001273885350318471337
14151;5082;0,001273885350318471337
14151;5093;0,001273885350318471337
14151;5097;0,001273885350318471337
14151;5101;0,001273885350318471337
14151;5138;0,001273885350318471337
14151;5142;0,001273885350318471337
14151;5144;0,001273885350318471337
14151;5174;0,001273885350318471337
14151;5180;0,001273885350318471337
14151;5214;0,001273885350318471337
14151;5232;0,001273885350318471337
14151;5239;0,001273885350318471337
14151;5250;0,001273885350318471337
14151;5289;0,001273885350318471337
14151;5304;0,003821656050955414012
14151;5309;0,001273885350318471337
14151;5329;0,001273885350318471337
14151;5350;0,002547770700636942675
14151;5351;0,001273885350318471337
14151;5383;0,001273885350318471337
14151;5408;0,001273885350318471337
14151;5500;0,001273885350318471337
14151;5506;0,001273885350318471337
14151;5523;0,001273885350318471337
14151;5526;0,002547770700636942675
14151;5528;0,001273885350318471337
14151;5530;0,001273885350318471337
14151;5534;0,001273885350318471337
14151;5543;0,001273885350318471337
14151;5578;0,001273885350318471337
14151;5601;0,001273885350318471337
14151;5603;0,001273885350318471337
14151;5651;0,001273885350318471337
14151;5681;0,001273885350318471337
14151;5693;0,001273885350318471337
14151;5700;0,001273885350318471337
14151;5784;0,001273885350318471337
14151;5824;0,001273885350318471337
14151;5827;0,001273885350318471337
14151;5831;0,001273885350318471337
14151;5833;0,001273885350318471337
14151;5852;0,001273885350318471337
14151;5854;0,001273885350318471337
14151;5856;0,001273885350318471337
14151;5861;0,001273885350318471337
14151;5886;0,001273885350318471337
14151;5892;0,001273885350318471337
14151;5922;0,001273885350318471337
14151;5935;0,001273885350318471337
14151;5967;0,001273885350318471337
14151;6048;0,001273885350318471337
14151;6072;0,001273885350318471337
14151;6150;0,001273885350318471337
14151;6151;0,001273885350318471337
14151;6169;0,001273885350318471337
14151;6192;0,001273885350318471337
14151;6234;0,001273885350318471337
14151;6267;0,001273885350318471337
14151;6326;0,001273885350318471337
14151;6440;0,001273885350318471337
14151;6444;0,001273885350318471337
14151;6465;0,001273885350318471337
14151;6468;0,001273885350318471337
14151;6498;0,001273885350318471337
14151;6503;0,001273885350318471337
14151;6535;0,001273885350318471337
14151;6594;0,001273885350318471337
14151;6604;0,001273885350318471337
14151;6624;0,001273885350318471337
14151;6634;0,001273885350318471337
14151;6635;0,001273885350318471337
14151;6666;0,001273885350318471337
14151;6681;0,001273885350318471337
14151;6694;0,001273885350318471337
14151;6723;0,001273885350318471337
14151;6732;0,001273885350318471337
14151;6733;0,001273885350318471337
14151;6746;0,001273885350318471337
14151;6781;0,001273885350318471337
14151;6788;0,001273885350318471337
14151;6792;0,001273885350318471337
14151;6828;0,001273885350318471337
14151;6883;0,001273885350318471337
14151;6913;0,001273885350318471337
14151;6930;0,001273885350318471337
14151;6952;0,001273885350318471337
14151;6979;0,001273885350318471337
14151;6980;0,001273885350318471337
14151;6981;0,001273885350318471337
14151;6986;0,001273885350318471337
14151;7126;0,001273885350318471337
14151;7131;0,001273885350318471337
14151;7142;0,001273885350318471337
14151;7146;0,001273885350318471337
14151;7151;0,001273885350318471337
14151;7209;0,001273885350318471337
14151;7240;0,001273885350318471337
14151;7259;0,001273885350318471337
14151;7260;0,001273885350318471337
14151;7278;0,001273885350318471337
14151;7328;0,001273885350318471337
14151;7418;0,001273885350318471337
14151;7546;0,001273885350318471337
14151;7564;0,001273885350318471337
14151;7574;0,001273885350318471337
14151;7578;0,001273885350318471337
14151;7586;0,001273885350318471337
14151;7626;0,001273885350318471337
14151;7738;0,001273885350318471337
14151;7739;0,001273885350318471337
14151;7774;0,001273885350318471337
14151;7788;0,001273885350318471337
14151;7859;0,001273885350318471337
14151;7862;0,001273885350318471337
14151;7957;0,001273885350318471337
14151;7963;0,001273885350318471337
14151;7979;0,001273885350318471337
14151;8044;0,001273885350318471337
14151;8106;0,001273885350318471337
14151;8146;0,001273885350318471337
14151;8225;0,001273885350318471337
14151;8281;0,001273885350318471337
14151;8366;0,001273885350318471337
14151;8373;0,001273885350318471337
14151;8407;0,001273885350318471337
14151;8440;0,001273885350318471337
14151;8445;0,001273885350318471337
14151;8447;0,001273885350318471337
14151;8454;0,001273885350318471337
14151;8464;0,001273885350318471337
14151;8478;0,001273885350318471337
14151;8484;0,001273885350318471337
14151;8498;0,001273885350318471337
14151;8618;0,001273885350318471337
14151;8641;0,001273885350318471337
14151;8648;0,001273885350318471337
14151;8705;0,001273885350318471337
14151;8730;0,001273885350318471337
14151;8762;0,001273885350318471337
14151;8826;0,001273885350318471337
14151;8827;0,001273885350318471337
14151;8828;0,001273885350318471337
14151;8829;0,001273885350318471337
14151;8830;0,001273885350318471337
14151;8831;0,001273885350318471337
14151;8832;0,001273885350318471337
14151;8833;0,001273885350318471337
14151;8834;0,001273885350318471337
14151;8835;0,001273885350318471337
14151;8836;0,001273885350318471337
14151;8837;0,001273885350318471337
14151;8838;0,001273885350318471337
14151;8839;0,001273885350318471337
14151;8840;0,001273885350318471337
14151;8841;0,001273885350318471337
14151;8842;0,001273885350318471337
14151;8843;0,001273885350318471337
14151;8844;0,001273885350318471337
14151;8845;0,001273885350318471337
14151;8846;0,001273885350318471337
14151;8847;0,001273885350318471337
14151;8849;0,001273885350318471337
14151;8850;0,001273885350318471337
14151;8852;0,001273885350318471337
14151;8853;0,001273885350318471337
14151;8854;0,001273885350318471337
14151;8855;0,001273885350318471337
14151;8856;0,001273885350318471337
14151;8858;0,001273885350318471337
14151;8859;0,001273885350318471337
14151;8860;0,001273885350318471337
14151;8861;0,001273885350318471337
14151;8862;0,001273885350318471337
14151;8863;0,001273885350318471337
14151;8865;0,001273885350318471337
14151;8866;0,001273885350318471337
14151;8867;0,001273885350318471337
14151;8869;0,001273885350318471337
14151;8870;0,001273885350318471337
14151;8871;0,001273885350318471337
14151;8872;0,001273885350318471337
14151;8873;0,001273885350318471337
14151;8874;0,001273885350318471337
14151;8875;0,001273885350318471337
14151;8877;0,001273885350318471337
14151;8878;0,001273885350318471337
14151;8879;0,001273885350318471337
14151;8899;0,001273885350318471337
14151;8902;0,001273885350318471337
14151;8933;0,001273885350318471337
14151;8949;0,001273885350318471337
14151;9088;0,001273885350318471337
14151;9114;0,001273885350318471337
14151;9159;0,001273885350318471337
14151;9208;0,001273885350318471337
14151;9230;0,001273885350318471337
14151;9231;0,001273885350318471337
14151;9274;0,001273885350318471337
14151;9345;0,001273885350318471337
14151;9371;0,001273885350318471337
14151;9385;0,001273885350318471337
14151;9396;0,001273885350318471337
14151;9405;0,001273885350318471337
14151;9416;0,001273885350318471337
14151;9419;0,002547770700636942675
14151;9421;0,001273885350318471337
14151;9429;0,001273885350318471337
14151;9451;0,001273885350318471337
14151;9510;0,001273885350318471337
14151;9554;0,001273885350318471337
14151;9657;0,001273885350318471337
14151;9665;0,001273885350318471337
14151;9681;0,001273885350318471337
14151;9691;0,001273885350318471337
14151;9762;0,001273885350318471337
14151;9805;0,001273885350318471337
14151;9831;0,001273885350318471337
14151;9832;0,001273885350318471337
14151;9940;0,001273885350318471337
14151;9968;0,001273885350318471337
14151;9982;0,001273885350318471337
14151;9984;0,001273885350318471337
14151;10000;0,001273885350318471337
14151;10080;0,001273885350318471337
14151;10084;0,001273885350318471337
14151;10085;0,001273885350318471337
14151;10169;0,001273885350318471337
14151;10251;0,001273885350318471337
14151;10390;0,001273885350318471337
14151;10491;0,001273885350318471337
14151;10602;0,001273885350318471337
14151;10633;0,001273885350318471337
14151;10649;0,001273885350318471337
14151;10682;0,001273885350318471337
14151;10740;0,001273885350318471337
14151;10823;0,001273885350318471337
14151;10892;0,001273885350318471337
14151;11007;0,001273885350318471337
14151;11030;0,001273885350318471337
14151;11132;0,001273885350318471337
14151;11213;0,001273885350318471337
14151;11263;0,001273885350318471337
14151;11330;0,001273885350318471337
14151;11382;0,001273885350318471337
14151;11415;0,001273885350318471337
14151;11476;0,001273885350318471337
14151;11536;0,001273885350318471337
14151;11690;0,001273885350318471337
14151;11902;0,001273885350318471337
14151;11999;0,001273885350318471337
14151;12159;0,001273885350318471337
14151;12176;0,001273885350318471337
14151;12333;0,001273885350318471337
14151;12362;0,001273885350318471337
14151;12372;0,001273885350318471337
14151;12387;0,001273885350318471337
14151;12395;0,001273885350318471337
14151;12486;0,001273885350318471337
14151;12500;0,001273885350318471337
14151;12534;0,001273885350318471337
14151;12712;0,001273885350318471337
14151;12768;0,001273885350318471337
14151;12775;0,001273885350318471337
14151;12798;0,001273885350318471337
14151;12876;0,001273885350318471337
14151;12880;0,001273885350318471337
14151;12882;0,001273885350318471337
14151;12938;0,001273885350318471337
14151;13006;0,001273885350318471337
14151;13035;0,001273885350318471337
14151;13041;0,001273885350318471337
14151;13054;0,001273885350318471337
14151;13206;0,001273885350318471337
14151;13236;0,001273885350318471337
14151;13270;0,001273885350318471337
14151;13291;0,001273885350318471337
14151;13292;0,001273885350318471337
14151;13310;0,001273885350318471337
14151;13369;0,001273885350318471337
14151;13372;0,001273885350318471337
14151;13398;0,001273885350318471337
14151;13496;0,001273885350318471337
14151;13713;0,001273885350318471337
14151;13794;0,001273885350318471337
14151;13795;0,001273885350318471337
14151;13796;0,001273885350318471337
14151;13798;0,001273885350318471337
14151;13799;0,001273885350318471337
14151;13814;0,001273885350318471337
14151;13886;0,002547770700636942675
14151;14073;0,001273885350318471337
14151;14269;0,001273885350318471337
14151;14465;0,001273885350318471337
14151;14826;0,001273885350318471337
14151;14827;0,001273885350318471337
14151;15207;0,001273885350318471337
14151;15437;0,001273885350318471337
14151;15722;0,001273885350318471337
14151;15889;0,001273885350318471337
14151;15975;0,001273885350318471337
14151;16487;0,001273885350318471337
14151;16644;0,001273885350318471337
14151;16786;0,001273885350318471337
14151;16866;0,001273885350318471337
14151;16974;0,001273885350318471337
14151;17047;0,001273885350318471337
14151;17209;0,001273885350318471337
14151;17273;0,001273885350318471337
14151;17274;0,001273885350318471337
14151;17426;0,001273885350318471337
14151;17554;0,001273885350318471337
14151;17587;0,001273885350318471337
14151;17603;0,001273885350318471337
14151;17609;0,001273885350318471337
14151;17720;0,001273885350318471337
14151;17727;0,001273885350318471337
14151;17826;0,001273885350318471337
14151;17930;0,001273885350318471337
14151;18247;0,001273885350318471337
14151;18258;0,001273885350318471337
14151;18979;0,001273885350318471337
14151;19031;0,001273885350318471337
14151;19176;0,001273885350318471337
14151;19177;0,001273885350318471337
14151;19186;0,001273885350318471337
14151;19195;0,001273885350318471337
14151;19197;0,001273885350318471337
14151;19198;0,001273885350318471337
14151;20666;0,001273885350318471337
14151;20668;0,001273885350318471337
14151;20770;0,001273885350318471337
14151;20801;0,001273885350318471337
14151;20915;0,001273885350318471337
14151;21396;0,001273885350318471337
14151;21470;0,001273885350318471337
14151;21496;0,001273885350318471337
14151;21514;0,001273885350318471337
14151;21597;0,001273885350318471337
14151;21684;0,001273885350318471337
14151;21750;0,001273885350318471337
14151;22495;0,001273885350318471337
14151;23096;0,001273885350318471337
14151;23419;0,001273885350318471337
14151;23928;0,001273885350318471337
14151;23932;0,001273885350318471337
14151;24076;0,001273885350318471337
14151;24209;0,001273885350318471337
14151;24370;0,001273885350318471337
14151;24371;0,001273885350318471337
14151;24536;0,001273885350318471337
14151;24837;0,001273885350318471337
14151;24838;0,001273885350318471337
14151;24839;0,001273885350318471337
14151;25653;0,001273885350318471337
14151;25849;0,001273885350318471337
14151;26347;0,001273885350318471337
14151;26354;0,001273885350318471337
14151;26502;0,001273885350318471337
14151;27079;0,001273885350318471337
14151;27173;0,001273885350318471337
14151;27286;0,001273885350318471337
14151;27390;0,001273885350318471337
14151;27422;0,001273885350318471337
14151;27427;0,001273885350318471337
14151;27480;0,001273885350318471337
14151;27494;0,001273885350318471337
14151;27500;0,001273885350318471337
14151;27512;0,001273885350318471337
14151;27557;0,001273885350318471337
14151;27588;0,001273885350318471337
14151;27620;0,001273885350318471337
14151;27639;0,001273885350318471337
14151;27640;0,001273885350318471337
14151;27699;0,001273885350318471337
14151;27783;0,001273885350318471337
14151;27807;0,001273885350318471337
14151;27813;0,001273885350318471337
14151;27837;0,001273885350318471337
14151;27841;0,001273885350318471337
14151;27857;0,001273885350318471337
14151;27862;0,001273885350318471337
14151;27865;0,001273885350318471337
14151;27892;0,001273885350318471337
14151;27893;0,001273885350318471337
14151;27902;0,001273885350318471337
14151;27938;0,001273885350318471337
14151;27984;0,001273885350318471337
14151;28034;0,001273885350318471337
14151;28372;0,001273885350318471337
14151;28405;0,001273885350318471337
14151;28434;0,001273885350318471337
14151;28457;0,001273885350318471337
14151;28463;0,001273885350318471337
14151;28467;0,001273885350318471337
14151;28523;0,001273885350318471337
14151;28530;0,001273885350318471337
14151;28544;0,001273885350318471337
14151;28580;0,001273885350318471337
14151;28598;0,001273885350318471337
14151;29014;0,001273885350318471337
14151;29376;0,002547770700636942675
14151;31885;0,003821656050955414012
14151;34696;0,001273885350318471337
14151;54440;0,001273885350318471337
14151;56195;0,001273885350318471337
14151;56282;0,001273885350318471337
14151;58138;0,001273885350318471337
14151;67591;0,001273885350318471337
14151;67593;0,001273885350318471337
14151;83231;0,003821656050955414012
14151;116409;0,001273885350318471337
14151;144425;0,002547770700636942675
14151;184987;0,002547770700636942675
14151;219132;0,001273885350318471337
14151;229072;0,001273885350318471337
14151;238453;0,001273885350318471337
14151;247698;0,001273885350318471337
14151;248334;0,001273885350318471337
14151;248834;0,001273885350318471337
14151;248836;0,001273885350318471337
14151;248837;0,001273885350318471337
14151;251573;0,001273885350318471337
14151;255463;0,001273885350318471337
14151;255726;0,001273885350318471337
14151;255740;0,001273885350318471337
14151;255741;0,001273885350318471337
14151;255863;0,001273885350318471337
14151;255899;0,001273885350318471337
14151;256235;0,001273885350318471337
14151;256804;0,001273885350318471337
14151;257158;0,001273885350318471337
14151;257324;0,001273885350318471337
14151;259339;0,001273885350318471337
14151;259341;0,001273885350318471337
14151;276505;0,001273885350318471337
14151;276695;0,001273885350318471337
14151;276780;0,001273885350318471337
14151;280033;0,001273885350318471337
14151;281067;0,001273885350318471337
14151;281170;0,001273885350318471337
14151;284852;0,001273885350318471337
14151;284853;0,001273885350318471337
14151;284854;0,001273885350318471337
14151;284855;0,001273885350318471337
14151;284856;0,001273885350318471337
14151;286660;0,001273885350318471337
15471;275;1,000000000000000000000
16644;4262;1,000000000000000000000
17584;8062;1,000000000000000000000
17634;29376;1,000000000000000000000
17826;1162;1,000000000000000000000
18258;1127;1,000000000000000000000
19031;7759;1,000000000000000000000
19419;923;1,000000000000000000000
20235;138;0,500000000000000000000
20235;454;0,500000000000000000000
20303;104;0,125000000000000000000
20303;265;0,125000000000000000000
20303;945;0,250000000000000000000
20303;975;0,125000000000000000000
20303;1476;0,125000000000000000000
20303;3968;0,125000000000000000000
20303;6892;0,125000000000000000000
20414;3178;1,000000000000000000000
20801;5945;1,000000000000000000000
21112;388;1,000000000000000000000
21154;1236;0,500000000000000000000
21154;2111;0,500000000000000000000
21396;135;0,500000000000000000000
21396;1608;0,166666666666666666666
21396;1700;0,166666666666666666666
21396;4085;0,166666666666666666666
21697;2591;1,000000000000000000000
23720;718;1,000000000000000000000
23730;1265;1,000000000000000000000
24259;5638;1,000000000000000000000
25052;27476;1,000000000000000000000
27639;1064;0,500000000000000000000
27639;6634;0,500000000000000000000
27708;7874;1,000000000000000000000
27826;89703;1,000000000000000000000
27830;89703;1,000000000000000000000
28195;8820;1,000000000000000000000
28342;3560;1,000000000000000000000
28397;35;1,000000000000000000000
28629;9707;0,500000000000000000000
28629;17678;0,500000000000000000000
28784;2838;1,000000000000000000000
28930;551;0,061224489795918367346
28930;1344;0,061224489795918367346
28930;1454;0,040816326530612244897
28930;1898;0,040816326530612244897
28930;2743;0,061224489795918367346
28930;3420;0,061224489795918367346
28930;3685;0,020408163265306122448
28930;7717;0,040816326530612244897
28930;7975;0,061224489795918367346
28930;8212;0,040816326530612244897
28930;12959;0,061224489795918367346
28930;15737;0,040816326530612244897
28930;23759;0,020408163265306122448
28930;24259;0,040816326530612244897
28930;152027;0,346938775510204081632
29028;9651;1,000000000000000000000
29081;1768;1,000000000000000000000
29376;3772;0,166666666666666666666
29376;4181;0,166666666666666666666
29376;6061;0,166666666666666666666
29376;17634;0,333333333333333333333
29376;25334;0,166666666666666666666
34784;4379;1,000000000000000000000
37812;1483;0,166666666666666666666
37812;8062;0,166666666666666666666
37812;9668;0,166666666666666666666
37812;10507;0,166666666666666666666
37812;17516;0,166666666666666666666
37812;37814;0,166666666666666666666
48255;65;0,050000000000000000000
48255;452;0,050000000000000000000
48255;689;0,050000000000000000000
48255;768;0,050000000000000000000
48255;1046;0,050000000000000000000
48255;1703;0,050000000000000000000
48255;1864;0,050000000000000000000
48255;1939;0,025000000000000000000
48255;2287;0,050000000000000000000
48255;2661;0,075000000000000000000
48255;3996;0,050000000000000000000
48255;4058;0,075000000000000000000
48255;6567;0,050000000000000000000
48255;6962;0,025000000000000000000
48255;7160;0,050000000000000000000
48255;7968;0,050000000000000000000
48255;8460;0,050000000000000000000
48255;12430;0,050000000000000000000
48255;15586;0,050000000000000000000
48255;28538;0,050000000000000000000
59745;277;0,148148148148148148148
59745;360;0,074074074074074074074
59745;558;0,037037037037037037037
59745;695;0,037037037037037037037
59745;700;0,074074074074074074074
59745;983;0,037037037037037037037
59745;1169;0,370370370370370370370
59745;5071;0,148148148148148148148
59745;59841;0,074074074074074074074
59841;283;0,030303030303030303030
59841;296;0,030303030303030303030
59841;846;0,030303030303030303030
59841;1224;0,090909090909090909090
59841;2435;0,030303030303030303030
59841;2697;0,030303030303030303030
59841;2731;0,333333333333333333333
59841;2863;0,030303030303030303030
59841;3123;0,030303030303030303030
59841;3256;0,030303030303030303030
59841;3427;0,030303030303030303030
59841;3683;0,030303030303030303030
59841;5149;0,030303030303030303030
59841;7975;0,030303030303030303030
59841;8715;0,030303030303030303030
59841;12959;0,030303030303030303030
59841;14481;0,030303030303030303030
59841;59745;0,121212121212121212121
65998;2175;1,000000000000000000000
73857;1988;0,500000000000000000000
73857;5449;0,500000000000000000000
75230;1545;0,400000000000000000000
75230;1967;0,600000000000000000000
75827;213;0,111111111111111111111
75827;747;0,444444444444444444444
75827;10658;0,111111111111111111111
75827;28826;0,333333333333333333333
75828;71411;1,000000000000000000000
77678;1556;0,666666666666666666666
77678;5636;0,333333333333333333333
113392;3685;1,000000000000000000000
113459;2435;1,000000000000000000000
114536;174;1,000000000000000000000
115105;992;0,333333333333333333333
115105;2684;0,666666666666666666666
116140;125861;1,000000000000000000000
136664;13769;1,000000000000000000000
140271;3359;0,500000000000000000000
140271;5607;0,500000000000000000000
159122;1967;1,000000000000000000000
160268;1182;1,000000000000000000000
169356;3085;0,500000000000000000000
169356;9806;0,500000000000000000000
184646;2561;1,000000000000000000000
189452;8909;0,500000000000000000000
189452;9898;0,500000000000000000000
192866;845;1,000000000000000000000
237304;2657;1,000000000000000000000
239963;643;1,000000000000000000000
240182;6723;1,000000000000000000000
245879;1342;0,400000000000000000000
245879;4747;0,300000000000000000000
245879;5628;0,200000000000000000000
245879;12391;0,100000000000000000000
247698;27422;1,000000000000000000000
248334;8447;1,000000000000000000000
248841;1556;1,000000000000000000000
251573;12775;1,000000000000000000000
256951;3665;1,000000000000000000000
276963;749;1,000000000000000000000
