9;48;1,000000000000000000000
48;3182;0,125000000000000000000
48;4148;0,125000000000000000000
48;4831;0,250000000000000000000
48;7126;0,125000000000000000000
48;15207;0,125000000000000000000
48;19199;0,250000000000000000000
54;294;0,166666666666666666666
54;435;0,166666666666666666666
54;579;0,166666666666666666666
54;6693;0,166666666666666666666
54;13720;0,166666666666666666666
54;59745;0,166666666666666666666
71;194;0,500000000000000000000
71;628;0,500000000000000000000
77;1393;0,333333333333333333333
77;1717;0,666666666666666666666
80;531;0,750000000000000000000
80;668;0,250000000000000000000
96;1988;0,166666666666666666666
96;2293;0,166666666666666666666
96;3219;0,166666666666666666666
96;3753;0,333333333333333333333
96;281170;0,166666666666666666666
102;668;1,000000000000000000000
104;4432;1,000000000000000000000
115;1855;0,071428571428571428571
115;335189;0,285714285714285714285
115;343358;0,142857142857142857142
115;383630;0,142857142857142857142
115;484680;0,214285714285714285714
115;1082368;0,142857142857142857142
127;289;0,500000000000000000000
127;2826;0,500000000000000000000
132;550;1,000000000000000000000
135;13;0,055555555555555555555
135;111;0,222222222222222222222
135;183;0,055555555555555555555
135;354;0,055555555555555555555
135;964;0,111111111111111111111
135;1277;0,055555555555555555555
135;1391;0,055555555555555555555
135;1939;0,055555555555555555555
135;2445;0,055555555555555555555
135;2713;0,111111111111111111111
135;3235;0,055555555555555555555
135;7160;0,111111111111111111111
179;211;1,000000000000000000000
183;135;1,000000000000000000000
190;9421;1,000000000000000000000
192;5564;1,000000000000000000000
194;71;0,200000000000000000000
194;240;0,200000000000000000000
194;628;0,200000000000000000000
194;1754;0,400000000000000000000
206;9391;1,000000000000000000000
211;5089;1,000000000000000000000
213;71411;0,500000000000000000000
213;403195;0,500000000000000000000
218;752;1,000000000000000000000
228;284853;1,000000000000000000000
241;873;0,333333333333333333333
241;2398;0,333333333333333333333
241;3872;0,333333333333333333333
242;2736;0,333333333333333333333
242;3141;0,666666666666666666666
249;283;0,200000000000000000000
249;1142;0,200000000000000000000
249;2293;0,200000000000000000000
249;19939;0,200000000000000000000
249;813240;0,200000000000000000000
256;208;1,000000000000000000000
261;237;0,500000000000000000000
261;1364;0,500000000000000000000
263;131;0,272727272727272727272
263;420;0,181818181818181818181
263;829;0,363636363636363636363
263;846;0,181818181818181818181
266;428;0,333333333333333333333
266;3944;0,333333333333333333333
266;13398;0,333333333333333333333
279;2706;1,000000000000000000000
284;4592;1,000000000000000000000
289;127;1,000000000000000000000
296;2350;1,000000000000000000000
306;1719;1,000000000000000000000
309;1948;1,000000000000000000000
310;554;0,285714285714285714285
310;2851;0,142857142857142857142
310;8539;0,428571428571428571428
310;30091;0,142857142857142857142
317;318;0,500000000000000000000
317;3836;0,500000000000000000000
318;317;1,000000000000000000000
324;1893;1,000000000000000000000
341;742;1,000000000000000000000
354;98841;1,000000000000000000000
365;3143;1,000000000000000000000
395;418;1,000000000000000000000
403;3449;1,000000000000000000000
404;458;1,000000000000000000000
407;5626;1,000000000000000000000
409;418;1,000000000000000000000
414;1127;0,200000000000000000000
414;106943;0,800000000000000000000
415;120;1,000000000000000000000
418;1663;1,000000000000000000000
428;266;0,500000000000000000000
428;3395;0,500000000000000000000
454;366089;1,000000000000000000000
472;249;1,000000000000000000000
479;4379;0,166666666666666666666
479;5013;0,166666666666666666666
479;8442;0,083333333333333333333
479;8473;0,583333333333333333333
490;343358;1,000000000000000000000
492;870;1,000000000000000000000
498;6554;1,000000000000000000000
502;530;0,333333333333333333333
502;668;0,333333333333333333333
502;1248;0,333333333333333333333
513;138;1,000000000000000000000
520;240;0,150000000000000000000
520;362;0,050000000000000000000
520;521;0,050000000000000000000
520;522;0,050000000000000000000
520;523;0,050000000000000000000
520;524;0,050000000000000000000
520;525;0,100000000000000000000
520;526;0,050000000000000000000
520;527;0,050000000000000000000
520;528;0,050000000000000000000
520;529;0,050000000000000000000
520;1182;0,050000000000000000000
520;1314;0,100000000000000000000
520;1778;0,050000000000000000000
520;4998;0,050000000000000000000
520;759294;0,050000000000000000000
524;1234;0,333333333333333333333
524;2779;0,333333333333333333333
524;3356;0,333333333333333333333
526;9396;1,000000000000000000000
527;2596;0,500000000000000000000
527;17248;0,500000000000000000000
538;4278;1,000000000000000000000
546;727998;1,000000000000000000000
550;596;0,666666666666666666666
550;1663;0,333333333333333333333
608;1083;1,000000000000000000000
613;527;0,333333333333333333333
613;4307;0,666666666666666666666
615;281170;1,000000000000000000000
622;190;0,166666666666666666666
622;878;0,166666666666666666666
622;2385;0,166666666666666666666
622;4525;0,166666666666666666666
622;7759;0,166666666666666666666
622;9409;0,166666666666666666666
625;122;1,000000000000000000000
628;71;0,142857142857142857142
628;567;0,142857142857142857142
628;689;0,142857142857142857142
628;1234;0,285714285714285714285
628;349041;0,285714285714285714285
668;80;0,176470588235294117647
668;102;0,058823529411764705882
668;502;0,117647058823529411764
668;530;0,294117647058823529411
668;876;0,117647058823529411764
668;1131;0,058823529411764705882
668;3515;0,058823529411764705882
668;13482;0,058823529411764705882
668;507180;0,058823529411764705882
669;24;0,076923076923076923076
669;65;0,076923076923076923076
669;706;0,076923076923076923076
669;983;0,076923076923076923076
669;1513;0,076923076923076923076
669;2008;0,076923076923076923076
669;2184;0,076923076923076923076
669;2223;0,153846153846153846153
669;2697;0,076923076923076923076
669;4744;0,076923076923076923076
669;5175;0,076923076923076923076
669;48862;0,076923076923076923076
678;1889;0,142857142857142857142
678;2661;0,142857142857142857142
678;2684;0,571428571428571428571
678;7160;0,142857142857142857142
689;23419;1,000000000000000000000
700;1110539;1,000000000000000000000
712;129349;1,000000000000000000000
724;4777;1,000000000000000000000
740;1902;0,200000000000000000000
740;5610;0,200000000000000000000
740;5909;0,400000000000000000000
740;14048;0,200000000000000000000
747;748;0,400000000000000000000
747;3420;0,200000000000000000000
747;3607;0,200000000000000000000
747;81648;0,200000000000000000000
748;747;0,500000000000000000000
748;38738;0,250000000000000000000
748;75827;0,250000000000000000000
749;1939;0,100000000000000000000
749;3766;0,100000000000000000000
749;112062;0,400000000000000000000
749;131383;0,100000000000000000000
749;398786;0,100000000000000000000
749;398787;0,200000000000000000000
771;2291;0,250000000000000000000
771;3234;0,250000000000000000000
771;9627;0,250000000000000000000
771;28112;0,250000000000000000000
774;995;1,000000000000000000000
787;285;0,500000000000000000000
787;1710;0,500000000000000000000
791;2254;1,000000000000000000000
815;7759;1,000000000000000000000
819;111;0,090909090909090909090
819;452;0,181818181818181818181
819;876;0,090909090909090909090
819;933;0,636363636363636363636
827;2355;1,000000000000000000000
829;12;0,071428571428571428571
829;131;0,071428571428571428571
829;263;0,142857142857142857142
829;1182;0,071428571428571428571
829;1843;0,142857142857142857142
829;1988;0,071428571428571428571
829;2817;0,071428571428571428571
829;3394;0,071428571428571428571
829;5691;0,071428571428571428571
829;27198;0,071428571428571428571
829;1080816;0,142857142857142857142
837;1110539;1,000000000000000000000
844;1719;0,500000000000000000000
844;9338;0,500000000000000000000
845;744;0,400000000000000000000
845;1724;0,200000000000000000000
845;131383;0,200000000000000000000
845;398787;0,200000000000000000000
846;263;0,076923076923076923076
846;277;0,076923076923076923076
846;283;0,076923076923076923076
846;420;0,076923076923076923076
846;829;0,076923076923076923076
846;1437;0,076923076923076923076
846;2697;0,076923076923076923076
846;3105;0,076923076923076923076
846;131383;0,076923076923076923076
846;329272;0,076923076923076923076
846;398787;0,076923076923076923076
846;533247;0,153846153846153846153
854;5071;1,000000000000000000000
860;1988;0,833333333333333333333
860;474028;0,166666666666666666666
861;1570;0,500000000000000000000
861;216172;0,500000000000000000000
866;7564;0,500000000000000000000
866;9184;0,500000000000000000000
886;543;1,000000000000000000000
887;18258;1,000000000000000000000
925;19939;1,000000000000000000000
933;452;0,333333333333333333333
933;819;0,666666666666666666666
956;955;1,000000000000000000000
977;5564;1,000000000000000000000
980;1277;0,714285714285714285714
980;3619;0,285714285714285714285
982;1041;0,500000000000000000000
982;5640;0,500000000000000000000
983;21697;0,666666666666666666666
983;59745;0,333333333333333333333
1010;1018;0,333333333333333333333
1010;2001;0,333333333333333333333
1010;3809;0,333333333333333333333
1041;845;0,263157894736842105263
1041;982;0,421052631578947368421
1041;193005;0,105263157894736842105
1041;767166;0,210526315789473684210
1058;859;1,000000000000000000000
1066;9391;0,500000000000000000000
1066;533247;0,500000000000000000000
1069;3701;0,200000000000000000000
1069;4627;0,200000000000000000000
1069;6007;0,200000000000000000000
1069;6008;0,200000000000000000000
1069;12423;0,200000000000000000000
1085;8756;1,000000000000000000000
1094;4667;0,333333333333333333333
1094;8756;0,333333333333333333333
1094;25264;0,333333333333333333333
1101;90;0,200000000000000000000
1101;1632;0,200000000000000000000
1101;5564;0,600000000000000000000
1118;1064740;1,000000000000000000000
1135;638;0,250000000000000000000
1135;17269;0,250000000000000000000
1135;1110187;0,500000000000000000000
1141;860;0,250000000000000000000
1141;2293;0,750000000000000000000
1142;771;1,000000000000000000000
1150;4386;1,000000000000000000000
1154;983;1,000000000000000000000
1164;5029;1,000000000000000000000
1169;100;0,035714285714285714285
1169;138;0,071428571428571428571
1169;276;0,035714285714285714285
1169;695;0,071428571428571428571
1169;1942;0,071428571428571428571
1169;1943;0,071428571428571428571
1169;1945;0,071428571428571428571
1169;4512;0,071428571428571428571
1169;59745;0,285714285714285714285
1169;98841;0,071428571428571428571
1169;131383;0,071428571428571428571
1169;1173768;0,071428571428571428571
1173;3564;0,333333333333333333333
1173;7411;0,666666666666666666666
1196;1264;0,250000000000000000000
1196;2398;0,125000000000000000000
1196;2512;0,125000000000000000000
1196;4059;0,375000000000000000000
1196;727898;0,125000000000000000000
1198;14652;1,000000000000000000000
1225;669;0,666666666666666666666
1225;78108;0,333333333333333333333
1228;1457;1,000000000000000000000
1231;2736;0,200000000000000000000
1231;3141;0,800000000000000000000
1234;520;0,076923076923076923076
1234;524;0,076923076923076923076
1234;528;0,076923076923076923076
1234;628;0,076923076923076923076
1234;1277;0,461538461538461538461
1234;1340;0,076923076923076923076
1234;2111;0,153846153846153846153
1250;360;1,000000000000000000000
1261;12;0,222222222222222222222
1261;160;0,222222222222222222222
1261;440;0,222222222222222222222
1261;1106;0,222222222222222222222
1261;8787;0,111111111111111111111
1277;135;0,375000000000000000000
1277;980;0,125000000000000000000
1277;1234;0,250000000000000000000
1277;2111;0,125000000000000000000
1277;2684;0,125000000000000000000
1282;24460;1,000000000000000000000
1288;2350;1,000000000000000000000
1293;8268;1,000000000000000000000
1321;2826;1,000000000000000000000
1335;622;1,000000000000000000000
1340;351;0,333333333333333333333
1340;1234;0,666666666666666666666
1344;179346;0,500000000000000000000
1344;1086504;0,500000000000000000000
1364;237;0,666666666666666666666
1364;261;0,333333333333333333333
1370;135;0,111111111111111111111
1370;183;0,111111111111111111111
1370;281;0,111111111111111111111
1370;1391;0,111111111111111111111
1370;693032;0,444444444444444444444
1370;791903;0,111111111111111111111
1374;484;1,000000000000000000000
1379;591752;1,000000000000000000000
1393;77;1,000000000000000000000
1419;8623;1,000000000000000000000
1434;2778;1,000000000000000000000
1439;40;0,012500000000000000000
1439;275;0,012500000000000000000
1439;282;0,012500000000000000000
1439;484;0,012500000000000000000
1439;518;0,012500000000000000000
1439;635;0,012500000000000000000
1439;731;0,012500000000000000000
1439;747;0,012500000000000000000
1439;748;0,012500000000000000000
1439;882;0,012500000000000000000
1439;1094;0,012500000000000000000
1439;1164;0,012500000000000000000
1439;1192;0,012500000000000000000
1439;1429;0,012500000000000000000
1439;1471;0,012500000000000000000
1439;1637;0,012500000000000000000
1439;1684;0,012500000000000000000
1439;1785;0,012500000000000000000
1439;1810;0,012500000000000000000
1439;1831;0,012500000000000000000
1439;2075;0,012500000000000000000
1439;2080;0,012500000000000000000
1439;2083;0,012500000000000000000
1439;2712;0,012500000000000000000
1439;2734;0,012500000000000000000
1439;3091;0,012500000000000000000
1439;3161;0,012500000000000000000
1439;3420;0,012500000000000000000
1439;3436;0,012500000000000000000
1439;3797;0,012500000000000000000
1439;4476;0,012500000000000000000
1439;4667;0,012500000000000000000
1439;5083;0,012500000000000000000
1439;5177;0,012500000000000000000
1439;5654;0,012500000000000000000
1439;6058;0,012500000000000000000
1439;6955;0,012500000000000000000
1439;7322;0,012500000000000000000
1439;7480;0,012500000000000000000
1439;7560;0,012500000000000000000
1439;7711;0,012500000000000000000
1439;8512;0,012500000000000000000
1439;8516;0,012500000000000000000
1439;9356;0,012500000000000000000
1439;10338;0,012500000000000000000
1439;10724;0,012500000000000000000
1439;11552;0,012500000000000000000
1439;12938;0,012500000000000000000
1439;15048;0,012500000000000000000
1439;15471;0,012500000000000000000
1439;22211;0,012500000000000000000
1439;22298;0,012500000000000000000
1439;25264;0,012500000000000000000
1439;25488;0,012500000000000000000
1439;28822;0,012500000000000000000
1439;28826;0,012500000000000000000
1439;30063;0,012500000000000000000
1439;30811;0,012500000000000000000
1439;36186;0,012500000000000000000
1439;37811;0,012500000000000000000
1439;37815;0,012500000000000000000
1439;38738;0,012500000000000000000
1439;42210;0,012500000000000000000
1439;45604;0,012500000000000000000
1439;45724;0,012500000000000000000
1439;47352;0,012500000000000000000
1439;50332;0,012500000000000000000
1439;50959;0,012500000000000000000
1439;55041;0,012500000000000000000
1439;76428;0,012500000000000000000
1439;81648;0,012500000000000000000
1439;95154;0,012500000000000000000
1439;99942;0,012500000000000000000
1439;105800;0,012500000000000000000
1439;116409;0,012500000000000000000
1439;173893;0,012500000000000000000
1439;282773;0,012500000000000000000
1439;319841;0,012500000000000000000
1439;440497;0,012500000000000000000
1439;653504;0,012500000000000000000
1454;1173;1,000000000000000000000
1457;1228;0,250000000000000000000
1457;2023;0,375000000000000000000
1457;2131;0,125000000000000000000
1457;2509;0,250000000000000000000
1462;4041;1,000000000000000000000
1464;1637;1,000000000000000000000
1487;909;0,875000000000000000000
1487;1089;0,062500000000000000000
1487;3971;0,062500000000000000000
1508;7281;1,000000000000000000000
1510;1140;1,000000000000000000000
1513;1160;0,200000000000000000000
1513;2990;0,200000000000000000000
1513;4350;0,200000000000000000000
1513;13671;0,400000000000000000000
1526;4020;1,000000000000000000000
1554;793;0,058823529411764705882
1554;1845;0,411764705882352941176
1554;2374;0,529411764705882352941
1556;3905;0,500000000000000000000
1556;12596;0,500000000000000000000
1565;1688;1,000000000000000000000
1570;861;1,000000000000000000000
1596;5440;1,000000000000000000000
1625;9413;1,000000000000000000000
1629;1763;1,000000000000000000000
1639;771;1,000000000000000000000
1663;407;0,500000000000000000000
1663;418;0,500000000000000000000
1667;9389;1,000000000000000000000
1681;642;1,000000000000000000000
1697;5753;0,500000000000000000000
1697;7994;0,500000000000000000000
1700;2470;0,500000000000000000000
1700;21750;0,500000000000000000000
1703;7994;1,000000000000000000000
1708;284855;1,000000000000000000000
1710;9258;1,000000000000000000000
1717;77;1,000000000000000000000
1727;120;1,000000000000000000000
1741;4117;1,000000000000000000000
1763;1629;1,000000000000000000000
1771;16497;1,000000000000000000000
1778;520;1,000000000000000000000
1779;237;1,000000000000000000000
1780;7759;1,000000000000000000000
1785;826;0,500000000000000000000
1785;2614;0,500000000000000000000
1824;10085;1,000000000000000000000
1843;829;1,000000000000000000000
1854;19402;1,000000000000000000000
1855;115;1,000000000000000000000
1862;83;1,000000000000000000000
1866;3548;1,000000000000000000000
1873;899;1,000000000000000000000
1889;2684;0,750000000000000000000
1889;6609;0,250000000000000000000
1893;324;1,000000000000000000000
1897;528;0,200000000000000000000
1897;966;0,200000000000000000000
1897;1844;0,400000000000000000000
1897;78108;0,200000000000000000000
1902;2;1,000000000000000000000
1940;194;0,500000000000000000000
1940;349041;0,500000000000000000000
1949;793;0,142857142857142857142
1949;1053;0,142857142857142857142
1949;3802;0,142857142857142857142
1949;5856;0,142857142857142857142
1949;367451;0,142857142857142857142
1949;1101851;0,285714285714285714285
1988;168;0,052631578947368421052
1988;829;0,105263157894736842105
1988;860;0,210526315789473684210
1988;2293;0,052631578947368421052
1988;3601;0,157894736842105263157
1988;4881;0,421052631578947368421
1996;8253;1,000000000000000000000
2015;2884;0,500000000000000000000
2015;3891;0,500000000000000000000
2017;1109;0,666666666666666666666
2017;8933;0,333333333333333333333
2021;3105;1,000000000000000000000
2023;1457;1,000000000000000000000
2070;5632;1,000000000000000000000
2075;1439;1,000000000000000000000
2080;12375;1,000000000000000000000
2099;2445;0,500000000000000000000
2099;3802;0,500000000000000000000
2111;427;0,200000000000000000000
2111;1234;0,200000000000000000000
2111;1591;0,400000000000000000000
2111;10188;0,200000000000000000000
2112;398787;1,000000000000000000000
2117;885;1,000000000000000000000
2129;3993;1,000000000000000000000
2130;1140;1,000000000000000000000
2146;90;1,000000000000000000000
2164;1048032;1,000000000000000000000
2195;1173;1,000000000000000000000
2204;5001;1,000000000000000000000
2239;163;0,250000000000000000000
2239;1991;0,500000000000000000000
2239;4299;0,250000000000000000000
2254;791;1,000000000000000000000
2275;26251;1,000000000000000000000
2287;475;0,166666666666666666666
2287;1468;0,083333333333333333333
2287;2420;0,083333333333333333333
2287;2421;0,166666666666666666666
2287;6765;0,166666666666666666666
2287;25230;0,166666666666666666666
2287;27478;0,166666666666666666666
2293;96;0,200000000000000000000
2293;249;0,100000000000000000000
2293;1141;0,400000000000000000000
2293;3753;0,300000000000000000000
2337;2438;1,000000000000000000000
2349;9208;1,000000000000000000000
2350;1288;0,500000000000000000000
2350;59745;0,500000000000000000000
2352;543;1,000000000000000000000
2355;827;1,000000000000000000000
2359;352262;1,000000000000000000000
2364;2972;0,090909090909090909090
2364;3099;0,090909090909090909090
2364;4988;0,090909090909090909090
2364;431565;0,272727272727272727272
2364;1080816;0,363636363636363636363
2364;1122255;0,090909090909090909090
2374;1554;0,461538461538461538461
2374;1845;0,538461538461538461538
2379;13;1,000000000000000000000
2383;266;1,000000000000000000000
2390;4592;1,000000000000000000000
2398;241;0,500000000000000000000
2398;9258;0,500000000000000000000
2421;2287;1,000000000000000000000
2422;101;0,500000000000000000000
2422;9567;0,500000000000000000000
2428;239969;1,000000000000000000000
2438;2337;1,000000000000000000000
2445;527;0,500000000000000000000
2445;3802;0,500000000000000000000
2470;1560;0,200000000000000000000
2470;1565;0,200000000000000000000
2470;1688;0,200000000000000000000
2470;1700;0,200000000000000000000
2470;21750;0,200000000000000000000
2487;57;0,047619047619047619047
2487;82;0,047619047619047619047
2487;89;0,190476190476190476190
2487;1040;0,047619047619047619047
2487;3237;0,047619047619047619047
2487;4729;0,190476190476190476190
2487;5306;0,190476190476190476190
2487;5659;0,047619047619047619047
2487;6523;0,047619047619047619047
2487;6962;0,142857142857142857142
2500;1080816;1,000000000000000000000
2503;4748;0,333333333333333333333
2503;14073;0,666666666666666666666
2515;281170;1,000000000000000000000
2554;3876;1,000000000000000000000
2578;13265;1,000000000000000000000
2596;527;1,000000000000000000000
2607;608895;0,500000000000000000000
2607;764124;0,500000000000000000000
2630;407;1,000000000000000000000
2647;484;1,000000000000000000000
2655;3429;1,000000000000000000000
2661;2684;0,666666666666666666666
2661;7160;0,333333333333333333333
2664;1521;1,000000000000000000000
2678;10860;1,000000000000000000000
2684;678;0,230769230769230769230
2684;980;0,153846153846153846153
2684;1277;0,076923076923076923076
2684;1889;0,153846153846153846153
2684;2661;0,153846153846153846153
2684;10188;0,076923076923076923076
2684;21154;0,153846153846153846153
2706;279;1,000000000000000000000
2712;1439;1,000000000000000000000
2713;6347;0,666666666666666666666
2713;7160;0,333333333333333333333
2778;6461;0,500000000000000000000
2778;131383;0,500000000000000000000
2779;2780;1,000000000000000000000
2792;2184;1,000000000000000000000
2803;16;0,012658227848101265822
2803;57;0,012658227848101265822
2803;71;0,012658227848101265822
2803;82;0,012658227848101265822
2803;89;0,012658227848101265822
2803;309;0,012658227848101265822
2803;369;0,012658227848101265822
2803;644;0,012658227848101265822
2803;645;0,012658227848101265822
2803;827;0,012658227848101265822
2803;835;0,012658227848101265822
2803;890;0,012658227848101265822
2803;1022;0,012658227848101265822
2803;1040;0,012658227848101265822
2803;1143;0,012658227848101265822
2803;1152;0,012658227848101265822
2803;1276;0,012658227848101265822
2803;1612;0,012658227848101265822
2803;1657;0,012658227848101265822
2803;1948;0,012658227848101265822
2803;2109;0,012658227848101265822
2803;2355;0,012658227848101265822
2803;2414;0,012658227848101265822
2803;2479;0,012658227848101265822
2803;2487;0,012658227848101265822
2803;2736;0,012658227848101265822
2803;2739;0,012658227848101265822
2803;2802;0,012658227848101265822
2803;3098;0,012658227848101265822
2803;3123;0,012658227848101265822
2803;3128;0,012658227848101265822
2803;3141;0,012658227848101265822
2803;3145;0,012658227848101265822
2803;3237;0,012658227848101265822
2803;3399;0,012658227848101265822
2803;3574;0,012658227848101265822
2803;3852;0,012658227848101265822
2803;3953;0,012658227848101265822
2803;3967;0,012658227848101265822
2803;3996;0,012658227848101265822
2803;4024;0,012658227848101265822
2803;4159;0,012658227848101265822
2803;4160;0,012658227848101265822
2803;4306;0,012658227848101265822
2803;4501;0,012658227848101265822
2803;4695;0,012658227848101265822
2803;4853;0,012658227848101265822
2803;5136;0,012658227848101265822
2803;5306;0,012658227848101265822
2803;5338;0,012658227848101265822
2803;5607;0,012658227848101265822
2803;6045;0,012658227848101265822
2803;6396;0,012658227848101265822
2803;6495;0,012658227848101265822
2803;6496;0,012658227848101265822
2803;6497;0,012658227848101265822
2803;6498;0,012658227848101265822
2803;6499;0,012658227848101265822
2803;6501;0,012658227848101265822
2803;6502;0,012658227848101265822
2803;6503;0,012658227848101265822
2803;6504;0,012658227848101265822
2803;6506;0,012658227848101265822
2803;6511;0,012658227848101265822
2803;6512;0,012658227848101265822
2803;6513;0,012658227848101265822
2803;6514;0,012658227848101265822
2803;6515;0,012658227848101265822
2803;6517;0,012658227848101265822
2803;6518;0,012658227848101265822
2803;6520;0,012658227848101265822
2803;6523;0,012658227848101265822
2803;6524;0,012658227848101265822
2803;6527;0,012658227848101265822
2803;7686;0,012658227848101265822
2803;8238;0,012658227848101265822
2803;93146;0,012658227848101265822
2803;140271;0,012658227848101265822
2803;743544;0,012658227848101265822
2826;127;0,833333333333333333333
2826;1321;0,166666666666666666666
2884;13158;1,000000000000000000000
2990;1513;1,000000000000000000000
3007;1393;1,000000000000000000000
3029;3557;1,000000000000000000000
3033;286660;1,000000000000000000000
3069;642;0,305882352941176470588
3069;1965;0,694117647058823529411
3099;2364;1,000000000000000000000
3100;14048;1,000000000000000000000
3105;846;0,666666666666666666666
3105;2021;0,333333333333333333333
3141;309;0,333333333333333333333
3141;1231;0,333333333333333333333
3141;3098;0,333333333333333333333
3142;6604;1,000000000000000000000
3143;365;1,000000000000000000000
3176;184987;1,000000000000000000000
3182;48;1,000000000000000000000
3251;10892;1,000000000000000000000
3301;28119;1,000000000000000000000
3340;3347;0,500000000000000000000
3340;3350;0,500000000000000000000
3344;61;0,666666666666666666666
3344;7275;0,333333333333333333333
3356;866;1,000000000000000000000
3362;17269;1,000000000000000000000
3383;196;1,000000000000000000000
3393;771;1,000000000000000000000
3394;829;0,500000000000000000000
3394;3564;0,500000000000000000000
3395;428;0,500000000000000000000
3395;829;0,500000000000000000000
3403;659900;1,000000000000000000000
3414;4262;1,000000000000000000000
3420;747;1,000000000000000000000
3427;1064;0,166666666666666666666
3427;1321;0,166666666666666666666
3427;1563;0,166666666666666666666
3427;8212;0,166666666666666666666
3427;114536;0,333333333333333333333
3429;2655;1,000000000000000000000
3475;407;0,500000000000000000000
3475;1663;0,500000000000000000000
3515;668;0,500000000000000000000
3515;4173;0,500000000000000000000
3518;13141;1,000000000000000000000
3585;5012;1,000000000000000000000
3587;1938;1,000000000000000000000
3588;8464;1,000000000000000000000
3619;980;1,000000000000000000000
3633;2293;1,000000000000000000000
3665;4497;0,333333333333333333333
3665;8623;0,666666666666666666666
3685;5627;0,333333333333333333333
3685;8267;0,333333333333333333333
3685;8306;0,333333333333333333333
3714;2779;1,000000000000000000000
3753;96;0,142857142857142857142
3753;2293;0,142857142857142857142
3753;3857;0,428571428571428571428
3753;5578;0,285714285714285714285
3766;398786;1,000000000000000000000
3800;521;1,000000000000000000000
3842;5037;0,500000000000000000000
3842;56282;0,500000000000000000000
3857;3753;1,000000000000000000000
3944;266;1,000000000000000000000
3968;2433;1,000000000000000000000
3971;1487;1,000000000000000000000
3978;2678;1,000000000000000000000
3980;8493;1,000000000000000000000
3983;2054;1,000000000000000000000
3993;2129;1,000000000000000000000
3998;1897;1,000000000000000000000
4021;275;1,000000000000000000000
4031;3091;1,000000000000000000000
4041;1462;1,000000000000000000000
4059;1196;0,500000000000000000000
4059;5005;0,500000000000000000000
4070;985164;1,000000000000000000000
4081;1965;1,000000000000000000000
4117;1741;1,000000000000000000000
4148;48;1,000000000000000000000
4172;2021;1,000000000000000000000
4173;668;0,500000000000000000000
4173;3515;0,500000000000000000000
4225;793;0,333333333333333333333
4225;2374;0,333333333333333333333
4225;6048;0,333333333333333333333
4229;642;1,000000000000000000000
4262;911;0,153846153846153846153
4262;3414;0,769230769230769230769
4262;4491;0,076923076923076923076
4269;8818;1,000000000000000000000
4280;2509;0,333333333333333333333
4280;4281;0,666666666666666666666
4281;4280;0,500000000000000000000
4281;9384;0,500000000000000000000
4299;2239;1,000000000000000000000
4317;5679;1,000000000000000000000
4355;1843;0,666666666666666666666
4355;5089;0,333333333333333333333
4359;11;0,500000000000000000000
4359;8489;0,500000000000000000000
4380;3944;0,200000000000000000000
4380;4493;0,200000000000000000000
4380;7564;0,600000000000000000000
4433;8454;1,000000000000000000000
4498;658;1,000000000000000000000
4552;41;0,500000000000000000000
4552;1261;0,500000000000000000000
4553;2302;0,166666666666666666666
4553;4890;0,166666666666666666666
4553;12880;0,166666666666666666666
4553;443599;0,500000000000000000000
4592;1583;0,363636363636363636363
4592;2390;0,454545454545454545454
4592;9258;0,181818181818181818181
4598;771;1,000000000000000000000
4621;3557;0,333333333333333333333
4621;5177;0,666666666666666666666
4639;576;1,000000000000000000000
4677;2057;1,000000000000000000000
4729;2487;1,000000000000000000000
4748;2503;1,000000000000000000000
4755;2492;0,500000000000000000000
4755;6234;0,500000000000000000000
4876;4877;1,000000000000000000000
4877;4876;1,000000000000000000000
4979;3356;1,000000000000000000000
5029;131;0,285714285714285714285
5029;1164;0,285714285714285714285
5029;1439;0,142857142857142857142
5029;1440;0,142857142857142857142
5029;2851;0,142857142857142857142
5167;4262;1,000000000000000000000
5168;1069;1,000000000000000000000
5177;3436;0,333333333333333333333
5177;4621;0,333333333333333333333
5177;8473;0,333333333333333333333
5219;5564;1,000000000000000000000
5306;2487;1,000000000000000000000
5309;4538;1,000000000000000000000
5392;6960;0,666666666666666666666
5392;12441;0,333333333333333333333
5440;1596;0,333333333333333333333
5440;2434;0,333333333333333333333
5440;13239;0,333333333333333333333
5464;178;0,062500000000000000000
5464;507;0,125000000000000000000
5464;1104;0,062500000000000000000
5464;1196;0,062500000000000000000
5464;1264;0,062500000000000000000
5464;1806;0,062500000000000000000
5464;1963;0,062500000000000000000
5464;2296;0,062500000000000000000
5464;3182;0,062500000000000000000
5464;3557;0,062500000000000000000
5464;5009;0,062500000000000000000
5464;7037;0,062500000000000000000
5464;8225;0,062500000000000000000
5464;15207;0,062500000000000000000
5464;19198;0,062500000000000000000
5506;5915;1,000000000000000000000
5519;5922;1,000000000000000000000
5543;4538;1,000000000000000000000
5564;192;0,075000000000000000000
5564;496;0,050000000000000000000
5564;977;0,025000000000000000000
5564;1101;0,025000000000000000000
5564;1109;0,025000000000000000000
5564;1667;0,050000000000000000000
5564;2037;0,050000000000000000000
5564;2046;0,025000000000000000000
5564;2271;0,050000000000000000000
5564;2272;0,050000000000000000000
5564;2359;0,050000000000000000000
5564;3296;0,050000000000000000000
5564;3591;0,050000000000000000000
5564;4364;0,050000000000000000000
5564;4561;0,050000000000000000000
5564;5214;0,050000000000000000000
5564;7762;0,050000000000000000000
5564;9387;0,025000000000000000000
5564;9413;0,050000000000000000000
5564;9432;0,050000000000000000000
5564;10946;0,050000000000000000000
5564;13372;0,050000000000000000000
5610;740;1,000000000000000000000
5613;1719;0,400000000000000000000
5613;2851;0,600000000000000000000
5638;277;0,500000000000000000000
5638;653116;0,500000000000000000000
5640;4039;1,000000000000000000000
5691;829;1,000000000000000000000
5784;3650;1,000000000000000000000
5886;3665;1,000000000000000000000
5892;3241;0,500000000000000000000
5892;6581;0,500000000000000000000
5909;740;1,000000000000000000000
5935;1778;1,000000000000000000000
6045;3145;1,000000000000000000000
6048;4225;1,000000000000000000000
6164;642;1,000000000000000000000
6234;9208;1,000000000000000000000
6347;2713;1,000000000000000000000
6502;1657;1,000000000000000000000
6503;1263;1,000000000000000000000
6624;3403;1,000000000000000000000
6693;54;1,000000000000000000000
6734;25205;1,000000000000000000000
6765;2287;1,000000000000000000000
6788;306;1,000000000000000000000
6892;1004;1,000000000000000000000
6962;65;0,018404907975460122699
6962;71;0,006134969325153374233
6962;115;0,006134969325153374233
6962;138;0,006134969325153374233
6962;181;0,006134969325153374233
6962;190;0,006134969325153374233
6962;194;0,006134969325153374233
6962;240;0,006134969325153374233
6962;289;0,006134969325153374233
6962;362;0,006134969325153374233
6962;420;0,006134969325153374233
6962;452;0,024539877300613496932
6962;475;0,024539877300613496932
6962;477;0,006134969325153374233
6962;529;0,006134969325153374233
6962;530;0,006134969325153374233
6962;625;0,006134969325153374233
6962;652;0,006134969325153374233
6962;698;0,006134969325153374233
6962;719;0,006134969325153374233
6962;722;0,006134969325153374233
6962;749;0,012269938650306748466
6962;768;0,006134969325153374233
6962;826;0,036809815950920245398
6962;876;0,006134969325153374233
6962;885;0,006134969325153374233
6962;890;0,006134969325153374233
6962;956;0,006134969325153374233
6962;1092;0,006134969325153374233
6962;1107;0,006134969325153374233
6962;1109;0,006134969325153374233
6962;1120;0,006134969325153374233
6962;1160;0,006134969325153374233
6962;1173;0,006134969325153374233
6962;1234;0,006134969325153374233
6962;1243;0,006134969325153374233
6962;1313;0,006134969325153374233
6962;1328;0,006134969325153374233
6962;1408;0,006134969325153374233
6962;1459;0,006134969325153374233
6962;1514;0,006134969325153374233
6962;1569;0,006134969325153374233
6962;1692;0,006134969325153374233
6962;1696;0,006134969325153374233
6962;1724;0,012269938650306748466
6962;1729;0,006134969325153374233
6962;1731;0,006134969325153374233
6962;1829;0,006134969325153374233
6962;1843;0,006134969325153374233
6962;1892;0,006134969325153374233
6962;1925;0,012269938650306748466
6962;2052;0,006134969325153374233
6962;2287;0,006134969325153374233
6962;2355;0,006134969325153374233
6962;2414;0,006134969325153374233
6962;2420;0,006134969325153374233
6962;2421;0,006134969325153374233
6962;2487;0,018404907975460122699
6962;2554;0,012269938650306748466
6962;2713;0,006134969325153374233
6962;2802;0,006134969325153374233
6962;3141;0,006134969325153374233
6962;3392;0,006134969325153374233
6962;3532;0,006134969325153374233
6962;3563;0,006134969325153374233
6962;3567;0,006134969325153374233
6962;3607;0,012269938650306748466
6962;3815;0,006134969325153374233
6962;3852;0,006134969325153374233
6962;3871;0,006134969325153374233
6962;3891;0,006134969325153374233
6962;3996;0,006134969325153374233
6962;4222;0,006134969325153374233
6962;4225;0,006134969325153374233
6962;4274;0,006134969325153374233
6962;4533;0,012269938650306748466
6962;4837;0,006134969325153374233
6962;4992;0,006134969325153374233
6962;5001;0,006134969325153374233
6962;5142;0,006134969325153374233
6962;5521;0,006134969325153374233
6962;5657;0,006134969325153374233
6962;6213;0,018404907975460122699
6962;6501;0,006134969325153374233
6962;6502;0,006134969325153374233
6962;6567;0,006134969325153374233
6962;6765;0,006134969325153374233
6962;7160;0,012269938650306748466
6962;7774;0,006134969325153374233
6962;8293;0,006134969325153374233
6962;8460;0,006134969325153374233
6962;8580;0,006134969325153374233
6962;8648;0,006134969325153374233
6962;8666;0,006134969325153374233
6962;8698;0,006134969325153374233
6962;8786;0,006134969325153374233
6962;8999;0,006134969325153374233
6962;9015;0,006134969325153374233
6962;9395;0,006134969325153374233
6962;10941;0,006134969325153374233
6962;12428;0,006134969325153374233
6962;12466;0,006134969325153374233
6962;12500;0,006134969325153374233
6962;12820;0,006134969325153374233
6962;13579;0,006134969325153374233
6962;13584;0,006134969325153374233
6962;13599;0,006134969325153374233
6962;13907;0,006134969325153374233
6962;14526;0,006134969325153374233
6962;14907;0,012269938650306748466
6962;15586;0,018404907975460122699
6962;25230;0,006134969325153374233
6962;27067;0,006134969325153374233
6962;27170;0,006134969325153374233
6962;27708;0,006134969325153374233
6962;27949;0,006134969325153374233
6962;27950;0,006134969325153374233
6962;27962;0,006134969325153374233
6962;28018;0,006134969325153374233
6962;28043;0,006134969325153374233
6962;28834;0,006134969325153374233
6962;50332;0,006134969325153374233
6962;50959;0,006134969325153374233
6962;52385;0,006134969325153374233
6962;54774;0,006134969325153374233
6962;59745;0,018404907975460122699
6962;112062;0,024539877300613496932
6962;324897;0,006134969325153374233
6962;333184;0,006134969325153374233
6962;366089;0,006134969325153374233
6962;660708;0,006134969325153374233
7049;1570;0,181818181818181818181
7049;1583;0,454545454545454545454
7049;10020;0,181818181818181818181
7049;12907;0,181818181818181818181
7080;1162;0,500000000000000000000
7080;2838;0,500000000000000000000
7126;48;1,000000000000000000000
7160;11;0,111111111111111111111
7160;135;0,111111111111111111111
7160;2661;0,333333333333333333333
7160;2713;0,222222222222222222222
7160;8095;0,111111111111111111111
7160;11680;0,111111111111111111111
7399;1013544;1,000000000000000000000
7418;1344;0,500000000000000000000
7418;5212;0,500000000000000000000
7543;1898;0,052631578947368421052
7543;2743;0,052631578947368421052
7543;2786;0,052631578947368421052
7543;3007;0,105263157894736842105
7543;3256;0,052631578947368421052
7543;3420;0,052631578947368421052
7543;7975;0,052631578947368421052
7543;12959;0,052631578947368421052
7543;152027;0,473684210526315789473
7543;329272;0,052631578947368421052
7564;2385;0,333333333333333333333
7564;4380;0,666666666666666666666
7578;1182;0,625000000000000000000
7578;4497;0,375000000000000000000
7605;443;0,500000000000000000000
7605;15643;0,500000000000000000000
7650;3116;1,000000000000000000000
7759;815;0,250000000000000000000
7759;866;0,250000000000000000000
7759;1780;0,250000000000000000000
7759;9208;0,250000000000000000000
7767;9415;1,000000000000000000000
7939;866;1,000000000000000000000
7994;1321;0,071428571428571428571
7994;1453;0,071428571428571428571
7994;1632;0,035714285714285714285
7994;1693;0,071428571428571428571
7994;1697;0,071428571428571428571
7994;1698;0,071428571428571428571
7994;1703;0,071428571428571428571
7994;1705;0,071428571428571428571
7994;1708;0,071428571428571428571
7994;2506;0,071428571428571428571
7994;3823;0,107142857142857142857
7994;8580;0,071428571428571428571
7994;10093;0,071428571428571428571
7994;28777;0,071428571428571428571
8050;2863;1,000000000000000000000
8162;275;1,000000000000000000000
8281;59;0,500000000000000000000
8281;10390;0,500000000000000000000
8306;2350;0,500000000000000000000
8306;393418;0,500000000000000000000
8320;2991;1,000000000000000000000
8353;356;1,000000000000000000000
8442;479;0,500000000000000000000
8442;520;0,500000000000000000000
8461;434663;1,000000000000000000000
8464;3588;0,500000000000000000000
8464;4497;0,500000000000000000000
8465;240;0,018518518518518518518
8465;362;0,018518518518518518518
8465;475;0,018518518518518518518
8465;479;0,018518518518518518518
8465;520;0,018518518518518518518
8465;525;0,018518518518518518518
8465;706;0,018518518518518518518
8465;793;0,018518518518518518518
8465;829;0,018518518518518518518
8465;852;0,018518518518518518518
8465;859;0,018518518518518518518
8465;1107;0,018518518518518518518
8465;1171;0,018518518518518518518
8465;1313;0,018518518518518518518
8465;1314;0,018518518518518518518
8465;1315;0,018518518518518518518
8465;1748;0,018518518518518518518
8465;1938;0,018518518518518518518
8465;2306;0,018518518518518518518
8465;2490;0,018518518518518518518
8465;2491;0,018518518518518518518
8465;2815;0,018518518518518518518
8465;3038;0,018518518518518518518
8465;3374;0,018518518518518518518
8465;3590;0,018518518518518518518
8465;4219;0,018518518518518518518
8465;4242;0,018518518518518518518
8465;4497;0,018518518518518518518
8465;4706;0,018518518518518518518
8465;4835;0,018518518518518518518
8465;4991;0,018518518518518518518
8465;4995;0,018518518518518518518
8465;4998;0,018518518518518518518
8465;4999;0,018518518518518518518
8465;5001;0,018518518518518518518
8465;5002;0,018518518518518518518
8465;5003;0,018518518518518518518
8465;5005;0,018518518518518518518
8465;5011;0,018518518518518518518
8465;5013;0,018518518518518518518
8465;5019;0,018518518518518518518
8465;5666;0,018518518518518518518
8465;5935;0,018518518518518518518
8465;8438;0,018518518518518518518
8465;8442;0,018518518518518518518
8465;8449;0,018518518518518518518
8465;8458;0,018518518518518518518
8465;8460;0,018518518518518518518
8465;8462;0,018518518518518518518
8465;8470;0,018518518518518518518
8465;8473;0,018518518518518518518
8465;8476;0,018518518518518518518
8465;21271;0,018518518518518518518
8465;310049;0,018518518518518518518
8473;479;0,714285714285714285714
8473;5177;0,142857142857142857142
8473;8442;0,142857142857142857142
8489;5872;1,000000000000000000000
8568;12706;1,000000000000000000000
8623;1419;0,400000000000000000000
8623;3665;0,400000000000000000000
8623;9391;0,200000000000000000000
8633;4748;1,000000000000000000000
8648;266;1,000000000000000000000
8786;122;0,666666666666666666666
8786;771;0,333333333333333333333
8787;8786;1,000000000000000000000
8818;4269;1,000000000000000000000
8827;3100;1,000000000000000000000
8842;12820;1,000000000000000000000
8858;45837;1,000000000000000000000
8910;2838;1,000000000000000000000
9047;4206;1,000000000000000000000
9158;977;1,000000000000000000000
9208;2349;0,875000000000000000000
9208;7759;0,125000000000000000000
9356;1439;1,000000000000000000000
9391;8623;1,000000000000000000000
9396;526;0,500000000000000000000
9396;5691;0,500000000000000000000
9414;5691;1,000000000000000000000
9554;4056;1,000000000000000000000
9651;9098;1,000000000000000000000
9657;771;1,000000000000000000000
9665;27998;1,000000000000000000000
9721;8985;1,000000000000000000000
9722;1227;0,500000000000000000000
9722;9762;0,500000000000000000000
9807;90;0,200000000000000000000
9807;911;0,200000000000000000000
9807;2503;0,400000000000000000000
9807;4748;0,200000000000000000000
9940;964;1,000000000000000000000
9968;2355;0,666666666666666666666
9968;4729;0,333333333333333333333
10000;3116;1,000000000000000000000
10085;1824;1,000000000000000000000
10109;1639;1,000000000000000000000
10175;248838;1,000000000000000000000
10338;1439;1,000000000000000000000
10602;351;0,500000000000000000000
10602;17276;0,500000000000000000000
10672;379;1,000000000000000000000
10763;771;1,000000000000000000000
10860;2678;1,000000000000000000000
10892;3251;1,000000000000000000000
11249;12889;1,000000000000000000000
11552;1439;1,000000000000000000000
11680;860;0,500000000000000000000
11680;7160;0,500000000000000000000
11999;621;1,000000000000000000000
12156;547;0,047619047619047619047
12156;689;0,047619047619047619047
12156;772;0,095238095238095238095
12156;853;0,047619047619047619047
12156;1319;0,047619047619047619047
12156;1717;0,095238095238095238095
12156;2073;0,095238095238095238095
12156;4425;0,047619047619047619047
12156;4430;0,047619047619047619047
12156;4772;0,142857142857142857142
12156;7480;0,047619047619047619047
12156;8568;0,047619047619047619047
12156;8873;0,047619047619047619047
12156;13622;0,047619047619047619047
12156;40028;0,047619047619047619047
12156;122436;0,047619047619047619047
12375;1514;1,000000000000000000000
12596;1180;0,500000000000000000000
12596;1556;0,250000000000000000000
12596;1596;0,250000000000000000000
13054;925;1,000000000000000000000
13253;1988;1,000000000000000000000
13369;911;0,500000000000000000000
13369;6604;0,500000000000000000000
13671;1513;1,000000000000000000000
13704;5617;1,000000000000000000000
13796;486;1,000000000000000000000
14048;740;0,200000000000000000000
14048;3100;0,400000000000000000000
14048;10941;0,200000000000000000000
14048;13472;0,200000000000000000000
14073;2503;0,500000000000000000000
14073;4748;0,500000000000000000000
14151;337;0,200000000000000000000
14151;407;0,200000000000000000000
14151;410;0,200000000000000000000
14151;10649;0,200000000000000000000
14151;17268;0,200000000000000000000
15207;48;1,000000000000000000000
15975;9905;1,000000000000000000000
16497;1771;1,000000000000000000000
16815;12698;1,000000000000000000000
17248;527;1,000000000000000000000
17269;918;0,500000000000000000000
17269;1340;0,500000000000000000000
17281;65998;0,333333333333333333333
17281;66075;0,666666666666666666666
17426;1763;1,000000000000000000000
17428;455;0,333333333333333333333
17428;596;0,333333333333333333333
17428;5408;0,333333333333333333333
18258;887;1,000000000000000000000
19939;249;1,000000000000000000000
21268;793;1,000000000000000000000
21750;689;1,000000000000000000000
22211;1439;1,000000000000000000000
22298;1439;1,000000000000000000000
25205;6734;1,000000000000000000000
25229;6734;1,000000000000000000000
25264;1094;0,333333333333333333333
25264;4667;0,333333333333333333333
25264;8756;0,333333333333333333333
27478;2275;1,000000000000000000000
27557;4401;1,000000000000000000000
27672;101;1,000000000000000000000
27763;1393;1,000000000000000000000
28397;35;0,500000000000000000000
28397;113;0,500000000000000000000
28538;681;1,000000000000000000000
28602;322;1,000000000000000000000
28641;8539;1,000000000000000000000
29081;3393;0,125000000000000000000
29081;4695;0,250000000000000000000
29081;6723;0,500000000000000000000
29081;28602;0,125000000000000000000
37815;30811;1,000000000000000000000
44336;918;0,500000000000000000000
44336;2664;0,500000000000000000000
45604;5640;1,000000000000000000000
47352;1439;1,000000000000000000000
57838;6213;1,000000000000000000000
59745;54;0,055555555555555555555
59745;194;0,055555555555555555555
59745;983;0,222222222222222222222
59745;1169;0,277777777777777777777
59745;1663;0,055555555555555555555
59745;2445;0,055555555555555555555
59745;366089;0,111111111111111111111
59745;408414;0,055555555555555555555
59745;1173768;0,111111111111111111111
67275;237;1,000000000000000000000
71411;748;1,000000000000000000000
74054;706;1,000000000000000000000
78108;662;0,250000000000000000000
78108;3523;0,250000000000000000000
78108;5306;0,250000000000000000000
78108;906176;0,250000000000000000000
90666;45604;1,000000000000000000000
98841;354;0,500000000000000000000
98841;906176;0,500000000000000000000
112062;475;0,062500000000000000000
112062;749;0,125000000000000000000
112062;826;0,375000000000000000000
112062;6213;0,062500000000000000000
112062;6962;0,250000000000000000000
112062;408414;0,125000000000000000000
118234;368117;1,000000000000000000000
118796;10175;1,000000000000000000000
119483;1206;1,000000000000000000000
129349;712;1,000000000000000000000
131383;846;0,250000000000000000000
131383;398786;0,750000000000000000000
144425;2133;1,000000000000000000000
157551;13899;1,000000000000000000000
163510;8539;1,000000000000000000000
173893;4039;1,000000000000000000000
189452;174;0,500000000000000000000
189452;3256;0,500000000000000000000
193005;1041;1,000000000000000000000
239965;796;1,000000000000000000000
239969;239963;1,000000000000000000000
248834;5012;1,000000000000000000000
248838;5005;0,500000000000000000000
248838;10175;0,500000000000000000000
248840;7626;1,000000000000000000000
248841;66;1,000000000000000000000
257158;1128679;1,000000000000000000000
278351;706;0,941176470588235294117
278351;771;0,058823529411764705882
281170;96;1,000000000000000000000
282900;2956;1,000000000000000000000
283635;28763;1,000000000000000000000
284854;4500;1,000000000000000000000
286660;3033;1,000000000000000000000
308238;9208;1,000000000000000000000
328526;9730;1,000000000000000000000
335189;115;0,333333333333333333333
335189;2794;0,666666666666666666666
336640;635;1,000000000000000000000
349041;194;0,153846153846153846153
349041;628;0,307692307692307692307
349041;1940;0,461538461538461538461
349041;1036379;0,076923076923076923076
366089;1169;0,666666666666666666666
366089;59745;0,333333333333333333333
367451;1949;1,000000000000000000000
368117;118234;1,000000000000000000000
383630;115;1,000000000000000000000
398786;277;0,076923076923076923076
398786;749;0,076923076923076923076
398786;1446;0,076923076923076923076
398786;2112;0,076923076923076923076
398786;3766;0,153846153846153846153
398786;18641;0,076923076923076923076
398786;131383;0,076923076923076923076
398786;189452;0,076923076923076923076
398786;190971;0,076923076923076923076
398786;398787;0,230769230769230769230
398787;749;0,500000000000000000000
398787;398786;0,500000000000000000000
408414;43;0,074074074074074074074
408414;138;0,074074074074074074074
408414;826;0,074074074074074074074
408414;1169;0,222222222222222222222
408414;59745;0,111111111111111111111
408414;112062;0,185185185185185185185
408414;366089;0,037037037037037037037
408414;1173768;0,222222222222222222222
423971;727998;1,000000000000000000000
431565;2364;1,000000000000000000000
432293;805;1,000000000000000000000
442813;266;1,000000000000000000000
474028;360;0,250000000000000000000
474028;839;0,125000000000000000000
474028;1569;0,125000000000000000000
474028;2972;0,125000000000000000000
474028;3235;0,125000000000000000000
474028;26479;0,125000000000000000000
474028;623129;0,125000000000000000000
508708;23;1,000000000000000000000
511019;1024;1,000000000000000000000
525330;887;1,000000000000000000000
533247;2146;1,000000000000000000000
547774;3650;0,400000000000000000000
547774;7701;0,200000000000000000000
547774;9905;0,400000000000000000000
584314;1938;0,333333333333333333333
584314;2374;0,333333333333333333333
584314;3587;0,333333333333333333333
587053;970;1,000000000000000000000
606743;163;1,000000000000000000000
623129;425;0,500000000000000000000
623129;845;0,500000000000000000000
653116;5638;1,000000000000000000000
653504;1439;1,000000000000000000000
665791;876;1,000000000000000000000
693032;281;0,333333333333333333333
693032;1370;0,333333333333333333333
693032;3619;0,333333333333333333333
727998;546;0,500000000000000000000
727998;423971;0,500000000000000000000
743909;25274;1,000000000000000000000
813240;249;0,428571428571428571428
813240;1898;0,142857142857142857142
813240;3381;0,142857142857142857142
813240;59841;0,142857142857142857142
813240;329272;0,142857142857142857142
883847;2512;0,333333333333333333333
883847;157662;0,666666666666666666666
906176;3496;0,200000000000000000000
906176;3523;0,200000000000000000000
906176;78108;0,200000000000000000000
906176;940328;0,400000000000000000000
908617;458;1,000000000000000000000
940328;5622;0,500000000000000000000
940328;906176;0,500000000000000000000
983252;846;0,500000000000000000000
983252;1263;0,500000000000000000000
985164;4070;1,000000000000000000000
1013544;7399;1,000000000000000000000
1031711;3664;0,500000000000000000000
1031711;1080816;0,500000000000000000000
1031916;72;1,000000000000000000000
1048032;2164;1,000000000000000000000
1048958;829;1,000000000000000000000
1080816;1117;0,142857142857142857142
1080816;2364;0,428571428571428571428
1080816;2972;0,142857142857142857142
1080816;23954;0,142857142857142857142
1080816;116140;0,142857142857142857142
1080900;2364;1,000000000000000000000
1086504;1344;1,000000000000000000000
1096171;8000;1,000000000000000000000
1101851;1949;1,000000000000000000000
1107307;3551;1,000000000000000000000
1107578;122;0,166666666666666666666
1107578;3176;0,166666666666666666666
1107578;27416;0,500000000000000000000
1107578;184987;0,166666666666666666666
1110539;837;0,500000000000000000000
1110539;256804;0,500000000000000000000
1140570;2591;0,500000000000000000000
1140570;13692;0,500000000000000000000
1142431;622466;1,000000000000000000000
1173768;983;0,100000000000000000000
1173768;1169;0,300000000000000000000
1173768;1596;0,100000000000000000000
1173768;1695;0,100000000000000000000
1173768;6006;0,100000000000000000000
1173768;59745;0,200000000000000000000
1173768;408414;0,100000000000000000000
