7;2078;0,800000000000000000000
7;6930;0,200000000000000000000
32;19;1,000000000000000000000
48;4831;1,000000000000000000000
65;695;0,250000000000000000000
65;1122;0,500000000000000000000
65;4206;0,250000000000000000000
71;194;0,272727272727272727272
71;454;0,090909090909090909090
71;695;0,090909090909090909090
71;1276;0,090909090909090909090
71;1948;0,181818181818181818181
71;3098;0,090909090909090909090
71;4512;0,181818181818181818181
73;1462;1,000000000000000000000
80;219;0,053333333333333333333
80;502;0,120000000000000000000
80;531;0,013333333333333333333
80;668;0,066666666666666666666
80;876;0,066666666666666666666
80;1131;0,093333333333333333333
80;1248;0,040000000000000000000
80;1361;0,093333333333333333333
80;1893;0,013333333333333333333
80;2516;0,013333333333333333333
80;2518;0,026666666666666666666
80;3443;0,133333333333333333333
80;3515;0,226666666666666666666
80;3625;0,040000000000000000000
83;6635;1,000000000000000000000
96;11;0,043478260869565217391
96;249;0,043478260869565217391
96;626;0,173913043478260869565
96;1156;0,086956521739130434782
96;1364;0,086956521739130434782
96;1988;0,043478260869565217391
96;2293;0,130434782608695652173
96;2461;0,130434782608695652173
96;2515;0,217391304347826086956
96;4927;0,043478260869565217391
101;4080;0,500000000000000000000
101;4507;0,500000000000000000000
115;392;0,200000000000000000000
115;490;0,200000000000000000000
115;7920;0,400000000000000000000
115;259636;0,200000000000000000000
135;183;0,250000000000000000000
135;983;0,250000000000000000000
135;992;0,250000000000000000000
135;4976;0,250000000000000000000
151;2448;0,500000000000000000000
151;7586;0,500000000000000000000
155;967;0,333333333333333333333
155;983;0,333333333333333333333
155;6554;0,333333333333333333333
163;4471;1,000000000000000000000
174;934;1,000000000000000000000
183;530;0,333333333333333333333
183;992;0,333333333333333333333
183;1278;0,333333333333333333333
190;5632;1,000000000000000000000
192;5564;1,000000000000000000000
194;71;0,250000000000000000000
194;628;0,625000000000000000000
194;1754;0,062500000000000000000
194;3436;0,062500000000000000000
206;2046;0,500000000000000000000
206;9391;0,500000000000000000000
213;747;1,000000000000000000000
219;80;0,130434782608695652173
219;224;0,043478260869565217391
219;324;0,086956521739130434782
219;502;0,086956521739130434782
219;718;0,043478260869565217391
219;719;0,043478260869565217391
219;876;0,043478260869565217391
219;1131;0,086956521739130434782
219;1248;0,043478260869565217391
219;1893;0,043478260869565217391
219;2516;0,217391304347826086956
219;2518;0,086956521739130434782
219;3443;0,043478260869565217391
224;18885;1,000000000000000000000
229;3850;1,000000000000000000000
232;19176;1,000000000000000000000
249;2515;0,500000000000000000000
249;2962;0,500000000000000000000
250;248;0,500000000000000000000
250;2139;0,500000000000000000000
253;4179;1,000000000000000000000
263;420;0,666666666666666666666
263;830;0,166666666666666666666
263;845;0,166666666666666666666
266;1600;0,166666666666666666666
266;2383;0,333333333333333333333
266;8648;0,333333333333333333333
266;13814;0,166666666666666666666
269;84925;1,000000000000000000000
276;3523;0,600000000000000000000
276;12817;0,200000000000000000000
276;59841;0,200000000000000000000
282;731;1,000000000000000000000
284;285;1,000000000000000000000
296;59841;1,000000000000000000000
306;983;0,333333333333333333333
306;1719;0,666666666666666666666
307;1330;0,500000000000000000000
307;1333;0,500000000000000000000
309;1948;1,000000000000000000000
313;1706;0,500000000000000000000
313;4697;0,500000000000000000000
315;59;0,010869565217391304347
315;180;0,010869565217391304347
315;228;0,010869565217391304347
315;295;0,010869565217391304347
315;681;0,010869565217391304347
315;683;0,010869565217391304347
315;854;0,010869565217391304347
315;863;0,010869565217391304347
315;990;0,010869565217391304347
315;997;0,010869565217391304347
315;1100;0,010869565217391304347
315;1225;0,010869565217391304347
315;1243;0,010869565217391304347
315;1322;0,021739130434782608695
315;1505;0,010869565217391304347
315;1725;0,010869565217391304347
315;2249;0,010869565217391304347
315;2326;0,010869565217391304347
315;2416;0,010869565217391304347
315;2482;0,010869565217391304347
315;2659;0,010869565217391304347
315;2865;0,010869565217391304347
315;3233;0,010869565217391304347
315;3250;0,010869565217391304347
315;3251;0,010869565217391304347
315;3292;0,010869565217391304347
315;3331;0,010869565217391304347
315;3370;0,010869565217391304347
315;3862;0,010869565217391304347
315;4089;0,010869565217391304347
315;4132;0,010869565217391304347
315;4247;0,010869565217391304347
315;4334;0,010869565217391304347
315;4349;0,010869565217391304347
315;4401;0,010869565217391304347
315;4749;0,010869565217391304347
315;4751;0,010869565217391304347
315;4874;0,010869565217391304347
315;5054;0,010869565217391304347
315;5163;0,010869565217391304347
315;5682;0,010869565217391304347
315;5693;0,010869565217391304347
315;5700;0,010869565217391304347
315;5783;0,010869565217391304347
315;6132;0,010869565217391304347
315;6267;0,010869565217391304347
315;6664;0,010869565217391304347
315;6792;0,010869565217391304347
315;6923;0,010869565217391304347
315;8009;0,010869565217391304347
315;8281;0,010869565217391304347
315;8341;0,010869565217391304347
315;8666;0,010869565217391304347
315;8975;0,010869565217391304347
315;9088;0,010869565217391304347
315;9367;0,010869565217391304347
315;12339;0,010869565217391304347
315;12388;0,010869565217391304347
315;12428;0,010869565217391304347
315;12430;0,010869565217391304347
315;12435;0,010869565217391304347
315;12438;0,010869565217391304347
315;12440;0,010869565217391304347
315;12443;0,010869565217391304347
315;12826;0,010869565217391304347
315;12964;0,010869565217391304347
315;13622;0,010869565217391304347
315;13623;0,010869565217391304347
315;14124;0,010869565217391304347
315;14125;0,010869565217391304347
315;14323;0,010869565217391304347
315;15726;0,010869565217391304347
315;15866;0,010869565217391304347
315;16649;0,010869565217391304347
315;16651;0,010869565217391304347
315;16653;0,010869565217391304347
315;16659;0,010869565217391304347
315;16660;0,010869565217391304347
315;16664;0,010869565217391304347
315;16866;0,010869565217391304347
315;20474;0,010869565217391304347
315;21597;0,010869565217391304347
315;28516;0,010869565217391304347
315;28528;0,010869565217391304347
315;28533;0,010869565217391304347
315;28534;0,010869565217391304347
315;28535;0,010869565217391304347
315;28538;0,010869565217391304347
315;28549;0,010869565217391304347
315;28554;0,010869565217391304347
315;81950;0,010869565217391304347
317;318;1,000000000000000000000
318;983;1,000000000000000000000
320;2310;0,600000000000000000000
320;2792;0,400000000000000000000
332;754;0,200000000000000000000
332;1130;0,200000000000000000000
332;4173;0,400000000000000000000
332;5071;0,200000000000000000000
341;2512;0,250000000000000000000
341;4293;0,750000000000000000000
349;1027;1,000000000000000000000
352;135;0,500000000000000000000
352;65193;0,500000000000000000000
354;352;0,250000000000000000000
354;983;0,125000000000000000000
354;7755;0,250000000000000000000
354;28570;0,125000000000000000000
354;41776;0,250000000000000000000
356;352;1,000000000000000000000
359;1169;1,000000000000000000000
385;1314;1,000000000000000000000
398;412;0,500000000000000000000
398;11138;0,500000000000000000000
405;1862;1,000000000000000000000
407;458;0,333333333333333333333
407;904;0,666666666666666666666
412;983;1,000000000000000000000
418;410;0,200000000000000000000
418;865;0,400000000000000000000
418;1135;0,200000000000000000000
418;2137;0,200000000000000000000
420;263;1,000000000000000000000
441;7135;1,000000000000000000000
453;1498;1,000000000000000000000
467;5167;1,000000000000000000000
472;984;0,666666666666666666666
472;1754;0,333333333333333333333
479;8442;1,000000000000000000000
484;2647;1,000000000000000000000
485;3105;0,500000000000000000000
485;7774;0,500000000000000000000
490;4860;1,000000000000000000000
498;983;1,000000000000000000000
502;80;0,120689655172413793103
502;219;0,051724137931034482758
502;876;0,017241379310344827586
502;1131;0,275862068965517241379
502;1248;0,034482758620689655172
502;2436;0,017241379310344827586
502;3443;0,017241379310344827586
502;3515;0,344827586206896551724
502;3625;0,034482758620689655172
502;17269;0,051724137931034482758
502;18885;0,017241379310344827586
502;319757;0,017241379310344827586
512;4995;1,000000000000000000000
517;3395;1,000000000000000000000
518;15048;1,000000000000000000000
520;1182;1,000000000000000000000
521;793;0,142857142857142857142
521;1554;0,142857142857142857142
521;3680;0,142857142857142857142
521;3800;0,428571428571428571428
521;8156;0,142857142857142857142
524;9807;1,000000000000000000000
529;3523;1,000000000000000000000
545;2371;0,333333333333333333333
545;8348;0,666666666666666666666
547;988;0,500000000000000000000
547;5856;0,500000000000000000000
550;596;1,000000000000000000000
551;1463;0,250000000000000000000
551;2021;0,500000000000000000000
551;28546;0,250000000000000000000
602;28118;1,000000000000000000000
612;9762;1,000000000000000000000
625;798;1,000000000000000000000
626;96;0,307692307692307692307
626;122;0,153846153846153846153
626;615;0,076923076923076923076
626;625;0,230769230769230769230
626;700;0,153846153846153846153
626;12876;0,076923076923076923076
628;194;0,400000000000000000000
628;360;0,200000000000000000000
628;695;0,200000000000000000000
628;983;0,200000000000000000000
632;1117;1,000000000000000000000
645;3123;0,333333333333333333333
645;5338;0,666666666666666666666
660;8306;1,000000000000000000000
662;529;0,142857142857142857142
662;1940;0,285714285714285714285
662;1944;0,142857142857142857142
662;3523;0,285714285714285714285
662;78108;0,142857142857142857142
668;933;1,000000000000000000000
669;1956;0,142857142857142857142
669;4268;0,142857142857142857142
669;6320;0,142857142857142857142
669;179346;0,571428571428571428571
670;1169;1,000000000000000000000
675;281;0,272727272727272727272
675;1129;0,181818181818181818181
675;1370;0,181818181818181818181
675;23720;0,363636363636363636363
678;3429;0,500000000000000000000
678;10020;0,500000000000000000000
683;681;1,000000000000000000000
695;71;0,130434782608695652173
695;194;0,043478260869565217391
695;983;0,043478260869565217391
695;1169;0,217391304347826086956
695;3523;0,086956521739130434782
695;4512;0,043478260869565217391
695;9693;0,043478260869565217391
695;41776;0,173913043478260869565
695;59841;0,173913043478260869565
695;98841;0,043478260869565217391
698;1814;0,500000000000000000000
698;2087;0,500000000000000000000
700;626;0,100000000000000000000
700;837;0,300000000000000000000
700;1754;0,300000000000000000000
700;1940;0,300000000000000000000
708;2991;1,000000000000000000000
740;1352;1,000000000000000000000
747;213;0,333333333333333333333
747;75827;0,666666666666666666666
761;12596;0,500000000000000000000
761;29376;0,500000000000000000000
763;419;0,055555555555555555555
763;621;0,055555555555555555555
763;658;0,055555555555555555555
763;1234;0,222222222222222222222
763;1237;0,388888888888888888888
763;1277;0,055555555555555555555
763;2184;0,055555555555555555555
763;2254;0,055555555555555555555
763;2434;0,055555555555555555555
779;830;0,200000000000000000000
779;4989;0,400000000000000000000
779;5117;0,200000000000000000000
779;125861;0,200000000000000000000
781;281;1,000000000000000000000
819;111;0,111111111111111111111
819;332;0,166666666666666666666
819;452;0,111111111111111111111
819;718;0,055555555555555555555
819;820;0,055555555555555555555
819;1025;0,055555555555555555555
819;1370;0,111111111111111111111
819;1391;0,333333333333333333333
829;3395;0,333333333333333333333
829;3664;0,666666666666666666666
830;779;1,000000000000000000000
835;645;0,500000000000000000000
835;5136;0,500000000000000000000
837;1754;1,000000000000000000000
845;131;0,026315789473684210526
845;263;0,026315789473684210526
845;744;0,052631578947368421052
845;846;0,263157894736842105263
845;1041;0,052631578947368421052
845;1263;0,026315789473684210526
845;1437;0,078947368421052631578
845;2834;0,026315789473684210526
845;192866;0,342105263157894736842
845;193005;0,105263157894736842105
846;845;0,263157894736842105263
846;904;0,052631578947368421052
846;1437;0,105263157894736842105
846;2731;0,105263157894736842105
846;2863;0,052631578947368421052
846;7080;0,052631578947368421052
846;59841;0,210526315789473684210
846;192866;0,157894736842105263157
861;1547;0,500000000000000000000
861;3045;0,500000000000000000000
863;180;1,000000000000000000000
864;1293;1,000000000000000000000
865;26070;1,000000000000000000000
873;4777;1,000000000000000000000
904;407;0,800000000000000000000
904;846;0,200000000000000000000
911;4262;1,000000000000000000000
925;1838;1,000000000000000000000
938;512;1,000000000000000000000
966;4147;1,000000000000000000000
980;285;1,000000000000000000000
983;46;0,014084507042253521126
983;74;0,014084507042253521126
983;96;0,014084507042253521126
983;113;0,014084507042253521126
983;135;0,014084507042253521126
983;138;0,014084507042253521126
983;155;0,014084507042253521126
983;161;0,014084507042253521126
983;306;0,014084507042253521126
983;318;0,014084507042253521126
983;354;0,014084507042253521126
983;412;0,014084507042253521126
983;420;0,014084507042253521126
983;498;0,014084507042253521126
983;543;0,014084507042253521126
983;588;0,014084507042253521126
983;628;0,014084507042253521126
983;645;0,014084507042253521126
983;695;0,014084507042253521126
983;718;0,014084507042253521126
983;749;0,014084507042253521126
983;863;0,014084507042253521126
983;885;0,014084507042253521126
983;920;0,014084507042253521126
983;945;0,014084507042253521126
983;984;0,014084507042253521126
983;1010;0,014084507042253521126
983;1027;0,014084507042253521126
983;1118;0,014084507042253521126
983;1122;0,014084507042253521126
983;1141;0,014084507042253521126
983;1154;0,014084507042253521126
983;1169;0,014084507042253521126
983;1220;0,014084507042253521126
983;1243;0,014084507042253521126
983;1313;0,014084507042253521126
983;1371;0,014084507042253521126
983;1498;0,014084507042253521126
983;1616;0,014084507042253521126
983;1719;0,014084507042253521126
983;1925;0,014084507042253521126
983;1949;0,014084507042253521126
983;1967;0,014084507042253521126
983;2080;0,014084507042253521126
983;2130;0,014084507042253521126
983;2175;0,014084507042253521126
983;2445;0,014084507042253521126
983;2504;0,014084507042253521126
983;2544;0,014084507042253521126
983;2591;0,028169014084507042253
983;2744;0,014084507042253521126
983;2823;0,014084507042253521126
983;2851;0,014084507042253521126
983;2990;0,014084507042253521126
983;3045;0,014084507042253521126
983;3233;0,014084507042253521126
983;3246;0,014084507042253521126
983;3449;0,014084507042253521126
983;3523;0,014084507042253521126
983;3643;0,014084507042253521126
983;3683;0,014084507042253521126
983;4004;0,014084507042253521126
983;4627;0,014084507042253521126
983;5127;0,014084507042253521126
983;5625;0,014084507042253521126
983;6320;0,014084507042253521126
983;6721;0,014084507042253521126
983;7994;0,014084507042253521126
983;9693;0,014084507042253521126
983;27848;0,014084507042253521126
984;472;0,333333333333333333333
984;3503;0,666666666666666666666
992;113;0,041666666666666666666
992;135;0,083333333333333333333
992;183;0,083333333333333333333
992;281;0,041666666666666666666
992;675;0,041666666666666666666
992;763;0,041666666666666666666
992;1235;0,041666666666666666666
992;1236;0,041666666666666666666
992;1237;0,041666666666666666666
992;1278;0,041666666666666666666
992;1647;0,041666666666666666666
992;1815;0,041666666666666666666
992;1931;0,041666666666666666666
992;2111;0,041666666666666666666
992;2684;0,166666666666666666666
992;10188;0,041666666666666666666
992;21154;0,041666666666666666666
992;115105;0,083333333333333333333
995;194;0,066666666666666666666
995;1156;0,133333333333333333333
995;2269;0,266666666666666666666
995;3176;0,133333333333333333333
995;4179;0,066666666666666666666
995;5214;0,066666666666666666666
995;10823;0,133333333333333333333
995;184987;0,133333333333333333333
997;5693;1,000000000000000000000
1010;1018;0,125000000000000000000
1010;2001;0,750000000000000000000
1010;3809;0,125000000000000000000
1018;1010;1,000000000000000000000
1024;1574;0,250000000000000000000
1024;12418;0,250000000000000000000
1024;28747;0,250000000000000000000
1024;28754;0,250000000000000000000
1033;2245;1,000000000000000000000
1041;845;0,166666666666666666666
1041;982;0,500000000000000000000
1041;1042;0,166666666666666666666
1041;6302;0,166666666666666666666
1042;102129;1,000000000000000000000
1044;887;1,000000000000000000000
1046;9730;1,000000000000000000000
1048;3332;1,000000000000000000000
1058;3188;1,000000000000000000000
1066;1681;1,000000000000000000000
1073;8164;1,000000000000000000000
1082;609;0,333333333333333333333
1082;891;0,333333333333333333333
1082;1083;0,333333333333333333333
1117;8253;0,500000000000000000000
1117;125861;0,500000000000000000000
1118;360;1,000000000000000000000
1120;727;0,666666666666666666666
1120;1956;0,333333333333333333333
1131;80;0,166666666666666666666
1131;219;0,066666666666666666666
1131;502;0,200000000000000000000
1131;876;0,200000000000000000000
1131;3443;0,033333333333333333333
1131;3515;0,266666666666666666666
1131;18885;0,033333333333333333333
1131;321395;0,033333333333333333333
1141;2293;0,428571428571428571428
1141;3633;0,571428571428571428571
1143;6517;0,500000000000000000000
1143;140271;0,500000000000000000000
1153;9657;1,000000000000000000000
1164;6955;1,000000000000000000000
1165;102;0,250000000000000000000
1165;3834;0,250000000000000000000
1165;21360;0,500000000000000000000
1169;71;0,068965517241379310344
1169;100;0,068965517241379310344
1169;240;0,034482758620689655172
1169;276;0,068965517241379310344
1169;695;0,103448275862068965517
1169;696;0,068965517241379310344
1169;1754;0,034482758620689655172
1169;1944;0,068965517241379310344
1169;3523;0,068965517241379310344
1169;4512;0,068965517241379310344
1169;48255;0,034482758620689655172
1169;59745;0,137931034482758620689
1169;59841;0,103448275862068965517
1169;98841;0,068965517241379310344
1190;1771;1,000000000000000000000
1196;1713;0,142857142857142857142
1196;3523;0,142857142857142857142
1196;4293;0,142857142857142857142
1196;4395;0,571428571428571428571
1198;2343;1,000000000000000000000
1225;1458;1,000000000000000000000
1227;4225;1,000000000000000000000
1231;6514;1,000000000000000000000
1234;113;0,100000000000000000000
1234;763;0,200000000000000000000
1234;1235;0,100000000000000000000
1234;1236;0,200000000000000000000
1234;1237;0,100000000000000000000
1234;1277;0,100000000000000000000
1234;7747;0,100000000000000000000
1234;8623;0,100000000000000000000
1236;1234;1,000000000000000000000
1237;1234;1,000000000000000000000
1246;2897;0,333333333333333333333
1246;3222;0,333333333333333333333
1246;12387;0,333333333333333333333
1248;3443;0,500000000000000000000
1248;3515;0,500000000000000000000
1250;688;0,500000000000000000000
1250;16921;0,500000000000000000000
1253;3256;0,500000000000000000000
1253;3548;0,500000000000000000000
1254;3105;0,500000000000000000000
1254;4744;0,500000000000000000000
1261;649;0,666666666666666666666
1261;1829;0,333333333333333333333
1265;1462;0,500000000000000000000
1265;4172;0,500000000000000000000
1278;135;1,000000000000000000000
1286;4020;0,666666666666666666666
1286;7747;0,333333333333333333333
1288;667;1,000000000000000000000
1307;3235;1,000000000000000000000
1319;550;1,000000000000000000000
1322;315;1,000000000000000000000
1326;1121;1,000000000000000000000
1327;1332;0,750000000000000000000
1327;1333;0,250000000000000000000
1329;13496;1,000000000000000000000
1331;1337;1,000000000000000000000
1332;1327;1,000000000000000000000
1333;1327;1,000000000000000000000
1344;322;0,333333333333333333333
1344;2182;0,333333333333333333333
1344;4931;0,333333333333333333333
1364;96;0,333333333333333333333
1364;4825;0,666666666666666666666
1370;332;0,666666666666666666666
1370;1130;0,333333333333333333333
1397;275;0,500000000000000000000
1397;826;0,500000000000000000000
1406;74;1,000000000000000000000
1429;10338;1,000000000000000000000
1434;288;0,058823529411764705882
1434;568;0,058823529411764705882
1434;1082;0,058823529411764705882
1434;1083;0,058823529411764705882
1434;2778;0,058823529411764705882
1434;3212;0,058823529411764705882
1434;3968;0,058823529411764705882
1434;5037;0,058823529411764705882
1434;6461;0,058823529411764705882
1434;6991;0,058823529411764705882
1434;6992;0,058823529411764705882
1434;7701;0,058823529411764705882
1434;9376;0,058823529411764705882
1434;11656;0,058823529411764705882
1434;13642;0,058823529411764705882
1434;17677;0,058823529411764705882
1434;17678;0,058823529411764705882
1437;846;1,000000000000000000000
1443;622;0,333333333333333333333
1443;2147;0,666666666666666666666
1454;2512;1,000000000000000000000
1457;109;0,500000000000000000000
1457;15895;0,500000000000000000000
1458;228;1,000000000000000000000
1462;73;0,090909090909090909090
1462;1068;0,090909090909090909090
1462;1265;0,090909090909090909090
1462;2021;0,090909090909090909090
1462;2310;0,090909090909090909090
1462;4041;0,090909090909090909090
1462;4744;0,090909090909090909090
1462;4931;0,090909090909090909090
1462;7694;0,090909090909090909090
1462;7983;0,090909090909090909090
1462;20853;0,090909090909090909090
1464;1637;1,000000000000000000000
1473;528;0,500000000000000000000
1473;1122;0,500000000000000000000
1483;3648;1,000000000000000000000
1500;1096;1,000000000000000000000
1510;3800;1,000000000000000000000
1515;4787;0,500000000000000000000
1515;6980;0,500000000000000000000
1517;1862;1,000000000000000000000
1527;4497;1,000000000000000000000
1533;5006;1,000000000000000000000
1545;2543;1,000000000000000000000
1547;678;0,500000000000000000000
1547;861;0,250000000000000000000
1547;3045;0,250000000000000000000
1554;521;1,000000000000000000000
1565;812;0,153846153846153846153
1565;1036;0,076923076923076923076
1565;1562;0,153846153846153846153
1565;1887;0,076923076923076923076
1565;2470;0,076923076923076923076
1565;2890;0,230769230769230769230
1565;3395;0,230769230769230769230
1598;1476;0,500000000000000000000
1598;3523;0,500000000000000000000
1616;983;1,000000000000000000000
1632;1445;1,000000000000000000000
1637;1464;0,200000000000000000000
1637;7259;0,200000000000000000000
1637;14151;0,400000000000000000000
1637;259636;0,200000000000000000000
1650;1182;1,000000000000000000000
1667;5219;1,000000000000000000000
1681;1066;0,250000000000000000000
1681;2512;0,750000000000000000000
1700;1608;1,000000000000000000000
1703;2506;1,000000000000000000000
1751;956;1,000000000000000000000
1754;39;0,043478260869565217391
1754;54;0,043478260869565217391
1754;65;0,043478260869565217391
1754;472;0,086956521739130434782
1754;837;0,086956521739130434782
1754;1169;0,086956521739130434782
1754;1276;0,043478260869565217391
1754;1286;0,043478260869565217391
1754;1663;0,043478260869565217391
1754;1708;0,043478260869565217391
1754;1762;0,043478260869565217391
1754;2021;0,043478260869565217391
1754;2844;0,043478260869565217391
1754;3116;0,043478260869565217391
1754;4613;0,043478260869565217391
1754;7215;0,043478260869565217391
1754;7630;0,043478260869565217391
1754;28820;0,043478260869565217391
1754;59745;0,043478260869565217391
1754;312002;0,043478260869565217391
1759;485;1,000000000000000000000
1769;380;0,500000000000000000000
1769;2826;0,500000000000000000000
1771;1190;1,000000000000000000000
1814;698;1,000000000000000000000
1839;5679;1,000000000000000000000
1844;1897;1,000000000000000000000
1853;37814;1,000000000000000000000
1862;2961;1,000000000000000000000
1866;521;0,250000000000000000000
1866;528;0,500000000000000000000
1866;2149;0,250000000000000000000
1877;609;1,000000000000000000000
1889;678;0,300000000000000000000
1889;2661;0,300000000000000000000
1889;2713;0,400000000000000000000
1893;2516;1,000000000000000000000
1897;567;0,100000000000000000000
1897;571;0,100000000000000000000
1897;877;0,100000000000000000000
1897;1124;0,100000000000000000000
1897;1844;0,100000000000000000000
1897;3548;0,100000000000000000000
1897;6788;0,200000000000000000000
1897;9720;0,100000000000000000000
1897;9721;0,100000000000000000000
1902;5909;1,000000000000000000000
1948;71;0,333333333333333333333
1948;3098;0,333333333333333333333
1948;140271;0,333333333333333333333
1949;23;0,100000000000000000000
1949;454;0,100000000000000000000
1949;3096;0,100000000000000000000
1949;4268;0,200000000000000000000
1949;4933;0,100000000000000000000
1949;7920;0,100000000000000000000
1949;12816;0,100000000000000000000
1949;38738;0,200000000000000000000
1956;1120;0,500000000000000000000
1956;2198;0,500000000000000000000
1959;10255;0,500000000000000000000
1959;11656;0,500000000000000000000
1967;1768;0,166666666666666666666
1967;6723;0,166666666666666666666
1967;84925;0,166666666666666666666
1967;159122;0,500000000000000000000
1985;1157;0,250000000000000000000
1985;3774;0,500000000000000000000
1985;8164;0,250000000000000000000
1988;96;0,200000000000000000000
1988;747;0,200000000000000000000
1988;1156;0,200000000000000000000
1988;2515;0,200000000000000000000
1988;42210;0,200000000000000000000
1991;3985;1,000000000000000000000
1997;4483;0,500000000000000000000
1997;9726;0,500000000000000000000
2015;1719;1,000000000000000000000
2017;8623;1,000000000000000000000
2021;551;0,500000000000000000000
2021;13799;0,500000000000000000000
2027;8623;1,000000000000000000000
2039;2054;1,000000000000000000000
2041;7586;1,000000000000000000000
2046;206;1,000000000000000000000
2064;2017;0,500000000000000000000
2064;9395;0,500000000000000000000
2078;7;1,000000000000000000000
2087;698;0,500000000000000000000
2087;1814;0,500000000000000000000
2112;4219;1,000000000000000000000
2139;3473;1,000000000000000000000
2149;1866;1,000000000000000000000
2164;2428;1,000000000000000000000
2176;74;0,666666666666666666666
2176;1085;0,333333333333333333333
2188;4877;0,500000000000000000000
2188;17148;0,500000000000000000000
2195;934;0,333333333333333333333
2195;1303;0,333333333333333333333
2195;11427;0,333333333333333333333
2203;1182;1,000000000000000000000
2204;833;0,250000000000000000000
2204;3188;0,750000000000000000000
2237;23720;1,000000000000000000000
2239;3044;1,000000000000000000000
2269;237;0,333333333333333333333
2269;995;0,666666666666666666666
2275;8205;1,000000000000000000000
2287;25205;1,000000000000000000000
2293;96;0,500000000000000000000
2293;3633;0,250000000000000000000
2293;5628;0,250000000000000000000
2310;320;0,666666666666666666666
2310;1462;0,333333333333333333333
2330;3393;0,333333333333333333333
2330;9419;0,666666666666666666666
2343;1198;0,333333333333333333333
2343;2323;0,666666666666666666666
2350;37;0,625000000000000000000
2350;138;0,125000000000000000000
2350;7215;0,125000000000000000000
2350;8268;0,125000000000000000000
2352;3815;1,000000000000000000000
2364;125861;1,000000000000000000000
2379;3234;1,000000000000000000000
2383;266;0,428571428571428571428
2383;706;0,571428571428571428571
2421;1042;0,500000000000000000000
2421;259636;0,500000000000000000000
2433;1082;1,000000000000000000000
2434;621;1,000000000000000000000
2436;502;1,000000000000000000000
2445;983;1,000000000000000000000
2448;151;1,000000000000000000000
2461;96;0,750000000000000000000
2461;261;0,250000000000000000000
2467;3176;0,250000000000000000000
2467;17278;0,500000000000000000000
2467;184987;0,250000000000000000000
2479;2657;1,000000000000000000000
2515;96;0,444444444444444444444
2515;249;0,111111111111111111111
2515;285;0,222222222222222222222
2515;1988;0,111111111111111111111
2515;3601;0,111111111111111111111
2516;219;0,428571428571428571428
2516;876;0,357142857142857142857
2516;933;0,071428571428571428571
2516;1893;0,142857142857142857142
2543;1169;0,333333333333333333333
2543;1545;0,333333333333333333333
2543;2778;0,333333333333333333333
2591;983;0,250000000000000000000
2591;1192;0,250000000000000000000
2591;1406;0,250000000000000000000
2591;2176;0,250000000000000000000
2614;2080;1,000000000000000000000
2657;851;0,500000000000000000000
2657;2479;0,500000000000000000000
2661;678;0,333333333333333333333
2661;1889;0,333333333333333333333
2661;7160;0,333333333333333333333
2678;891;0,142857142857142857142
2678;7859;0,285714285714285714285
2678;8348;0,142857142857142857142
2678;10860;0,285714285714285714285
2678;11014;0,142857142857142857142
2684;678;0,083333333333333333333
2684;992;0,500000000000000000000
2684;1931;0,083333333333333333333
2684;115105;0,333333333333333333333
2697;59841;1,000000000000000000000
2712;1637;1,000000000000000000000
2713;267;0,125000000000000000000
2713;1889;0,125000000000000000000
2713;5861;0,125000000000000000000
2713;6347;0,625000000000000000000
2745;4430;1,000000000000000000000
2778;1082;0,333333333333333333333
2778;2543;0,666666666666666666666
2780;4979;1,000000000000000000000
2786;965;0,500000000000000000000
2786;1681;0,500000000000000000000
2792;320;1,000000000000000000000
2800;3891;1,000000000000000000000
2803;16;0,007462686567164179104
2803;57;0,007462686567164179104
2803;71;0,007462686567164179104
2803;82;0,007462686567164179104
2803;89;0,007462686567164179104
2803;129;0,007462686567164179104
2803;234;0,007462686567164179104
2803;309;0,007462686567164179104
2803;369;0,007462686567164179104
2803;644;0,007462686567164179104
2803;645;0,007462686567164179104
2803;827;0,007462686567164179104
2803;835;0,007462686567164179104
2803;890;0,007462686567164179104
2803;1022;0,007462686567164179104
2803;1040;0,007462686567164179104
2803;1143;0,007462686567164179104
2803;1152;0,007462686567164179104
2803;1231;0,007462686567164179104
2803;1276;0,007462686567164179104
2803;1612;0,007462686567164179104
2803;1657;0,007462686567164179104
2803;1948;0,007462686567164179104
2803;2109;0,007462686567164179104
2803;2355;0,007462686567164179104
2803;2414;0,007462686567164179104
2803;2479;0,007462686567164179104
2803;2487;0,007462686567164179104
2803;2736;0,007462686567164179104
2803;2802;0,007462686567164179104
2803;3098;0,007462686567164179104
2803;3123;0,007462686567164179104
2803;3128;0,007462686567164179104
2803;3141;0,007462686567164179104
2803;3145;0,007462686567164179104
2803;3237;0,007462686567164179104
2803;3399;0,007462686567164179104
2803;3574;0,007462686567164179104
2803;3852;0,007462686567164179104
2803;3953;0,007462686567164179104
2803;3996;0,007462686567164179104
2803;4024;0,007462686567164179104
2803;4159;0,007462686567164179104
2803;4160;0,007462686567164179104
2803;4306;0,007462686567164179104
2803;4501;0,007462686567164179104
2803;4695;0,007462686567164179104
2803;4852;0,261194029850746268656
2803;4853;0,007462686567164179104
2803;5136;0,007462686567164179104
2803;5306;0,007462686567164179104
2803;5338;0,007462686567164179104
2803;5607;0,007462686567164179104
2803;6045;0,007462686567164179104
2803;6396;0,134328358208955223880
2803;6495;0,007462686567164179104
2803;6496;0,007462686567164179104
2803;6497;0,007462686567164179104
2803;6498;0,007462686567164179104
2803;6499;0,007462686567164179104
2803;6501;0,007462686567164179104
2803;6502;0,007462686567164179104
2803;6503;0,007462686567164179104
2803;6504;0,007462686567164179104
2803;6505;0,007462686567164179104
2803;6506;0,007462686567164179104
2803;6509;0,007462686567164179104
2803;6511;0,007462686567164179104
2803;6512;0,007462686567164179104
2803;6513;0,007462686567164179104
2803;6514;0,007462686567164179104
2803;6515;0,007462686567164179104
2803;6517;0,007462686567164179104
2803;6518;0,007462686567164179104
2803;6520;0,007462686567164179104
2803;6522;0,007462686567164179104
2803;6523;0,007462686567164179104
2803;6524;0,007462686567164179104
2803;6527;0,007462686567164179104
2803;7686;0,007462686567164179104
2803;8238;0,007462686567164179104
2803;88154;0,007462686567164179104
2803;140271;0,007462686567164179104
2822;8017;1,000000000000000000000
2826;127;0,333333333333333333333
2826;1453;0,333333333333333333333
2826;2825;0,333333333333333333333
2834;845;0,333333333333333333333
2834;2863;0,333333333333333333333
2834;7080;0,333333333333333333333
2850;1585;0,500000000000000000000
2850;3911;0,500000000000000000000
2865;5054;1,000000000000000000000
2882;109;0,333333333333333333333
2882;658;0,333333333333333333333
2882;1457;0,333333333333333333333
2897;1246;1,000000000000000000000
2962;248;0,250000000000000000000
2962;249;0,250000000000000000000
2962;2009;0,250000000000000000000
2962;2139;0,250000000000000000000
2990;398;1,000000000000000000000
2991;708;1,000000000000000000000
3007;2246;1,000000000000000000000
3022;1999;1,000000000000000000000
3023;3022;1,000000000000000000000
3044;2239;1,000000000000000000000
3045;861;0,500000000000000000000
3045;1547;0,250000000000000000000
3045;28914;0,250000000000000000000
3091;3850;1,000000000000000000000
3098;1663;0,500000000000000000000
3098;1948;0,500000000000000000000
3103;9258;1,000000000000000000000
3105;485;1,000000000000000000000
3141;2736;0,500000000000000000000
3141;57838;0,500000000000000000000
3176;3962;0,250000000000000000000
3176;17278;0,750000000000000000000
3178;2326;0,333333333333333333333
3178;6527;0,333333333333333333333
3178;9960;0,333333333333333333333
3188;1058;0,142857142857142857142
3188;2204;0,857142857142857142857
3209;525;1,000000000000000000000
3251;14323;1,000000000000000000000
3265;8106;1,000000000000000000000
3306;1606;1,000000000000000000000
3318;275;0,250000000000000000000
3318;502;0,250000000000000000000
3318;826;0,250000000000000000000
3318;3417;0,250000000000000000000
3395;517;0,666666666666666666666
3395;4989;0,333333333333333333333
3414;4262;1,000000000000000000000
3418;8580;0,333333333333333333333
3418;9261;0,666666666666666666666
3429;101;0,111111111111111111111
3429;279;0,111111111111111111111
3429;678;0,222222222222222222222
3429;2655;0,111111111111111111111
3429;2706;0,111111111111111111111
3429;3045;0,111111111111111111111
3429;4613;0,111111111111111111111
3429;7116;0,111111111111111111111
3433;1462;0,500000000000000000000
3433;13642;0,500000000000000000000
3436;194;1,000000000000000000000
3443;80;0,625000000000000000000
3443;502;0,125000000000000000000
3443;1131;0,250000000000000000000
3473;2139;0,500000000000000000000
3473;13675;0,500000000000000000000
3477;4217;1,000000000000000000000
3515;80;0,347826086956521739130
3515;502;0,173913043478260869565
3515;876;0,043478260869565217391
3515;1131;0,304347826086956521739
3515;1248;0,086956521739130434782
3515;3443;0,043478260869565217391
3523;194;0,090909090909090909090
3523;529;0,090909090909090909090
3523;695;0,272727272727272727272
3523;983;0,181818181818181818181
3523;1196;0,181818181818181818181
3523;1598;0,090909090909090909090
3523;78108;0,090909090909090909090
3551;216;0,500000000000000000000
3551;3809;0,500000000000000000000
3560;7906;1,000000000000000000000
3564;3395;1,000000000000000000000
3587;1938;1,000000000000000000000
3591;9381;1,000000000000000000000
3601;4881;1,000000000000000000000
3618;2679;1,000000000000000000000
3619;71;1,000000000000000000000
3625;80;1,000000000000000000000
3633;1141;0,666666666666666666666
3633;2293;0,333333333333333333333
3648;1483;1,000000000000000000000
3665;5484;1,000000000000000000000
3736;2064;1,000000000000000000000
3738;643;1,000000000000000000000
3800;521;0,500000000000000000000
3800;1510;0,500000000000000000000
3809;2001;1,000000000000000000000
3877;9158;1,000000000000000000000
3957;256;1,000000000000000000000
3962;3176;0,500000000000000000000
3962;184987;0,500000000000000000000
3986;3176;0,500000000000000000000
3986;184987;0,500000000000000000000
3996;2355;0,333333333333333333333
3996;2803;0,333333333333333333333
3996;7686;0,333333333333333333333
4020;1286;1,000000000000000000000
4041;1462;1,000000000000000000000
4058;8865;1,000000000000000000000
4059;5005;1,000000000000000000000
4081;10175;0,500000000000000000000
4081;259636;0,500000000000000000000
4085;27731;1,000000000000000000000
4089;4349;1,000000000000000000000
4147;2146;0,666666666666666666666
4147;53012;0,333333333333333333333
4172;1265;1,000000000000000000000
4173;332;0,500000000000000000000
4173;1025;0,500000000000000000000
4179;253;1,000000000000000000000
4217;8281;1,000000000000000000000
4225;1227;0,666666666666666666666
4225;34784;0,333333333333333333333
4262;3414;1,000000000000000000000
4268;1180;0,166666666666666666666
4268;1949;0,333333333333333333333
4268;3975;0,166666666666666666666
4268;7920;0,166666666666666666666
4268;38738;0,166666666666666666666
4281;4280;1,000000000000000000000
4299;4430;1,000000000000000000000
4377;1162;1,000000000000000000000
4421;10740;1,000000000000000000000
4425;122436;1,000000000000000000000
4435;14733;1,000000000000000000000
4453;937;1,000000000000000000000
4483;609;1,000000000000000000000
4507;101;1,000000000000000000000
4512;71;0,333333333333333333333
4512;695;0,333333333333333333333
4512;854;0,333333333333333333333
4518;437;0,666666666666666666666
4518;1563;0,333333333333333333333
4530;354;0,333333333333333333333
4530;356;0,333333333333333333333
4530;423;0,333333333333333333333
4552;41;0,500000000000000000000
4552;1261;0,500000000000000000000
4638;14;0,500000000000000000000
4638;1261;0,500000000000000000000
4639;3499;1,000000000000000000000
4697;3418;1,000000000000000000000
4713;251;1,000000000000000000000
4719;943;1,000000000000000000000
4772;772;1,000000000000000000000
4825;1364;1,000000000000000000000
4861;2511;0,250000000000000000000
4861;9230;0,500000000000000000000
4861;9231;0,250000000000000000000
4876;4877;1,000000000000000000000
4877;347;0,500000000000000000000
4877;4876;0,500000000000000000000
4935;2288;1,000000000000000000000
4976;135;0,500000000000000000000
4976;1077;0,250000000000000000000
4976;1278;0,250000000000000000000
4989;125861;1,000000000000000000000
5029;5383;1,000000000000000000000
5054;2865;1,000000000000000000000
5071;332;1,000000000000000000000
5082;2216;1,000000000000000000000
5117;779;1,000000000000000000000
5136;59841;1,000000000000000000000
5142;85;1,000000000000000000000
5174;285;1,000000000000000000000
5214;192;0,333333333333333333333
5214;995;0,666666666666666666666
5239;5591;1,000000000000000000000
5289;285;1,000000000000000000000
5470;216;1,000000000000000000000
5481;11741;1,000000000000000000000
5506;5915;1,000000000000000000000
5528;543;1,000000000000000000000
5536;4498;1,000000000000000000000
5564;192;0,444444444444444444444
5564;4561;0,111111111111111111111
5564;5219;0,111111111111111111111
5564;10946;0,222222222222222222222
5564;29061;0,111111111111111111111
5591;254;0,600000000000000000000
5591;5239;0,200000000000000000000
5591;6635;0,200000000000000000000
5617;617;0,090909090909090909090
5617;865;0,090909090909090909090
5617;3431;0,090909090909090909090
5617;9982;0,090909090909090909090
5617;13704;0,454545454545454545454
5617;17611;0,090909090909090909090
5617;28366;0,090909090909090909090
5626;407;1,000000000000000000000
5628;168;0,333333333333333333333
5628;3857;0,333333333333333333333
5628;6113;0,333333333333333333333
5632;190;0,500000000000000000000
5632;878;0,250000000000000000000
5632;27763;0,250000000000000000000
5640;829;1,000000000000000000000
5651;2491;1,000000000000000000000
5691;1443;1,000000000000000000000
5700;997;1,000000000000000000000
5751;1034;1,000000000000000000000
5915;5506;1,000000000000000000000
5935;1778;0,500000000000000000000
5935;7578;0,500000000000000000000
5967;925;1,000000000000000000000
6010;173893;1,000000000000000000000
6072;9694;1,000000000000000000000
6113;5628;1,000000000000000000000
6236;4145;1,000000000000000000000
6347;2713;1,000000000000000000000
6353;6354;1,000000000000000000000
6499;420;1,000000000000000000000
6505;1143;1,000000000000000000000
6622;1902;1,000000000000000000000
6635;31885;1,000000000000000000000
6664;6132;1,000000000000000000000
6694;3304;1,000000000000000000000
6723;1545;0,250000000000000000000
6723;1967;0,500000000000000000000
6723;2543;0,250000000000000000000
6765;2275;1,000000000000000000000
6773;683;1,000000000000000000000
6788;1897;1,000000000000000000000
6892;3233;0,250000000000000000000
6892;3299;0,250000000000000000000
6892;9722;0,250000000000000000000
6892;12433;0,250000000000000000000
6929;4991;1,000000000000000000000
6930;9098;1,000000000000000000000
6955;1164;1,000000000000000000000
6962;240;0,333333333333333333333
6962;1278;0,333333333333333333333
6962;48255;0,333333333333333333333
6980;251;0,333333333333333333333
6980;1515;0,333333333333333333333
6980;1520;0,333333333333333333333
7049;1583;1,000000000000000000000
7080;846;1,000000000000000000000
7135;441;0,333333333333333333333
7135;2500;0,333333333333333333333
7135;2972;0,333333333333333333333
7142;85;1,000000000000000000000
7160;2661;1,000000000000000000000
7259;1637;1,000000000000000000000
7322;3607;1,000000000000000000000
7521;4629;1,000000000000000000000
7543;152027;1,000000000000000000000
7578;5935;1,000000000000000000000
7586;151;0,666666666666666666666
7586;2041;0,333333333333333333333
7626;975;1,000000000000000000000
7701;1434;1,000000000000000000000
7747;521;1,000000000000000000000
7748;259636;1,000000000000000000000
7755;2098;1,000000000000000000000
7774;485;1,000000000000000000000
7859;2678;1,000000000000000000000
7906;398;0,500000000000000000000
7906;3560;0,500000000000000000000
7920;115;1,000000000000000000000
7975;419;0,333333333333333333333
7975;1221;0,333333333333333333333
7975;12959;0,333333333333333333333
7983;1462;1,000000000000000000000
8000;3905;1,000000000000000000000
8106;113;0,333333333333333333333
8106;1713;0,333333333333333333333
8106;3265;0,333333333333333333333
8164;1985;1,000000000000000000000
8268;14050;1,000000000000000000000
8281;4217;1,000000000000000000000
8306;660;1,000000000000000000000
8348;545;0,666666666666666666666
8348;1198;0,333333333333333333333
8440;1182;1,000000000000000000000
8441;8459;1,000000000000000000000
8442;479;0,333333333333333333333
8442;520;0,666666666666666666666
8447;525;0,250000000000000000000
8447;248334;0,750000000000000000000
8454;6006;1,000000000000000000000
8459;35;0,125000000000000000000
8459;8441;0,875000000000000000000
8465;385;0,250000000000000000000
8465;643;0,250000000000000000000
8465;1181;0,250000000000000000000
8465;2745;0,250000000000000000000
8513;4860;1,000000000000000000000
8623;1234;0,142857142857142857142
8623;1419;0,428571428571428571428
8623;2027;0,142857142857142857142
8623;25849;0,142857142857142857142
8623;259636;0,142857142857142857142
8648;266;0,200000000000000000000
8648;2383;0,200000000000000000000
8648;3944;0,200000000000000000000
8648;8976;0,200000000000000000000
8648;13398;0,200000000000000000000
8786;1154;0,500000000000000000000
8786;2741;0,500000000000000000000
8833;5660;1,000000000000000000000
8865;8827;1,000000000000000000000
8976;266;1,000000000000000000000
9158;5691;1,000000000000000000000
9208;7747;1,000000000000000000000
9230;4861;1,000000000000000000000
9274;474;1,000000000000000000000
9309;3431;1,000000000000000000000
9381;3591;1,000000000000000000000
9391;206;0,666666666666666666666
9391;4070;0,333333333333333333333
9402;5219;1,000000000000000000000
9419;2330;1,000000000000000000000
9510;1768;1,000000000000000000000
9567;4080;1,000000000000000000000
9668;37814;1,000000000000000000000
9694;6072;1,000000000000000000000
9722;6892;1,000000000000000000000
9730;1046;1,000000000000000000000
9762;612;1,000000000000000000000
9940;964;1,000000000000000000000
10020;678;1,000000000000000000000
10093;2367;1,000000000000000000000
10338;1429;1,000000000000000000000
10740;4421;1,000000000000000000000
10823;995;1,000000000000000000000
10926;351;0,500000000000000000000
10926;1340;0,500000000000000000000
10946;5564;1,000000000000000000000
11014;2678;1,000000000000000000000
11427;2195;1,000000000000000000000
11656;568;0,200000000000000000000
11656;609;0,200000000000000000000
11656;1082;0,200000000000000000000
11656;1959;0,200000000000000000000
11656;7648;0,200000000000000000000
12257;38;1,000000000000000000000
12486;1196;1,000000000000000000000
12497;6693;1,000000000000000000000
12591;4988;0,600000000000000000000
12591;7135;0,400000000000000000000
12596;761;1,000000000000000000000
12660;21112;1,000000000000000000000
12817;850;1,000000000000000000000
12850;120;0,250000000000000000000
12850;388;0,250000000000000000000
12850;1069;0,250000000000000000000
12850;2822;0,250000000000000000000
12876;85;1,000000000000000000000
13253;1156;0,500000000000000000000
13253;4881;0,500000000000000000000
13452;2227;1,000000000000000000000
13580;313473;1,000000000000000000000
13799;2021;1,000000000000000000000
14050;3551;1,000000000000000000000
14151;96;0,029411764705882352941
14151;232;0,029411764705882352941
14151;591;0,029411764705882352941
14151;1637;0,058823529411764705882
14151;1689;0,029411764705882352941
14151;2039;0,029411764705882352941
14151;2054;0,058823529411764705882
14151;2080;0,029411764705882352941
14151;3096;0,029411764705882352941
14151;3891;0,058823529411764705882
14151;4021;0,029411764705882352941
14151;4861;0,029411764705882352941
14151;5029;0,029411764705882352941
14151;5289;0,029411764705882352941
14151;5526;0,029411764705882352941
14151;7278;0,029411764705882352941
14151;9300;0,058823529411764705882
14151;12938;0,029411764705882352941
14151;14184;0,029411764705882352941
14151;19176;0,029411764705882352941
14151;27173;0,029411764705882352941
14151;27938;0,058823529411764705882
14151;28523;0,029411764705882352941
14151;76428;0,029411764705882352941
14151;83231;0,147058823529411764705
14826;1637;1,000000000000000000000
14899;3328;0,200000000000000000000
14899;3535;0,200000000000000000000
14899;6903;0,600000000000000000000
15048;518;1,000000000000000000000
15586;2661;1,000000000000000000000
15895;1457;1,000000000000000000000
16665;28686;1,000000000000000000000
16921;1250;1,000000000000000000000
17260;13416;1,000000000000000000000
17276;1340;1,000000000000000000000
17302;240;1,000000000000000000000
17323;1122;1,000000000000000000000
17554;1724;1,000000000000000000000
17611;5617;1,000000000000000000000
17678;9707;0,500000000000000000000
17678;28615;0,500000000000000000000
18398;3575;1,000000000000000000000
19176;232;0,500000000000000000000
19176;3647;0,250000000000000000000
19176;11476;0,250000000000000000000
19198;1104;1,000000000000000000000
20801;4954;0,500000000000000000000
20801;5945;0,500000000000000000000
21005;13122;1,000000000000000000000
21096;7701;1,000000000000000000000
21360;1165;0,500000000000000000000
21360;173893;0,500000000000000000000
24259;59841;1,000000000000000000000
25205;2287;1,000000000000000000000
26070;12959;1,000000000000000000000
27645;4587;0,500000000000000000000
27645;27613;0,500000000000000000000
27763;5167;0,333333333333333333333
27763;5632;0,666666666666666666666
28397;35;1,000000000000000000000
28476;5657;1,000000000000000000000
28858;4610;1,000000000000000000000
28930;551;0,027027027027027027027
28930;1344;0,027027027027027027027
28930;1454;0,027027027027027027027
28930;1898;0,054054054054054054054
28930;2743;0,054054054054054054054
28930;2786;0,054054054054054054054
28930;3420;0,054054054054054054054
28930;5136;0,027027027027027027027
28930;7717;0,027027027027027027027
28930;7975;0,054054054054054054054
28930;8212;0,027027027027027027027
28930;12959;0,054054054054054054054
28930;15737;0,027027027027027027027
28930;23759;0,054054054054054054054
28930;24259;0,054054054054054054054
28930;152027;0,378378378378378378378
29061;5564;1,000000000000000000000
29376;761;0,500000000000000000000
29376;1085;0,250000000000000000000
29376;1162;0,250000000000000000000
31885;6635;1,000000000000000000000
34784;4225;1,000000000000000000000
36186;1853;1,000000000000000000000
37814;1439;0,400000000000000000000
37814;1440;0,200000000000000000000
37814;9668;0,400000000000000000000
38738;1949;0,333333333333333333333
38738;4268;0,333333333333333333333
38738;7920;0,166666666666666666666
38738;22298;0,166666666666666666666
41776;354;0,230769230769230769230
41776;662;0,038461538461538461538
41776;695;0,038461538461538461538
41776;1946;0,153846153846153846153
41776;3095;0,038461538461538461538
41776;4918;0,038461538461538461538
41776;4919;0,307692307692307692307
41776;24601;0,115384615384615384615
41776;98841;0,038461538461538461538
42210;518;1,000000000000000000000
48255;65;0,200000000000000000000
48255;240;0,200000000000000000000
48255;3996;0,200000000000000000000
48255;4058;0,200000000000000000000
48255;6962;0,200000000000000000000
56738;688;1,000000000000000000000
57838;3141;1,000000000000000000000
59745;1169;0,666666666666666666666
59745;4336;0,111111111111111111111
59745;48255;0,111111111111111111111
59745;59841;0,111111111111111111111
59841;71;0,032608695652173913043
59841;283;0,032608695652173913043
59841;296;0,032608695652173913043
59841;419;0,010869565217391304347
59841;602;0,043478260869565217391
59841;695;0,043478260869565217391
59841;845;0,076086956521739130434
59841;846;0,086956521739130434782
59841;1065;0,010869565217391304347
59841;1066;0,010869565217391304347
59841;1169;0,119565217391304347826
59841;1563;0,010869565217391304347
59841;1657;0,010869565217391304347
59841;2083;0,010869565217391304347
59841;2435;0,010869565217391304347
59841;2697;0,032608695652173913043
59841;2731;0,010869565217391304347
59841;2863;0,032608695652173913043
59841;3123;0,032608695652173913043
59841;3256;0,032608695652173913043
59841;3427;0,032608695652173913043
59841;3683;0,032608695652173913043
59841;4874;0,010869565217391304347
59841;5136;0,010869565217391304347
59841;5149;0,032608695652173913043
59841;5638;0,010869565217391304347
59841;5789;0,010869565217391304347
59841;7975;0,032608695652173913043
59841;8268;0,010869565217391304347
59841;8715;0,032608695652173913043
59841;13502;0,010869565217391304347
59841;14481;0,032608695652173913043
59841;24259;0,010869565217391304347
59841;113392;0,010869565217391304347
59841;114536;0,032608695652173913043
65193;352;0,166666666666666666666
65193;933;0,416666666666666666666
65193;1130;0,083333333333333333333
65193;1361;0,333333333333333333333
67356;3427;0,500000000000000000000
67356;67709;0,500000000000000000000
75230;1967;1,000000000000000000000
75827;213;0,600000000000000000000
75827;747;0,400000000000000000000
75828;213;1,000000000000000000000
78108;3523;1,000000000000000000000
84925;1967;0,200000000000000000000
84925;2009;0,600000000000000000000
84925;24875;0,200000000000000000000
89874;520;0,285714285714285714285
89874;527;0,142857142857142857142
89874;4225;0,428571428571428571428
89874;5012;0,142857142857142857142
90666;319841;1,000000000000000000000
98841;3523;0,500000000000000000000
98841;112062;0,500000000000000000000
102129;1042;1,000000000000000000000
112062;695;0,142857142857142857142
112062;826;0,714285714285714285714
112062;98841;0,142857142857142857142
113392;296;0,222222222222222222222
113392;846;0,222222222222222222222
113392;2350;0,222222222222222222222
113392;8306;0,111111111111111111111
113392;59841;0,222222222222222222222
114536;1563;0,083333333333333333333
114536;3427;0,166666666666666666666
114536;7030;0,166666666666666666666
114536;8212;0,166666666666666666666
114536;9215;0,166666666666666666666
114536;23562;0,166666666666666666666
114536;59841;0,083333333333333333333
115105;2684;1,000000000000000000000
125861;779;0,500000000000000000000
125861;2364;0,500000000000000000000
131383;1724;0,500000000000000000000
131383;18641;0,500000000000000000000
135566;2467;0,333333333333333333333
135566;17278;0,666666666666666666666
159122;1967;1,000000000000000000000
173893;6010;1,000000000000000000000
179346;669;1,000000000000000000000
192866;845;0,545454545454545454545
192866;846;0,363636363636363636363
192866;1437;0,090909090909090909090
193005;845;1,000000000000000000000
238453;796;1,000000000000000000000
239965;796;1,000000000000000000000
239967;2512;1,000000000000000000000
239969;5869;1,000000000000000000000
248334;525;0,333333333333333333333
248334;8447;0,666666666666666666666
248837;525;1,000000000000000000000
259636;59;0,015625000000000000000
259636;115;0,015625000000000000000
259636;251;0,046875000000000000000
259636;266;0,031250000000000000000
259636;394;0,015625000000000000000
259636;523;0,015625000000000000000
259636;550;0,015625000000000000000
259636;783;0,015625000000000000000
259636;827;0,015625000000000000000
259636;841;0,015625000000000000000
259636;1173;0,015625000000000000000
259636;1276;0,015625000000000000000
259636;1333;0,015625000000000000000
259636;1340;0,015625000000000000000
259636;1459;0,015625000000000000000
259636;1563;0,015625000000000000000
259636;1566;0,015625000000000000000
259636;1637;0,015625000000000000000
259636;1698;0,015625000000000000000
259636;1713;0,015625000000000000000
259636;1938;0,031250000000000000000
259636;1963;0,015625000000000000000
259636;2007;0,015625000000000000000
259636;2080;0,031250000000000000000
259636;2184;0,015625000000000000000
259636;2421;0,015625000000000000000
259636;2644;0,015625000000000000000
259636;2678;0,015625000000000000000
259636;2865;0,015625000000000000000
259636;3091;0,031250000000000000000
259636;3142;0,015625000000000000000
259636;3180;0,015625000000000000000
259636;3378;0,015625000000000000000
259636;3599;0,015625000000000000000
259636;3971;0,015625000000000000000
259636;4081;0,015625000000000000000
259636;4232;0,015625000000000000000
259636;4268;0,015625000000000000000
259636;5001;0,031250000000000000000
259636;5005;0,015625000000000000000
259636;5010;0,015625000000000000000
259636;5657;0,015625000000000000000
259636;5783;0,015625000000000000000
259636;5915;0,015625000000000000000
259636;7748;0,015625000000000000000
259636;8623;0,015625000000000000000
259636;8702;0,015625000000000000000
259636;9394;0,015625000000000000000
259636;10175;0,015625000000000000000
259636;10337;0,015625000000000000000
259636;13584;0,015625000000000000000
259636;13599;0,015625000000000000000
259636;13692;0,015625000000000000000
259636;13899;0,015625000000000000000
259636;26479;0,031250000000000000000
259636;27945;0,015625000000000000000
267368;85;1,000000000000000000000
280033;284853;1,000000000000000000000
283636;5042;1,000000000000000000000
319841;10338;1,000000000000000000000
