7;2078;0,333333333333333333333
7;7585;0,333333333333333333333
7;13416;0,333333333333333333333
32;19;1,000000000000000000000
48;178;0,142857142857142857142
48;194;0,142857142857142857142
48;856;0,142857142857142857142
48;4831;0,285714285714285714285
48;7015;0,142857142857142857142
48;15207;0,142857142857142857142
54;485;0,166666666666666666666
54;1116;0,166666666666666666666
54;4041;0,666666666666666666666
63;6554;1,000000000000000000000
65;1122;0,200000000000000000000
65;4274;0,400000000000000000000
65;6962;0,200000000000000000000
65;13265;0,200000000000000000000
71;194;0,086956521739130434782
71;360;0,130434782608695652173
71;405;0,043478260869565217391
71;529;0,086956521739130434782
71;645;0,043478260869565217391
71;662;0,043478260869565217391
71;695;0,086956521739130434782
71;1724;0,043478260869565217391
71;1948;0,043478260869565217391
71;1949;0,043478260869565217391
71;2803;0,043478260869565217391
71;3141;0,086956521739130434782
71;3235;0,086956521739130434782
71;3399;0,043478260869565217391
71;3523;0,043478260869565217391
71;12432;0,043478260869565217391
72;744;0,142857142857142857142
72;829;0,285714285714285714285
72;845;0,142857142857142857142
72;1117;0,142857142857142857142
72;1361;0,142857142857142857142
72;1724;0,142857142857142857142
74;498;1,000000000000000000000
77;529;1,000000000000000000000
80;224;0,105263157894736842105
80;502;0,105263157894736842105
80;531;0,105263157894736842105
80;668;0,210526315789473684210
80;754;0,052631578947368421052
80;1129;0,105263157894736842105
80;1130;0,105263157894736842105
80;1131;0,105263157894736842105
80;3515;0,105263157894736842105
90;3680;0,500000000000000000000
90;10649;0,500000000000000000000
96;42;0,153846153846153846153
96;615;0,038461538461538461538
96;845;0,153846153846153846153
96;980;0,076923076923076923076
96;1156;0,115384615384615384615
96;2714;0,076923076923076923076
96;3219;0,038461538461538461538
96;3857;0,115384615384615384615
96;3867;0,076923076923076923076
96;3871;0,076923076923076923076
96;12432;0,038461538461538461538
96;17918;0,038461538461538461538
108;1340;1,000000000000000000000
115;3481;1,000000000000000000000
119;1867;0,400000000000000000000
119;7111;0,200000000000000000000
119;9226;0,200000000000000000000
119;12247;0,200000000000000000000
120;392;0,500000000000000000000
120;2140;0,500000000000000000000
127;2826;1,000000000000000000000
132;550;0,500000000000000000000
132;691;0,250000000000000000000
132;3230;0,250000000000000000000
135;13;0,037037037037037037037
135;992;0,074074074074074074074
135;1116;0,074074074074074074074
135;1117;0,444444444444444444444
135;1278;0,074074074074074074074
135;1815;0,074074074074074074074
135;2850;0,111111111111111111111
135;3436;0,037037037037037037037
135;4020;0,074074074074074074074
138;3523;1,000000000000000000000
151;3188;1,000000000000000000000
166;3773;1,000000000000000000000
172;1476;1,000000000000000000000
174;4085;1,000000000000000000000
183;1815;0,500000000000000000000
183;4090;0,500000000000000000000
192;528;0,500000000000000000000
192;5564;0,500000000000000000000
194;71;0,066666666666666666666
194;240;0,066666666666666666666
194;276;0,066666666666666666666
194;628;0,333333333333333333333
194;837;0,066666666666666666666
194;1754;0,200000000000000000000
194;1940;0,066666666666666666666
194;2825;0,066666666666666666666
194;4512;0,066666666666666666666
206;2046;0,500000000000000000000
206;9391;0,500000000000000000000
211;4355;1,000000000000000000000
213;747;0,666666666666666666666
213;748;0,333333333333333333333
218;9554;1,000000000000000000000
219;531;1,000000000000000000000
220;1563;1,000000000000000000000
224;502;1,000000000000000000000
232;194;1,000000000000000000000
242;2736;1,000000000000000000000
244;9367;1,000000000000000000000
249;1033;0,250000000000000000000
249;3473;0,250000000000000000000
249;3753;0,250000000000000000000
249;17918;0,250000000000000000000
250;1448;1,000000000000000000000
253;85;1,000000000000000000000
263;420;0,714285714285714285714
263;845;0,142857142857142857142
263;846;0,142857142857142857142
266;2383;0,200000000000000000000
266;2600;0,400000000000000000000
266;8648;0,400000000000000000000
273;558;1,000000000000000000000
276;2275;0,333333333333333333333
276;98841;0,333333333333333333333
276;245879;0,333333333333333333333
279;1271;0,250000000000000000000
279;1570;0,083333333333333333333
279;2706;0,250000000000000000000
279;3429;0,083333333333333333333
279;7116;0,333333333333333333333
283;1342;0,333333333333333333333
283;1591;0,166666666666666666666
283;4747;0,333333333333333333333
283;59841;0,166666666666666666666
284;285;1,000000000000000000000
287;1216;0,666666666666666666666
287;1988;0,333333333333333333333
288;296;1,000000000000000000000
289;492;0,500000000000000000000
289;9401;0,500000000000000000000
292;2834;1,000000000000000000000
306;513;0,142857142857142857142
306;1307;0,142857142857142857142
306;1416;0,142857142857142857142
306;4257;0,142857142857142857142
306;6788;0,428571428571428571428
309;1231;0,500000000000000000000
309;140271;0,500000000000000000000
313;8957;1,000000000000000000000
317;318;0,666666666666666666666
317;4728;0,333333333333333333333
318;317;0,333333333333333333333
318;3802;0,666666666666666666666
320;2310;1,000000000000000000000
324;219;1,000000000000000000000
332;452;0,341463414634146341463
332;531;0,097560975609756097560
332;718;0,097560975609756097560
332;754;0,024390243902439024390
332;819;0,048780487804878048780
332;1129;0,024390243902439024390
332;1370;0,024390243902439024390
332;1647;0,024390243902439024390
332;5071;0,292682926829268292682
332;27870;0,024390243902439024390
353;352;1,000000000000000000000
354;276;1,000000000000000000000
355;352;0,333333333333333333333
355;353;0,666666666666666666666
380;1769;0,333333333333333333333
380;2195;0,333333333333333333333
380;5464;0,333333333333333333333
388;391;0,666666666666666666666
388;2140;0,333333333333333333333
391;388;0,666666666666666666666
391;2140;0,333333333333333333333
396;945;1,000000000000000000000
402;865;1,000000000000000000000
403;392;0,333333333333333333333
403;2822;0,333333333333333333333
403;4821;0,333333333333333333333
404;498;1,000000000000000000000
405;71;0,166666666666666666666
405;1123;0,166666666666666666666
405;3146;0,166666666666666666666
405;8889;0,166666666666666666666
405;9615;0,166666666666666666666
405;11527;0,166666666666666666666
407;240;0,038461538461538461538
407;458;0,076923076923076923076
407;904;0,038461538461538461538
407;975;0,076923076923076923076
407;1016;0,076923076923076923076
407;1556;0,076923076923076923076
407;2499;0,076923076923076923076
407;2585;0,038461538461538461538
407;3038;0,076923076923076923076
407;3188;0,076923076923076923076
407;3779;0,115384615384615384615
407;5012;0,076923076923076923076
407;5626;0,153846153846153846153
411;1637;1,000000000000000000000
414;120;0,090909090909090909090
414;337;0,090909090909090909090
414;388;0,090909090909090909090
414;392;0,090909090909090909090
414;415;0,090909090909090909090
414;2140;0,090909090909090909090
414;2822;0,090909090909090909090
414;3513;0,090909090909090909090
414;4078;0,090909090909090909090
414;6000;0,090909090909090909090
414;8566;0,090909090909090909090
415;8017;1,000000000000000000000
418;865;1,000000000000000000000
419;414;0,333333333333333333333
419;4206;0,333333333333333333333
419;59841;0,333333333333333333333
420;71;0,250000000000000000000
420;131;0,083333333333333333333
420;263;0,166666666666666666666
420;845;0,083333333333333333333
420;846;0,083333333333333333333
420;1117;0,083333333333333333333
420;1263;0,083333333333333333333
420;1744;0,083333333333333333333
420;1946;0,083333333333333333333
423;339;0,038461538461538461538
423;352;0,038461538461538461538
423;425;0,038461538461538461538
423;426;0,038461538461538461538
423;441;0,038461538461538461538
423;442;0,038461538461538461538
423;443;0,038461538461538461538
423;444;0,038461538461538461538
423;513;0,038461538461538461538
423;632;0,038461538461538461538
423;849;0,038461538461538461538
423;1117;0,038461538461538461538
423;2500;0,038461538461538461538
423;2555;0,038461538461538461538
423;2561;0,153846153846153846153
423;3394;0,038461538461538461538
423;4510;0,038461538461538461538
423;5611;0,038461538461538461538
423;5619;0,038461538461538461538
423;12418;0,038461538461538461538
423;13335;0,038461538461538461538
423;13482;0,038461538461538461538
423;29085;0,038461538461538461538
441;7135;1,000000000000000000000
453;326;0,250000000000000000000
453;4299;0,250000000000000000000
453;4677;0,250000000000000000000
453;13498;0,250000000000000000000
454;1946;1,000000000000000000000
455;4187;1,000000000000000000000
466;1744;1,000000000000000000000
468;288;1,000000000000000000000
472;1754;0,500000000000000000000
472;3503;0,500000000000000000000
479;5013;0,500000000000000000000
479;8473;0,500000000000000000000
484;1374;0,500000000000000000000
484;1439;0,500000000000000000000
485;54;0,086956521739130434782
485;541;0,173913043478260869565
485;657;0,043478260869565217391
485;867;0,086956521739130434782
485;1228;0,043478260869565217391
485;1344;0,043478260869565217391
485;2310;0,173913043478260869565
485;2817;0,130434782608695652173
485;3230;0,043478260869565217391
485;4931;0,086956521739130434782
485;5395;0,086956521739130434782
492;289;1,000000000000000000000
498;74;0,500000000000000000000
498;1313;0,500000000000000000000
502;80;0,086956521739130434782
502;224;0,173913043478260869565
502;530;0,043478260869565217391
502;1131;0,130434782608695652173
502;1248;0,043478260869565217391
502;2516;0,043478260869565217391
502;3443;0,217391304347826086956
502;3515;0,217391304347826086956
502;3625;0,043478260869565217391
510;1913;0,500000000000000000000
510;4583;0,500000000000000000000
513;306;1,000000000000000000000
517;72;0,142857142857142857142
517;779;0,047619047619047619047
517;829;0,095238095238095238095
517;830;0,095238095238095238095
517;982;0,285714285714285714285
517;2203;0,095238095238095238095
517;3395;0,047619047619047619047
517;116140;0,190476190476190476190
518;3096;1,000000000000000000000
519;7;1,000000000000000000000
520;240;0,111111111111111111111
520;521;0,055555555555555555555
520;522;0,055555555555555555555
520;523;0,055555555555555555555
520;524;0,055555555555555555555
520;525;0,055555555555555555555
520;526;0,055555555555555555555
520;527;0,111111111111111111111
520;528;0,055555555555555555555
520;529;0,055555555555555555555
520;793;0,222222222222222222222
520;1182;0,055555555555555555555
520;160268;0,055555555555555555555
524;2385;0,333333333333333333333
524;4525;0,333333333333333333333
524;9418;0,333333333333333333333
526;2008;0,333333333333333333333
526;2385;0,333333333333333333333
526;13265;0,333333333333333333333
527;520;0,250000000000000000000
527;613;0,250000000000000000000
527;793;0,250000000000000000000
527;5603;0,250000000000000000000
538;3223;1,000000000000000000000
541;54;0,200000000000000000000
541;485;0,600000000000000000000
541;12572;0,200000000000000000000
545;8348;1,000000000000000000000
547;988;1,000000000000000000000
550;132;0,500000000000000000000
550;596;0,166666666666666666666
550;1319;0,333333333333333333333
551;1462;0,500000000000000000000
551;12709;0,500000000000000000000
558;2657;1,000000000000000000000
567;1589;1,000000000000000000000
568;37;0,500000000000000000000
568;7756;0,500000000000000000000
571;528;0,500000000000000000000
571;1897;0,500000000000000000000
585;955;0,333333333333333333333
585;2214;0,666666666666666666666
588;3342;1,000000000000000000000
600;353;0,200000000000000000000
600;1079;0,200000000000000000000
600;27442;0,400000000000000000000
600;136664;0,200000000000000000000
608;609;0,333333333333333333333
608;2433;0,333333333333333333333
608;8276;0,333333333333333333333
612;39;1,000000000000000000000
613;527;0,500000000000000000000
613;4307;0,500000000000000000000
615;96;0,052631578947368421052
615;248;0,052631578947368421052
615;250;0,052631578947368421052
615;251;0,052631578947368421052
615;285;0,052631578947368421052
615;781;0,052631578947368421052
615;2139;0,052631578947368421052
615;2252;0,052631578947368421052
615;2398;0,052631578947368421052
615;2515;0,052631578947368421052
615;3045;0,052631578947368421052
615;3866;0,052631578947368421052
615;3867;0,052631578947368421052
615;3868;0,052631578947368421052
615;3869;0,052631578947368421052
615;3870;0,052631578947368421052
615;3871;0,052631578947368421052
615;3872;0,052631578947368421052
615;3873;0,052631578947368421052
617;3431;1,000000000000000000000
621;2385;1,000000000000000000000
622;5564;1,000000000000000000000
625;122;0,333333333333333333333
625;2230;0,333333333333333333333
625;2853;0,333333333333333333333
628;194;0,555555555555555555555
628;360;0,222222222222222222222
628;1940;0,111111111111111111111
628;2825;0,111111111111111111111
632;2547;0,333333333333333333333
632;116140;0,666666666666666666666
635;1471;1,000000000000000000000
644;71;1,000000000000000000000
657;485;0,500000000000000000000
657;179346;0,500000000000000000000
662;71;0,166666666666666666666
662;529;0,166666666666666666666
662;1944;0,166666666666666666666
662;78108;0,500000000000000000000
667;668;1,000000000000000000000
668;80;0,120000000000000000000
668;530;0,040000000000000000000
668;667;0,280000000000000000000
668;754;0,040000000000000000000
668;1129;0,160000000000000000000
668;12617;0,160000000000000000000
668;13482;0,160000000000000000000
668;65193;0,040000000000000000000
675;281;0,384615384615384615384
675;332;0,076923076923076923076
675;452;0,076923076923076923076
675;992;0,076923076923076923076
675;1129;0,153846153846153846153
675;1370;0,230769230769230769230
678;267;0,047619047619047619047
678;737;0,142857142857142857142
678;1889;0,190476190476190476190
678;2139;0,047619047619047619047
678;2661;0,190476190476190476190
678;2706;0,095238095238095238095
678;5564;0,095238095238095238095
678;7160;0,047619047619047619047
678;10020;0,095238095238095238095
678;12907;0,047619047619047619047
683;681;1,000000000000000000000
688;56738;1,000000000000000000000
689;454;0,666666666666666666666
689;26347;0,333333333333333333333
695;71;0,400000000000000000000
695;983;0,200000000000000000000
695;1169;0,200000000000000000000
695;59745;0,200000000000000000000
708;2991;0,866666666666666666666
708;4020;0,133333333333333333333
731;194;0,200000000000000000000
731;1439;0,200000000000000000000
731;1495;0,200000000000000000000
731;3161;0,400000000000000000000
744;72;0,040000000000000000000
744;131;0,040000000000000000000
744;263;0,040000000000000000000
744;845;0,280000000000000000000
744;846;0,120000000000000000000
744;1065;0,040000000000000000000
744;1263;0,040000000000000000000
744;1437;0,040000000000000000000
744;1724;0,040000000000000000000
744;2731;0,080000000000000000000
744;2834;0,040000000000000000000
744;3636;0,040000000000000000000
744;3683;0,040000000000000000000
744;5638;0,040000000000000000000
744;59841;0,040000000000000000000
744;192866;0,040000000000000000000
747;213;0,428571428571428571428
747;75827;0,571428571428571428571
749;1939;0,250000000000000000000
749;5660;0,250000000000000000000
749;59841;0,500000000000000000000
752;218;0,142857142857142857142
752;802;0,142857142857142857142
752;1454;0,142857142857142857142
752;2607;0,142857142857142857142
752;3971;0,142857142857142857142
752;7793;0,142857142857142857142
752;9955;0,142857142857142857142
761;26347;1,000000000000000000000
763;1234;0,600000000000000000000
763;1277;0,400000000000000000000
768;2661;1,000000000000000000000
778;2877;1,000000000000000000000
779;517;0,117647058823529411764
779;829;0,029411764705882352941
779;1707;0,029411764705882352941
779;2500;0,147058823529411764705
779;2817;0,029411764705882352941
779;3099;0,029411764705882352941
779;3203;0,029411764705882352941
779;4004;0,029411764705882352941
779;4989;0,205882352941176470588
779;5117;0,088235294117647058823
779;8999;0,029411764705882352941
779;13396;0,117647058823529411764
779;27615;0,029411764705882352941
779;125861;0,088235294117647058823
781;281;1,000000000000000000000
787;756;1,000000000000000000000
802;752;1,000000000000000000000
819;332;0,166666666666666666666
819;452;0,166666666666666666666
819;718;0,666666666666666666666
827;1948;0,700000000000000000000
827;2355;0,200000000000000000000
827;3098;0,100000000000000000000
829;72;0,600000000000000000000
829;2684;0,200000000000000000000
829;3985;0,200000000000000000000
835;1152;0,750000000000000000000
835;2803;0,250000000000000000000
837;194;0,666666666666666666666
837;1316;0,333333333333333333333
839;360;1,000000000000000000000
841;2740;1,000000000000000000000
844;1719;1,000000000000000000000
845;71;0,081081081081081081081
845;96;0,027027027027027027027
845;360;0,027027027027027027027
845;420;0,027027027027027027027
845;744;0,108108108108108108108
845;846;0,256756756756756756756
845;982;0,027027027027027027027
845;1041;0,027027027027027027027
845;1437;0,040540540540540540540
845;1724;0,027027027027027027027
845;2731;0,013513513513513513513
845;59841;0,013513513513513513513
845;192866;0,324324324324324324324
846;131;0,032258064516129032258
846;263;0,032258064516129032258
846;420;0,032258064516129032258
846;567;0,032258064516129032258
846;744;0,064516129032258064516
846;845;0,225806451612903225806
846;966;0,032258064516129032258
846;1065;0,032258064516129032258
846;1263;0,032258064516129032258
846;1342;0,032258064516129032258
846;1437;0,032258064516129032258
846;2435;0,032258064516129032258
846;2731;0,096774193548387096774
846;2834;0,032258064516129032258
846;2863;0,032258064516129032258
846;3683;0,032258064516129032258
846;5638;0,032258064516129032258
846;8715;0,032258064516129032258
846;23759;0,032258064516129032258
846;59841;0,032258064516129032258
846;192866;0,032258064516129032258
846;193005;0,032258064516129032258
849;1024;1,000000000000000000000
853;228;0,200000000000000000000
853;1206;0,200000000000000000000
853;1224;0,400000000000000000000
853;12745;0,200000000000000000000
854;72;0,500000000000000000000
854;517;0,500000000000000000000
860;82;0,200000000000000000000
860;468;0,200000000000000000000
860;3473;0,400000000000000000000
860;5092;0,200000000000000000000
865;402;1,000000000000000000000
866;938;1,000000000000000000000
867;485;1,000000000000000000000
869;1765;1,000000000000000000000
877;4765;1,000000000000000000000
883;2385;0,500000000000000000000
883;2786;0,500000000000000000000
885;3911;1,000000000000000000000
890;1231;1,000000000000000000000
899;3233;1,000000000000000000000
911;2385;0,222222222222222222222
911;5437;0,111111111111111111111
911;6213;0,222222222222222222222
911;9624;0,333333333333333333333
911;16644;0,111111111111111111111
920;38;1,000000000000000000000
923;24839;1,000000000000000000000
925;6532;0,500000000000000000000
925;10602;0,500000000000000000000
933;452;0,250000000000000000000
933;531;0,500000000000000000000
933;2516;0,250000000000000000000
941;285;1,000000000000000000000
945;502;0,666666666666666666666
945;904;0,333333333333333333333
955;585;1,000000000000000000000
966;846;1,000000000000000000000
970;2385;1,000000000000000000000
972;122;0,500000000000000000000
972;4890;0,500000000000000000000
979;2736;0,500000000000000000000
979;8478;0,500000000000000000000
980;96;0,750000000000000000000
980;3857;0,250000000000000000000
982;845;1,000000000000000000000
983;695;0,500000000000000000000
983;21697;0,500000000000000000000
984;1917;0,666666666666666666666
984;3503;0,333333333333333333333
990;244;0,333333333333333333333
990;295;0,333333333333333333333
990;4334;0,333333333333333333333
992;135;0,071428571428571428571
992;1591;0,071428571428571428571
992;1931;0,142857142857142857142
992;2684;0,642857142857142857142
992;115105;0,071428571428571428571
995;194;0,181818181818181818181
995;1946;0,272727272727272727272
995;2109;0,181818181818181818181
995;3523;0,090909090909090909090
995;3610;0,090909090909090909090
995;4179;0,181818181818181818181
997;5693;0,500000000000000000000
997;6267;0,500000000000000000000
1010;216;0,333333333333333333333
1010;3809;0,333333333333333333333
1010;20770;0,333333333333333333333
1033;3473;0,666666666666666666666
1033;6554;0,333333333333333333333
1041;845;0,200000000000000000000
1041;982;0,400000000000000000000
1041;6068;0,200000000000000000000
1041;27063;0,200000000000000000000
1044;887;0,500000000000000000000
1044;12798;0,500000000000000000000
1046;1751;1,000000000000000000000
1058;833;0,250000000000000000000
1058;2204;0,750000000000000000000
1064;174;0,428571428571428571428
1064;437;0,142857142857142857142
1064;1563;0,142857142857142857142
1064;1735;0,142857142857142857142
1064;3971;0,142857142857142857142
1066;966;0,166666666666666666666
1066;1443;0,166666666666666666666
1066;1681;0,166666666666666666666
1066;2147;0,166666666666666666666
1066;2697;0,166666666666666666666
1066;5557;0,166666666666666666666
1073;8164;0,500000000000000000000
1073;8165;0,500000000000000000000
1076;4442;1,000000000000000000000
1079;600;0,666666666666666666666
1079;1754;0,333333333333333333333
1082;891;1,000000000000000000000
1085;464;0,166666666666666666666
1085;2591;0,166666666666666666666
1085;3610;0,333333333333333333333
1085;3829;0,166666666666666666666
1085;9296;0,166666666666666666666
1100;5423;1,000000000000000000000
1117;72;0,076923076923076923076
1117;360;0,153846153846153846153
1117;420;0,076923076923076923076
1117;854;0,076923076923076923076
1117;1574;0,076923076923076923076
1117;2972;0,076923076923076923076
1117;4510;0,076923076923076923076
1117;8253;0,307692307692307692307
1117;116140;0,076923076923076923076
1121;2070;0,571428571428571428571
1121;2683;0,142857142857142857142
1121;5922;0,142857142857142857142
1121;7939;0,142857142857142857142
1123;3971;0,750000000000000000000
1123;11527;0,250000000000000000000
1131;80;0,250000000000000000000
1131;502;0,250000000000000000000
1131;3625;0,500000000000000000000
1133;1206;1,000000000000000000000
1139;390;0,111111111111111111111
1139;458;0,111111111111111111111
1139;713;0,111111111111111111111
1139;749;0,111111111111111111111
1139;865;0,111111111111111111111
1139;945;0,111111111111111111111
1139;1295;0,111111111111111111111
1139;21112;0,111111111111111111111
1139;28404;0,111111111111111111111
1140;1822;1,000000000000000000000
1142;1591;0,500000000000000000000
1142;3872;0,250000000000000000000
1142;59841;0,250000000000000000000
1143;3802;0,166666666666666666666
1143;5338;0,166666666666666666666
1143;6505;0,333333333333333333333
1143;6514;0,333333333333333333333
1149;285;1,000000000000000000000
1152;293;0,666666666666666666666
1152;2834;0,333333333333333333333
1153;1154;0,500000000000000000000
1153;5383;0,500000000000000000000
1154;122;0,058823529411764705882
1154;222;0,058823529411764705882
1154;972;0,058823529411764705882
1154;1637;0,058823529411764705882
1154;1639;0,058823529411764705882
1154;2302;0,176470588235294117647
1154;2741;0,058823529411764705882
1154;4553;0,058823529411764705882
1154;4572;0,058823529411764705882
1154;4821;0,058823529411764705882
1154;4890;0,058823529411764705882
1154;5383;0,058823529411764705882
1154;5440;0,058823529411764705882
1154;12775;0,117647058823529411764
1157;1073;0,166666666666666666666
1157;1984;0,166666666666666666666
1157;1985;0,166666666666666666666
1157;3682;0,166666666666666666666
1157;8164;0,166666666666666666666
1157;9513;0,166666666666666666666
1160;1513;0,500000000000000000000
1160;3332;0,500000000000000000000
1165;1439;0,400000000000000000000
1165;1440;0,400000000000000000000
1165;59522;0,200000000000000000000
1168;277;0,142857142857142857142
1168;749;0,142857142857142857142
1168;1446;0,142857142857142857142
1168;41776;0,142857142857142857142
1168;131383;0,428571428571428571428
1169;71;0,062500000000000000000
1169;100;0,062500000000000000000
1169;276;0,062500000000000000000
1169;695;0,062500000000000000000
1169;696;0,062500000000000000000
1169;1939;0,031250000000000000000
1169;1942;0,062500000000000000000
1169;1943;0,062500000000000000000
1169;1944;0,062500000000000000000
1169;1945;0,062500000000000000000
1169;1946;0,062500000000000000000
1169;3523;0,062500000000000000000
1169;4512;0,062500000000000000000
1169;59745;0,093750000000000000000
1169;59841;0,062500000000000000000
1169;98841;0,062500000000000000000
1178;6007;1,000000000000000000000
1187;14653;1,000000000000000000000
1196;1264;0,250000000000000000000
1196;1713;0,250000000000000000000
1196;3722;0,250000000000000000000
1196;8225;0,250000000000000000000
1198;194;0,250000000000000000000
1198;2343;0,500000000000000000000
1198;14652;0,250000000000000000000
1206;1133;1,000000000000000000000
1216;287;0,800000000000000000000
1216;9941;0,200000000000000000000
1220;1771;0,400000000000000000000
1220;108876;0,600000000000000000000
1225;2744;1,000000000000000000000
1227;9722;1,000000000000000000000
1228;485;0,200000000000000000000
1228;1487;0,800000000000000000000
1231;16;0,076923076923076923076
1231;57;0,076923076923076923076
1231;309;0,076923076923076923076
1231;890;0,076923076923076923076
1231;2736;0,076923076923076923076
1231;2739;0,076923076923076923076
1231;3141;0,076923076923076923076
1231;3145;0,076923076923076923076
1231;4501;0,076923076923076923076
1231;4821;0,076923076923076923076
1231;5519;0,076923076923076923076
1231;6503;0,076923076923076923076
1231;6514;0,076923076923076923076
1234;1235;0,166666666666666666666
1234;1277;0,166666666666666666666
1234;3188;0,166666666666666666666
1234;9442;0,333333333333333333333
1234;219164;0,166666666666666666666
1235;1234;0,052631578947368421052
1235;1271;0,421052631578947368421
1235;1277;0,210526315789473684210
1235;1815;0,052631578947368421052
1235;3393;0,105263157894736842105
1235;10188;0,157894736842105263157
1236;1234;0,750000000000000000000
1236;1277;0,250000000000000000000
1246;6250;1,000000000000000000000
1250;359;0,333333333333333333333
1250;689;0,333333333333333333333
1250;1945;0,333333333333333333333
1261;13;1,000000000000000000000
1265;596;1,000000000000000000000
1271;1235;0,500000000000000000000
1271;2706;0,250000000000000000000
1271;10188;0,250000000000000000000
1277;763;0,045454545454545454545
1277;826;0,136363636363636363636
1277;1234;0,136363636363636363636
1277;1235;0,181818181818181818181
1277;1236;0,181818181818181818181
1277;1237;0,045454545454545454545
1277;1815;0,045454545454545454545
1277;10188;0,136363636363636363636
1277;21154;0,090909090909090909090
1278;135;0,750000000000000000000
1278;183;0,250000000000000000000
1282;3418;0,500000000000000000000
1282;8580;0,500000000000000000000
1286;242;0,500000000000000000000
1286;8071;0,500000000000000000000
1290;1314;1,000000000000000000000
1293;1018;1,000000000000000000000
1295;5626;0,500000000000000000000
1295;7574;0,500000000000000000000
1301;779;1,000000000000000000000
1307;306;0,250000000000000000000
1307;3235;0,250000000000000000000
1307;4004;0,500000000000000000000
1319;550;1,000000000000000000000
1322;997;1,000000000000000000000
1324;1326;1,000000000000000000000
1330;5831;1,000000000000000000000
1331;1337;1,000000000000000000000
1333;1335;1,000000000000000000000
1334;1336;1,000000000000000000000
1335;622;0,500000000000000000000
1335;1443;0,500000000000000000000
1336;1334;1,000000000000000000000
1340;108;0,400000000000000000000
1340;1027;0,200000000000000000000
1340;2594;0,400000000000000000000
1344;4931;0,333333333333333333333
1344;179346;0,666666666666666666666
1370;281;0,166666666666666666666
1370;452;0,166666666666666666666
1370;675;0,166666666666666666666
1370;719;0,333333333333333333333
1370;23720;0,166666666666666666666
1379;1597;1,000000000000000000000
1397;1728;1,000000000000000000000
1406;2198;0,333333333333333333333
1406;2489;0,333333333333333333333
1406;8910;0,333333333333333333333
1425;228;0,500000000000000000000
1425;5591;0,500000000000000000000
1429;1439;1,000000000000000000000
1432;27674;1,000000000000000000000
1437;2512;1,000000000000000000000
1439;40;0,014285714285714285714
1439;214;0,014285714285714285714
1439;282;0,014285714285714285714
1439;484;0,014285714285714285714
1439;635;0,014285714285714285714
1439;731;0,014285714285714285714
1439;747;0,014285714285714285714
1439;748;0,014285714285714285714
1439;882;0,014285714285714285714
1439;1094;0,014285714285714285714
1439;1164;0,014285714285714285714
1439;1192;0,014285714285714285714
1439;1429;0,014285714285714285714
1439;1471;0,014285714285714285714
1439;1637;0,014285714285714285714
1439;1684;0,014285714285714285714
1439;1810;0,014285714285714285714
1439;1831;0,028571428571428571428
1439;2075;0,014285714285714285714
1439;2080;0,014285714285714285714
1439;2083;0,014285714285714285714
1439;2734;0,028571428571428571428
1439;3091;0,014285714285714285714
1439;3161;0,014285714285714285714
1439;3436;0,014285714285714285714
1439;3797;0,014285714285714285714
1439;3829;0,014285714285714285714
1439;4476;0,014285714285714285714
1439;4667;0,014285714285714285714
1439;5083;0,014285714285714285714
1439;5177;0,014285714285714285714
1439;5654;0,014285714285714285714
1439;6955;0,014285714285714285714
1439;7322;0,014285714285714285714
1439;7560;0,014285714285714285714
1439;7711;0,014285714285714285714
1439;8003;0,028571428571428571428
1439;8512;0,014285714285714285714
1439;8516;0,028571428571428571428
1439;10338;0,014285714285714285714
1439;10724;0,014285714285714285714
1439;11552;0,014285714285714285714
1439;22211;0,014285714285714285714
1439;22298;0,014285714285714285714
1439;25264;0,014285714285714285714
1439;25488;0,014285714285714285714
1439;28822;0,014285714285714285714
1439;30063;0,014285714285714285714
1439;30811;0,014285714285714285714
1439;37815;0,014285714285714285714
1439;38738;0,014285714285714285714
1439;42210;0,014285714285714285714
1439;45724;0,028571428571428571428
1439;47352;0,028571428571428571428
1439;50332;0,014285714285714285714
1439;50905;0,014285714285714285714
1439;50959;0,014285714285714285714
1439;55041;0,014285714285714285714
1439;76428;0,014285714285714285714
1439;81648;0,014285714285714285714
1439;95154;0,014285714285714285714
1439;99942;0,014285714285714285714
1439;105800;0,028571428571428571428
1440;748;1,000000000000000000000
1443;1066;0,166666666666666666666
1443;1335;0,333333333333333333333
1443;2147;0,500000000000000000000
1445;174;1,000000000000000000000
1446;131383;1,000000000000000000000
1462;12706;1,000000000000000000000
1476;172;0,500000000000000000000
1476;1597;0,500000000000000000000
1478;3306;1,000000000000000000000
1487;909;0,181818181818181818181
1487;1089;0,181818181818181818181
1487;1228;0,636363636363636363636
1497;3916;1,000000000000000000000
1498;777;0,200000000000000000000
1498;4099;0,200000000000000000000
1498;4453;0,200000000000000000000
1498;12497;0,400000000000000000000
1499;3459;0,333333333333333333333
1499;3872;0,166666666666666666666
1499;4187;0,166666666666666666666
1499;4337;0,166666666666666666666
1499;9330;0,166666666666666666666
1513;1160;0,200000000000000000000
1513;1827;0,100000000000000000000
1513;2139;0,100000000000000000000
1513;2761;0,100000000000000000000
1513;2990;0,100000000000000000000
1513;3045;0,100000000000000000000
1513;6007;0,100000000000000000000
1513;6008;0,200000000000000000000
1515;1583;1,000000000000000000000
1516;6739;0,500000000000000000000
1516;12119;0,500000000000000000000
1544;2435;1,000000000000000000000
1545;1967;0,500000000000000000000
1545;2543;0,250000000000000000000
1545;6723;0,250000000000000000000
1554;1845;0,500000000000000000000
1554;2374;0,500000000000000000000
1556;1848;1,000000000000000000000
1565;2890;1,000000000000000000000
1574;426;0,375000000000000000000
1574;444;0,125000000000000000000
1574;1117;0,250000000000000000000
1574;13482;0,125000000000000000000
1574;28752;0,125000000000000000000
1588;6349;1,000000000000000000000
1589;738;0,500000000000000000000
1589;1751;0,500000000000000000000
1591;283;0,176470588235294117647
1591;861;0,117647058823529411764
1591;992;0,058823529411764705882
1591;1142;0,176470588235294117647
1591;3045;0,117647058823529411764
1591;3701;0,058823529411764705882
1591;4313;0,117647058823529411764
1591;7030;0,058823529411764705882
1591;17549;0,117647058823529411764
1596;794;0,500000000000000000000
1596;1769;0,250000000000000000000
1596;3891;0,250000000000000000000
1598;113;0,333333333333333333333
1598;839;0,333333333333333333333
1598;1717;0,333333333333333333333
1609;1610;0,500000000000000000000
1609;4085;0,500000000000000000000
1610;812;0,333333333333333333333
1610;1609;0,333333333333333333333
1610;13291;0,333333333333333333333
1616;113;1,000000000000000000000
1625;9413;1,000000000000000000000
1637;222;0,142857142857142857142
1637;411;0,285714285714285714285
1637;1471;0,285714285714285714285
1637;3518;0,285714285714285714285
1639;85;1,000000000000000000000
1644;48255;1,000000000000000000000
1663;2021;1,000000000000000000000
1667;192;0,111111111111111111111
1667;841;0,111111111111111111111
1667;2359;0,111111111111111111111
1667;3296;0,111111111111111111111
1667;5158;0,222222222222222222222
1667;12523;0,222222222222222222222
1667;169356;0,111111111111111111111
1676;4720;0,400000000000000000000
1676;5441;0,200000000000000000000
1676;9429;0,400000000000000000000
1681;277;0,200000000000000000000
1681;2786;0,400000000000000000000
1681;4150;0,200000000000000000000
1681;5638;0,200000000000000000000
1693;1735;1,000000000000000000000
1697;1769;0,250000000000000000000
1697;3418;0,750000000000000000000
1702;2890;1,000000000000000000000
1708;492;0,500000000000000000000
1708;3359;0,500000000000000000000
1717;839;0,153846153846153846153
1717;1476;0,230769230769230769230
1717;1598;0,230769230769230769230
1717;3017;0,076923076923076923076
1717;4772;0,230769230769230769230
1717;16845;0,076923076923076923076
1727;414;0,666666666666666666666
1727;2127;0,333333333333333333333
1728;1397;1,000000000000000000000
1744;420;0,333333333333333333333
1744;466;0,333333333333333333333
1744;7301;0,333333333333333333333
1751;955;0,333333333333333333333
1751;1046;0,333333333333333333333
1751;58138;0,333333333333333333333
1754;48;0,166666666666666666666
1754;472;0,166666666666666666666
1754;1079;0,166666666666666666666
1754;1708;0,166666666666666666666
1754;2115;0,166666666666666666666
1754;2844;0,166666666666666666666
1759;179346;1,000000000000000000000
1764;1140;1,000000000000000000000
1769;380;0,500000000000000000000
1769;1697;0,500000000000000000000
1771;1220;1,000000000000000000000
1778;520;1,000000000000000000000
1780;815;1,000000000000000000000
1815;183;0,090909090909090909090
1815;1235;0,090909090909090909090
1815;1277;0,272727272727272727272
1815;1278;0,090909090909090909090
1815;3802;0,363636363636363636363
1815;10188;0,090909090909090909090
1822;1140;1,000000000000000000000
1831;1439;0,500000000000000000000
1831;9832;0,500000000000000000000
1838;529;1,000000000000000000000
1839;551;1,000000000000000000000
1843;23930;1,000000000000000000000
1855;5613;1,000000000000000000000
1856;2029;1,000000000000000000000
1862;5591;1,000000000000000000000
1866;521;0,500000000000000000000
1866;2149;0,500000000000000000000
1889;279;0,048780487804878048780
1889;678;0,121951219512195121951
1889;698;0,048780487804878048780
1889;737;0,024390243902439024390
1889;2661;0,414634146341463414634
1889;2713;0,048780487804878048780
1889;3429;0,024390243902439024390
1889;5289;0,048780487804878048780
1889;5861;0,024390243902439024390
1889;6347;0,048780487804878048780
1889;7116;0,048780487804878048780
1889;7160;0,048780487804878048780
1889;11377;0,048780487804878048780
1897;571;0,400000000000000000000
1897;3548;0,200000000000000000000
1897;6788;0,200000000000000000000
1897;9726;0,200000000000000000000
1912;739;0,090909090909090909090
1912;1569;0,090909090909090909090
1912;1903;0,090909090909090909090
1912;1913;0,181818181818181818181
1912;5960;0,090909090909090909090
1912;7630;0,090909090909090909090
1912;13809;0,090909090909090909090
1912;14266;0,090909090909090909090
1912;16873;0,090909090909090909090
1912;23228;0,090909090909090909090
1913;1569;0,333333333333333333333
1913;5960;0,333333333333333333333
1913;7660;0,333333333333333333333
1917;472;0,285714285714285714285
1917;984;0,285714285714285714285
1917;3503;0,285714285714285714285
1917;5171;0,142857142857142857142
1940;628;1,000000000000000000000
1945;360;0,250000000000000000000
1945;1724;0,250000000000000000000
1945;41776;0,500000000000000000000
1946;420;0,333333333333333333333
1946;454;0,333333333333333333333
1946;41776;0,333333333333333333333
1948;71;0,071428571428571428571
1948;2355;0,142857142857142857142
1948;3399;0,071428571428571428571
1948;4024;0,071428571428571428571
1948;4853;0,142857142857142857142
1948;6505;0,071428571428571428571
1948;6525;0,071428571428571428571
1948;9968;0,357142857142857142857
1949;71;0,666666666666666666666
1949;4860;0,333333333333333333333
1967;1545;0,133333333333333333333
1967;1768;0,266666666666666666666
1967;6723;0,200000000000000000000
1967;84925;0,400000000000000000000
1983;237;1,000000000000000000000
1988;287;0,181818181818181818181
1988;846;0,090909090909090909090
1988;1829;0,090909090909090909090
1988;3000;0,090909090909090909090
1988;4323;0,090909090909090909090
1988;4881;0,181818181818181818181
1988;6570;0,090909090909090909090
1988;6666;0,181818181818181818181
2008;526;0,500000000000000000000
2008;1769;0,500000000000000000000
2017;2064;1,000000000000000000000
2021;551;0,111111111111111111111
2021;1663;0,111111111111111111111
2021;3241;0,222222222222222222222
2021;4906;0,555555555555555555555
2027;2492;1,000000000000000000000
2046;5564;1,000000000000000000000
2064;2017;0,500000000000000000000
2064;8623;0,500000000000000000000
2070;1121;0,333333333333333333333
2070;2216;0,166666666666666666666
2070;2504;0,166666666666666666666
2070;5632;0,333333333333333333333
2078;6930;0,500000000000000000000
2078;13416;0,500000000000000000000
2080;40;0,071428571428571428571
2080;1192;0,071428571428571428571
2080;1429;0,071428571428571428571
2080;1647;0,071428571428571428571
2080;1785;0,071428571428571428571
2080;2083;0,071428571428571428571
2080;4621;0,071428571428571428571
2080;8003;0,071428571428571428571
2080;10338;0,214285714285714285714
2080;25488;0,071428571428571428571
2080;90666;0,142857142857142857142
2083;59841;1,000000000000000000000
2098;318;0,400000000000000000000
2098;356;0,200000000000000000000
2098;600;0,200000000000000000000
2098;2099;0,200000000000000000000
2111;2684;1,000000000000000000000
2127;1727;1,000000000000000000000
2140;388;0,400000000000000000000
2140;391;0,200000000000000000000
2140;4512;0,400000000000000000000
2146;621;0,200000000000000000000
2146;1066;0,200000000000000000000
2146;2697;0,200000000000000000000
2146;3142;0,200000000000000000000
2146;4147;0,200000000000000000000
2147;1066;0,500000000000000000000
2147;5459;0,500000000000000000000
2149;1866;1,000000000000000000000
2164;1111;0,500000000000000000000
2164;4374;0,166666666666666666666
2164;5464;0,333333333333333333333
2175;4145;0,500000000000000000000
2175;6236;0,250000000000000000000
2175;65998;0,250000000000000000000
2180;12706;1,000000000000000000000
2195;380;1,000000000000000000000
2198;140;1,000000000000000000000
2199;211;1,000000000000000000000
2203;72;0,100000000000000000000
2203;517;0,200000000000000000000
2203;982;0,100000000000000000000
2203;1182;0,300000000000000000000
2203;4989;0,300000000000000000000
2204;1058;0,250000000000000000000
2204;3188;0,750000000000000000000
2210;2851;1,000000000000000000000
2216;2070;0,666666666666666666666
2216;5082;0,333333333333333333333
2227;4372;0,500000000000000000000
2227;8276;0,500000000000000000000
2237;23720;1,000000000000000000000
2239;839;0,333333333333333333333
2239;2578;0,333333333333333333333
2239;4461;0,166666666666666666666
2239;4892;0,166666666666666666666
2249;3233;1,000000000000000000000
2269;2133;1,000000000000000000000
2280;4491;1,000000000000000000000
2293;11690;1,000000000000000000000
2310;320;0,200000000000000000000
2310;485;0,800000000000000000000
2322;3304;1,000000000000000000000
2337;2438;1,000000000000000000000
2343;1198;0,666666666666666666666
2343;2323;0,333333333333333333333
2350;37;0,142857142857142857142
2350;148;0,428571428571428571428
2350;891;0,142857142857142857142
2350;3685;0,142857142857142857142
2350;5470;0,142857142857142857142
2352;8957;1,000000000000000000000
2355;827;0,333333333333333333333
2355;3098;0,333333333333333333333
2355;3237;0,166666666666666666666
2355;9686;0,166666666666666666666
2359;1667;1,000000000000000000000
2374;1554;1,000000000000000000000
2379;3234;0,968750000000000000000
2379;10020;0,031250000000000000000
2385;526;0,250000000000000000000
2385;883;0,250000000000000000000
2385;911;0,250000000000000000000
2385;5367;0,250000000000000000000
2419;4244;1,000000000000000000000
2433;608;1,000000000000000000000
2434;1122;1,000000000000000000000
2438;3071;0,166666666666666666666
2438;3836;0,166666666666666666666
2438;9159;0,666666666666666666666
2442;1307;1,000000000000000000000
2461;4881;1,000000000000000000000
2470;5896;1,000000000000000000000
2479;3145;1,000000000000000000000
2488;923;1,000000000000000000000
2492;2027;0,333333333333333333333
2492;2059;0,333333333333333333333
2492;2150;0,333333333333333333333
2500;779;0,307692307692307692307
2500;4052;0,230769230769230769230
2500;7135;0,230769230769230769230
2500;73134;0,230769230769230769230
2504;2070;0,500000000000000000000
2504;5440;0,500000000000000000000
2515;96;0,166666666666666666666
2515;285;0,166666666666666666666
2515;2139;0,166666666666666666666
2515;3045;0,166666666666666666666
2515;3473;0,333333333333333333333
2516;219;0,200000000000000000000
2516;2518;0,200000000000000000000
2516;3671;0,400000000000000000000
2516;17208;0,200000000000000000000
2517;1893;1,000000000000000000000
2518;219;0,400000000000000000000
2518;2516;0,600000000000000000000
2543;1545;1,000000000000000000000
2555;423;1,000000000000000000000
2576;37;0,500000000000000000000
2576;38;0,500000000000000000000
2578;17;0,333333333333333333333
2578;8623;0,666666666666666666666
2591;254;0,400000000000000000000
2591;1085;0,400000000000000000000
2591;2559;0,200000000000000000000
2596;527;0,333333333333333333333
2596;4345;0,666666666666666666666
2607;10672;1,000000000000000000000
2632;8276;1,000000000000000000000
2644;8381;1,000000000000000000000
2655;267;1,000000000000000000000
2659;1225;0,500000000000000000000
2659;6320;0,500000000000000000000
2661;678;0,222222222222222222222
2661;737;0,027777777777777777777
2661;768;0,027777777777777777777
2661;1889;0,472222222222222222222
2661;7160;0,166666666666666666666
2661;48255;0,083333333333333333333
2683;3998;1,000000000000000000000
2684;829;0,066666666666666666666
2684;992;0,533333333333333333333
2684;2111;0,066666666666666666666
2684;10188;0,133333333333333333333
2684;115105;0,200000000000000000000
2697;1066;1,000000000000000000000
2704;2489;1,000000000000000000000
2706;279;0,333333333333333333333
2706;678;0,333333333333333333333
2706;1271;0,166666666666666666666
2706;1717;0,166666666666666666666
2714;96;0,666666666666666666666
2714;861;0,333333333333333333333
2739;2736;1,000000000000000000000
2761;4376;1,000000000000000000000
2779;9026;1,000000000000000000000
2786;965;0,600000000000000000000
2786;1681;0,400000000000000000000
2799;2800;1,000000000000000000000
2800;2799;0,500000000000000000000
2800;3891;0,500000000000000000000
2803;16;0,010928961748633879781
2803;57;0,010928961748633879781
2803;71;0,016393442622950819672
2803;82;0,010928961748633879781
2803;89;0,010928961748633879781
2803;129;0,010928961748633879781
2803;234;0,010928961748633879781
2803;309;0,010928961748633879781
2803;369;0,010928961748633879781
2803;644;0,010928961748633879781
2803;645;0,010928961748633879781
2803;827;0,010928961748633879781
2803;835;0,010928961748633879781
2803;890;0,010928961748633879781
2803;1022;0,010928961748633879781
2803;1040;0,010928961748633879781
2803;1143;0,010928961748633879781
2803;1152;0,010928961748633879781
2803;1231;0,081967213114754098360
2803;1276;0,010928961748633879781
2803;1612;0,010928961748633879781
2803;1657;0,010928961748633879781
2803;1948;0,010928961748633879781
2803;2109;0,010928961748633879781
2803;2355;0,010928961748633879781
2803;2414;0,010928961748633879781
2803;2479;0,010928961748633879781
2803;2487;0,010928961748633879781
2803;2736;0,010928961748633879781
2803;2739;0,010928961748633879781
2803;2802;0,010928961748633879781
2803;3098;0,010928961748633879781
2803;3123;0,010928961748633879781
2803;3128;0,010928961748633879781
2803;3141;0,016393442622950819672
2803;3145;0,010928961748633879781
2803;3237;0,010928961748633879781
2803;3399;0,010928961748633879781
2803;3574;0,010928961748633879781
2803;3852;0,010928961748633879781
2803;3953;0,010928961748633879781
2803;3967;0,010928961748633879781
2803;3996;0,010928961748633879781
2803;4024;0,010928961748633879781
2803;4159;0,010928961748633879781
2803;4160;0,010928961748633879781
2803;4306;0,010928961748633879781
2803;4501;0,010928961748633879781
2803;4695;0,010928961748633879781
2803;4852;0,010928961748633879781
2803;4853;0,010928961748633879781
2803;5136;0,010928961748633879781
2803;5306;0,010928961748633879781
2803;5338;0,010928961748633879781
2803;5607;0,010928961748633879781
2803;6045;0,010928961748633879781
2803;6495;0,010928961748633879781
2803;6496;0,010928961748633879781
2803;6497;0,010928961748633879781
2803;6498;0,010928961748633879781
2803;6499;0,010928961748633879781
2803;6501;0,010928961748633879781
2803;6502;0,010928961748633879781
2803;6503;0,010928961748633879781
2803;6504;0,010928961748633879781
2803;6505;0,010928961748633879781
2803;6506;0,010928961748633879781
2803;6509;0,010928961748633879781
2803;6511;0,010928961748633879781
2803;6512;0,010928961748633879781
2803;6513;0,010928961748633879781
2803;6514;0,010928961748633879781
2803;6515;0,010928961748633879781
2803;6517;0,010928961748633879781
2803;6518;0,010928961748633879781
2803;6520;0,010928961748633879781
2803;6522;0,010928961748633879781
2803;6523;0,010928961748633879781
2803;6524;0,010928961748633879781
2803;6527;0,010928961748633879781
2803;7686;0,010928961748633879781
2803;8238;0,010928961748633879781
2803;88154;0,010928961748633879781
2803;140271;0,010928961748633879781
2823;3141;1,000000000000000000000
2825;54;0,052631578947368421052
2825;194;0,105263157894736842105
2825;249;0,052631578947368421052
2825;373;0,105263157894736842105
2825;396;0,052631578947368421052
2825;520;0,052631578947368421052
2825;522;0,052631578947368421052
2825;628;0,105263157894736842105
2825;891;0,052631578947368421052
2825;990;0,052631578947368421052
2825;1064;0,052631578947368421052
2825;1122;0,052631578947368421052
2825;2826;0,052631578947368421052
2825;3096;0,052631578947368421052
2825;3098;0,052631578947368421052
2825;3100;0,052631578947368421052
2826;3268;1,000000000000000000000
2830;841;1,000000000000000000000
2832;6316;1,000000000000000000000
2834;468;0,500000000000000000000
2834;14376;0,500000000000000000000
2835;4777;1,000000000000000000000
2850;135;0,400000000000000000000
2850;1210;0,200000000000000000000
2850;1585;0,200000000000000000000
2850;2704;0,200000000000000000000
2853;625;1,000000000000000000000
2877;66075;1,000000000000000000000
2882;109;1,000000000000000000000
2884;4486;1,000000000000000000000
2890;1565;0,200000000000000000000
2890;1702;0,800000000000000000000
2990;122;0,111111111111111111111
2990;285;0,111111111111111111111
2990;1276;0,111111111111111111111
2990;1513;0,111111111111111111111
2990;2330;0,111111111111111111111
2990;2472;0,111111111111111111111
2990;3381;0,111111111111111111111
2990;3393;0,111111111111111111111
2990;3838;0,111111111111111111111
2991;708;1,000000000000000000000
2998;2385;1,000000000000000000000
3007;600;1,000000000000000000000
3033;975;1,000000000000000000000
3045;2139;0,750000000000000000000
3045;3867;0,250000000000000000000
3049;415;0,333333333333333333333
3049;1727;0,333333333333333333333
3049;8957;0,333333333333333333333
3069;826;0,333333333333333333333
3069;6499;0,666666666666666666666
3085;524;0,125000000000000000000
3085;1122;0,125000000000000000000
3085;2697;0,125000000000000000000
3085;4146;0,125000000000000000000
3085;4147;0,125000000000000000000
3085;5536;0,125000000000000000000
3085;5632;0,125000000000000000000
3085;14899;0,125000000000000000000
3096;518;1,000000000000000000000
3098;140271;1,000000000000000000000
3105;208;0,500000000000000000000
3105;657;0,250000000000000000000
3105;179346;0,250000000000000000000
3123;1152;0,500000000000000000000
3123;5136;0,500000000000000000000
3141;71;0,086956521739130434782
3141;89;0,043478260869565217391
3141;1231;0,173913043478260869565
3141;2803;0,173913043478260869565
3141;2823;0,217391304347826086956
3141;3069;0,043478260869565217391
3141;3098;0,043478260869565217391
3141;3142;0,043478260869565217391
3141;4501;0,086956521739130434782
3141;57838;0,043478260869565217391
3141;140271;0,043478260869565217391
3142;2823;1,000000000000000000000
3143;365;0,111111111111111111111
3143;703;0,111111111111111111111
3143;1280;0,111111111111111111111
3143;2190;0,111111111111111111111
3143;2362;0,111111111111111111111
3143;3966;0,111111111111111111111
3143;6800;0,111111111111111111111
3143;7416;0,111111111111111111111
3143;9194;0,111111111111111111111
3145;9396;1,000000000000000000000
3161;731;1,000000000000000000000
3169;2648;0,166666666666666666666
3169;4137;0,166666666666666666666
3169;4222;0,166666666666666666666
3169;5007;0,333333333333333333333
3169;8464;0,166666666666666666666
3188;240;0,200000000000000000000
3188;407;0,400000000000000000000
3188;2204;0,400000000000000000000
3203;779;0,500000000000000000000
3203;934;0,500000000000000000000
3205;3204;1,000000000000000000000
3209;525;1,000000000000000000000
3212;609;1,000000000000000000000
3223;538;1,000000000000000000000
3230;132;0,400000000000000000000
3230;485;0,200000000000000000000
3230;550;0,200000000000000000000
3230;5657;0,200000000000000000000
3241;2021;0,625000000000000000000
3241;4906;0,375000000000000000000
3251;228;0,500000000000000000000
3251;10892;0,500000000000000000000
3256;13261;1,000000000000000000000
3260;10110;1,000000000000000000000
3268;2826;1,000000000000000000000
3292;180;0,333333333333333333333
3292;1925;0,333333333333333333333
3292;2865;0,333333333333333333333
3296;1667;0,250000000000000000000
3296;5214;0,750000000000000000000
3301;12176;1,000000000000000000000
3304;2322;0,333333333333333333333
3304;2438;0,333333333333333333333
3304;9159;0,333333333333333333333
3306;719;1,000000000000000000000
3318;8744;1,000000000000000000000
3340;1439;1,000000000000000000000
3343;3345;1,000000000000000000000
3350;8454;0,500000000000000000000
3350;9924;0,500000000000000000000
3359;149;0,250000000000000000000
3359;1708;0,500000000000000000000
3359;140271;0,250000000000000000000
3393;122;0,166666666666666666666
3393;1235;0,333333333333333333333
3393;2330;0,166666666666666666666
3393;6723;0,166666666666666666666
3393;12864;0,166666666666666666666
3394;3894;0,200000000000000000000
3394;4274;0,400000000000000000000
3394;4942;0,200000000000000000000
3394;5077;0,200000000000000000000
3399;71;1,000000000000000000000
3401;6812;1,000000000000000000000
3403;2214;1,000000000000000000000
3411;8109;1,000000000000000000000
3414;4262;1,000000000000000000000
3418;1697;0,333333333333333333333
3418;8580;0,666666666666666666666
3429;1889;0,250000000000000000000
3429;3473;0,250000000000000000000
3429;4613;0,250000000000000000000
3429;9258;0,250000000000000000000
3431;617;0,500000000000000000000
3431;9982;0,500000000000000000000
3433;1487;0,500000000000000000000
3433;28600;0,500000000000000000000
3443;502;0,666666666666666666666
3443;3625;0,333333333333333333333
3457;3458;1,000000000000000000000
3465;412;1,000000000000000000000
3473;226;0,013157894736842105263
3473;241;0,013157894736842105263
3473;249;0,013157894736842105263
3473;279;0,013157894736842105263
3473;284;0,013157894736842105263
3473;455;0,013157894736842105263
3473;698;0,013157894736842105263
3473;737;0,026315789473684210526
3473;860;0,026315789473684210526
3473;1033;0,052631578947368421052
3473;1149;0,013157894736842105263
3473;1271;0,013157894736842105263
3473;1448;0,013157894736842105263
3473;1495;0,013157894736842105263
3473;1499;0,013157894736842105263
3473;1515;0,013157894736842105263
3473;1520;0,013157894736842105263
3473;1583;0,013157894736842105263
3473;1710;0,013157894736842105263
3473;1814;0,013157894736842105263
3473;1827;0,013157894736842105263
3473;2087;0,013157894736842105263
3473;2379;0,013157894736842105263
3473;2455;0,013157894736842105263
3473;2464;0,026315789473684210526
3473;2515;0,026315789473684210526
3473;2655;0,013157894736842105263
3473;2706;0,013157894736842105263
3473;2713;0,013157894736842105263
3473;2714;0,013157894736842105263
3473;2990;0,013157894736842105263
3473;3045;0,013157894736842105263
3473;3234;0,013157894736842105263
3473;3381;0,013157894736842105263
3473;3392;0,013157894736842105263
3473;3459;0,013157894736842105263
3473;3500;0,013157894736842105263
3473;3601;0,013157894736842105263
3473;3619;0,013157894736842105263
3473;3763;0,013157894736842105263
3473;3838;0,013157894736842105263
3473;3871;0,013157894736842105263
3473;3877;0,013157894736842105263
3473;4187;0,013157894736842105263
3473;4337;0,013157894736842105263
3473;4376;0,013157894736842105263
3473;4398;0,013157894736842105263
3473;4613;0,013157894736842105263
3473;4787;0,026315789473684210526
3473;5155;0,013157894736842105263
3473;5430;0,013157894736842105263
3473;6105;0,013157894736842105263
3473;6347;0,013157894736842105263
3473;6554;0,013157894736842105263
3473;6609;0,013157894736842105263
3473;7160;0,013157894736842105263
3473;8095;0,013157894736842105263
3473;9258;0,026315789473684210526
3473;9330;0,013157894736842105263
3473;10018;0,013157894736842105263
3473;10020;0,013157894736842105263
3473;10021;0,013157894736842105263
3473;10595;0,013157894736842105263
3473;11680;0,013157894736842105263
3473;13294;0,013157894736842105263
3473;13669;0,013157894736842105263
3473;17388;0,013157894736842105263
3515;80;0,166666666666666666666
3515;502;0,500000000000000000000
3515;933;0,166666666666666666666
3515;3443;0,166666666666666666666
3518;609;0,250000000000000000000
3518;1637;0,500000000000000000000
3518;7215;0,250000000000000000000
3523;71;0,111111111111111111111
3523;138;0,037037037037037037037
3523;194;0,037037037037037037037
3523;360;0,074074074074074074074
3523;529;0,074074074074074074074
3523;662;0,037037037037037037037
3523;695;0,037037037037037037037
3523;1316;0,037037037037037037037
3523;1724;0,074074074074074074074
3523;1941;0,074074074074074074074
3523;1943;0,037037037037037037037
3523;3235;0,111111111111111111111
3523;12432;0,074074074074074074074
3523;12816;0,037037037037037037037
3523;63981;0,037037037037037037037
3523;78108;0,111111111111111111111
3574;5054;1,000000000000000000000
3586;1756;0,750000000000000000000
3586;48255;0,250000000000000000000
3591;5564;1,000000000000000000000
3610;1085;1,000000000000000000000
3625;224;0,500000000000000000000
3625;2516;0,500000000000000000000
3636;744;1,000000000000000000000
3680;90;0,500000000000000000000
3680;528;0,500000000000000000000
3685;5627;0,333333333333333333333
3685;8267;0,333333333333333333333
3685;8306;0,333333333333333333333
3697;3704;1,000000000000000000000
3738;475;0,666666666666666666666
3738;3563;0,333333333333333333333
3753;249;0,333333333333333333333
3753;5578;0,333333333333333333333
3753;10491;0,333333333333333333333
3791;808;0,200000000000000000000
3791;1600;0,800000000000000000000
3797;8516;1,000000000000000000000
3802;318;0,250000000000000000000
3802;5071;0,500000000000000000000
3802;59745;0,250000000000000000000
3809;216;0,500000000000000000000
3809;1010;0,500000000000000000000
3811;4345;1,000000000000000000000
3829;41556;1,000000000000000000000
3857;96;0,800000000000000000000
3857;980;0,200000000000000000000
3867;96;0,333333333333333333333
3867;2139;0,333333333333333333333
3867;3045;0,333333333333333333333
3871;96;1,000000000000000000000
3872;1142;0,500000000000000000000
3872;1499;0,500000000000000000000
3876;5092;0,333333333333333333333
3876;59745;0,666666666666666666666
3877;39;0,083333333333333333333
3877;567;0,083333333333333333333
3877;585;0,083333333333333333333
3877;738;0,083333333333333333333
3877;955;0,166666666666666666666
3877;956;0,083333333333333333333
3877;1589;0,083333333333333333333
3877;1600;0,083333333333333333333
3877;3548;0,083333333333333333333
3877;4345;0,083333333333333333333
3877;9722;0,083333333333333333333
3891;407;0,200000000000000000000
3891;1596;0,400000000000000000000
3891;2800;0,400000000000000000000
3911;2850;1,000000000000000000000
3971;1123;0,500000000000000000000
3971;1692;0,500000000000000000000
3985;829;1,000000000000000000000
3998;1076;1,000000000000000000000
4001;4877;1,000000000000000000000
4004;1307;1,000000000000000000000
4009;4462;1,000000000000000000000
4020;72;0,142857142857142857142
4020;135;0,142857142857142857142
4020;708;0,142857142857142857142
4020;1277;0,142857142857142857142
4020;2991;0,142857142857142857142
4020;12432;0,142857142857142857142
4020;12816;0,142857142857142857142
4041;54;1,000000000000000000000
4078;2140;1,000000000000000000000
4085;174;0,400000000000000000000
4085;1562;0,200000000000000000000
4085;1608;0,200000000000000000000
4085;2470;0,200000000000000000000
4100;608;0,500000000000000000000
4100;1768;0,500000000000000000000
4145;2175;0,500000000000000000000
4145;65998;0,500000000000000000000
4148;447;0,500000000000000000000
4148;10337;0,500000000000000000000
4173;754;1,000000000000000000000
4179;27652;1,000000000000000000000
4181;9554;1,000000000000000000000
4187;455;0,400000000000000000000
4187;1448;0,400000000000000000000
4187;1499;0,200000000000000000000
4215;2458;0,250000000000000000000
4215;3029;0,250000000000000000000
4215;3557;0,250000000000000000000
4215;13041;0,250000000000000000000
4240;9438;1,000000000000000000000
4257;23;0,500000000000000000000
4257;306;0,500000000000000000000
4262;3414;1,000000000000000000000
4269;11465;1,000000000000000000000
4280;4281;1,000000000000000000000
4281;4280;0,333333333333333333333
4281;5097;0,333333333333333333333
4281;9807;0,333333333333333333333
4306;4695;1,000000000000000000000
4307;613;0,250000000000000000000
4307;4108;0,250000000000000000000
4307;4345;0,250000000000000000000
4307;5093;0,250000000000000000000
4334;5682;1,000000000000000000000
4359;277;1,000000000000000000000
4376;861;1,000000000000000000000
4441;4424;1,000000000000000000000
4472;1498;1,000000000000000000000
4483;453;0,800000000000000000000
4483;822;0,200000000000000000000
4486;1016;0,333333333333333333333
4486;2884;0,333333333333333333333
4486;3108;0,333333333333333333333
4501;1231;0,500000000000000000000
4501;3141;0,500000000000000000000
4510;1117;0,500000000000000000000
4510;12817;0,500000000000000000000
4512;71;0,500000000000000000000
4512;194;0,500000000000000000000
4518;2474;1,000000000000000000000
4525;5519;1,000000000000000000000
4533;26746;1,000000000000000000000
4572;1154;1,000000000000000000000
4578;9727;1,000000000000000000000
4598;1639;1,000000000000000000000
4613;3429;1,000000000000000000000
4621;2551;0,800000000000000000000
4621;5177;0,200000000000000000000
4639;12466;1,000000000000000000000
4697;3418;1,000000000000000000000
4713;251;1,000000000000000000000
4719;507;0,045454545454545454545
4719;756;0,045454545454545454545
4719;810;0,045454545454545454545
4719;1264;0,045454545454545454545
4719;1533;0,045454545454545454545
4719;2393;0,272727272727272727272
4719;2428;0,045454545454545454545
4719;3082;0,045454545454545454545
4719;3129;0,045454545454545454545
4719;3599;0,045454545454545454545
4719;5010;0,045454545454545454545
4719;6342;0,045454545454545454545
4719;8602;0,045454545454545454545
4719;10744;0,045454545454545454545
4719;19188;0,045454545454545454545
4719;21496;0,045454545454545454545
4719;59841;0,045454545454545454545
4720;1676;0,500000000000000000000
4720;151009;0,500000000000000000000
4747;615;1,000000000000000000000
4772;772;0,166666666666666666666
4772;839;0,166666666666666666666
4772;1717;0,500000000000000000000
4772;252837;0,166666666666666666666
4777;846;1,000000000000000000000
4794;4938;1,000000000000000000000
4821;403;0,500000000000000000000
4821;458;0,500000000000000000000
4825;2852;0,500000000000000000000
4825;5616;0,500000000000000000000
4933;1416;1,000000000000000000000
4989;779;1,000000000000000000000
5016;5681;1,000000000000000000000
5071;332;0,777777777777777777777
5071;3802;0,222222222222222222222
5077;3394;1,000000000000000000000
5092;3876;0,500000000000000000000
5092;12269;0,500000000000000000000
5097;4281;1,000000000000000000000
5138;275;1,000000000000000000000
5144;77;1,000000000000000000000
5148;356;1,000000000000000000000
5149;657;0,181818181818181818181
5149;1344;0,181818181818181818181
5149;1759;0,181818181818181818181
5149;3105;0,181818181818181818181
5149;7111;0,090909090909090909090
5149;179346;0,181818181818181818181
5158;1667;0,500000000000000000000
5158;2302;0,500000000000000000000
5167;151;0,200000000000000000000
5167;190;0,200000000000000000000
5167;1109;0,200000000000000000000
5167;6828;0,200000000000000000000
5167;9421;0,200000000000000000000
5168;1137;1,000000000000000000000
5171;1917;1,000000000000000000000
5214;192;0,600000000000000000000
5214;3296;0,400000000000000000000
5219;9402;1,000000000000000000000
5239;5591;0,500000000000000000000
5239;6930;0,500000000000000000000
5289;285;0,500000000000000000000
5289;1868;0,500000000000000000000
5367;2147;0,333333333333333333333
5367;2385;0,666666666666666666666
5392;4852;1,000000000000000000000
5395;485;0,333333333333333333333
5395;1462;0,333333333333333333333
5395;4989;0,333333333333333333333
5437;877;0,500000000000000000000
5437;28235;0,500000000000000000000
5438;2786;1,000000000000000000000
5440;2504;1,000000000000000000000
5442;275;0,500000000000000000000
5442;826;0,500000000000000000000
5445;127;0,500000000000000000000
5445;5439;0,500000000000000000000
5459;878;0,600000000000000000000
5459;2147;0,200000000000000000000
5459;4765;0,200000000000000000000
5464;641;0,142857142857142857142
5464;1196;0,142857142857142857142
5464;1673;0,142857142857142857142
5464;2164;0,142857142857142857142
5464;2728;0,142857142857142857142
5464;3029;0,142857142857142857142
5464;5000;0,142857142857142857142
5487;26705;1,000000000000000000000
5519;1231;0,250000000000000000000
5519;5530;0,250000000000000000000
5519;5922;0,250000000000000000000
5519;29061;0,250000000000000000000
5530;5519;1,000000000000000000000
5536;3085;1,000000000000000000000
5543;15975;1,000000000000000000000
5564;192;0,153846153846153846153
5564;496;0,076923076923076923076
5564;1060;0,076923076923076923076
5564;1109;0,076923076923076923076
5564;2046;0,076923076923076923076
5564;2146;0,076923076923076923076
5564;3142;0,076923076923076923076
5564;3296;0,076923076923076923076
5564;3591;0,153846153846153846153
5564;4281;0,076923076923076923076
5564;5698;0,076923076923076923076
5578;3753;1,000000000000000000000
5591;1862;1,000000000000000000000
5610;5660;1,000000000000000000000
5613;1855;1,000000000000000000000
5626;407;0,500000000000000000000
5626;3548;0,500000000000000000000
5629;2385;1,000000000000000000000
5638;749;0,500000000000000000000
5638;1681;0,500000000000000000000
5646;1879;1,000000000000000000000
5654;5083;0,500000000000000000000
5654;11552;0,500000000000000000000
5660;749;1,000000000000000000000
5698;5564;1,000000000000000000000
5831;1330;1,000000000000000000000
5856;547;0,050000000000000000000
5856;652;0,050000000000000000000
5856;923;0,050000000000000000000
5856;988;0,050000000000000000000
5856;1053;0,050000000000000000000
5856;1949;0,050000000000000000000
5856;3164;0,050000000000000000000
5856;3815;0,050000000000000000000
5856;4101;0,050000000000000000000
5856;4102;0,050000000000000000000
5856;4377;0,050000000000000000000
5856;4933;0,050000000000000000000
5856;5350;0,050000000000000000000
5856;12798;0,050000000000000000000
5856;13907;0,050000000000000000000
5856;17665;0,050000000000000000000
5856;17727;0,050000000000000000000
5856;24837;0,050000000000000000000
5856;24838;0,050000000000000000000
5856;24839;0,050000000000000000000
5886;362;1,000000000000000000000
5915;9159;1,000000000000000000000
5960;12500;1,000000000000000000000
6000;8566;1,000000000000000000000
6007;1178;1,000000000000000000000
6061;3772;0,333333333333333333333
6061;17634;0,666666666666666666666
6068;6419;1,000000000000000000000
6132;244;1,000000000000000000000
6190;1827;1,000000000000000000000
6213;90;1,000000000000000000000
6219;1723;0,500000000000000000000
6219;4627;0,500000000000000000000
6267;997;0,333333333333333333333
6267;1322;0,666666666666666666666
6316;2146;1,000000000000000000000
6320;1225;0,500000000000000000000
6320;2659;0,500000000000000000000
6349;4345;1,000000000000000000000
6353;6354;1,000000000000000000000
6372;964;0,333333333333333333333
6372;1004;0,333333333333333333333
6372;5667;0,333333333333333333333
6483;1180;0,333333333333333333333
6483;3905;0,333333333333333333333
6483;4292;0,333333333333333333333
6497;8165;1,000000000000000000000
6499;42;1,000000000000000000000
6502;1657;0,500000000000000000000
6502;6739;0,500000000000000000000
6505;830;0,333333333333333333333
6505;1143;0,666666666666666666666
6515;140271;1,000000000000000000000
6622;1902;0,666666666666666666666
6622;5610;0,333333333333333333333
6666;1988;0,666666666666666666666
6666;13253;0,333333333333333333333
6723;1156;0,375000000000000000000
6723;1545;0,250000000000000000000
6723;2543;0,125000000000000000000
6723;3393;0,125000000000000000000
6723;7095;0,125000000000000000000
6788;306;0,818181818181818181818
6788;1897;0,181818181818181818181
6812;4345;1,000000000000000000000
6883;5013;1,000000000000000000000
6913;9208;1,000000000000000000000
6923;854;1,000000000000000000000
6929;8441;1,000000000000000000000
6962;65;0,062500000000000000000
6962;240;0,187500000000000000000
6962;749;0,062500000000000000000
6962;1278;0,062500000000000000000
6962;3607;0,062500000000000000000
6962;4274;0,125000000000000000000
6962;9395;0,312500000000000000000
6962;48255;0,062500000000000000000
6962;112062;0,062500000000000000000
7049;1583;1,000000000000000000000
7095;65998;0,666666666666666666666
7095;75230;0,333333333333333333333
7106;13385;1,000000000000000000000
7116;279;0,750000000000000000000
7116;1271;0,250000000000000000000
7130;600;0,500000000000000000000
7130;1437;0,500000000000000000000
7135;12591;1,000000000000000000000
7142;85;0,750000000000000000000
7142;251238;0,250000000000000000000
7151;721;1,000000000000000000000
7328;2029;1,000000000000000000000
7543;152027;1,000000000000000000000
7574;1295;1,000000000000000000000
7578;2306;1,000000000000000000000
7597;3996;1,000000000000000000000
7626;975;0,500000000000000000000
7626;8484;0,500000000000000000000
7747;7759;1,000000000000000000000
7756;18622;1,000000000000000000000
7759;7747;1,000000000000000000000
7859;10860;1,000000000000000000000
7862;70091;1,000000000000000000000
7968;8636;1,000000000000000000000
7975;846;1,000000000000000000000
8017;415;1,000000000000000000000
8071;1286;1,000000000000000000000
8106;1713;1,000000000000000000000
8164;1984;0,333333333333333333333
8164;1985;0,333333333333333333333
8164;9513;0,333333333333333333333
8205;15222;1,000000000000000000000
8237;6000;1,000000000000000000000
8267;27674;1,000000000000000000000
8268;2350;0,250000000000000000000
8268;4091;0,250000000000000000000
8268;7968;0,250000000000000000000
8268;59841;0,250000000000000000000
8276;608;0,333333333333333333333
8276;2632;0,333333333333333333333
8276;9159;0,333333333333333333333
8281;228;1,000000000000000000000
8306;2350;1,000000000000000000000
8440;1650;1,000000000000000000000
8454;3350;0,333333333333333333333
8454;4293;0,333333333333333333333
8454;6006;0,333333333333333333333
8464;3169;0,666666666666666666666
8464;4991;0,333333333333333333333
8478;979;1,000000000000000000000
8516;76428;1,000000000000000000000
8566;415;1,000000000000000000000
8580;1282;1,000000000000000000000
8623;194;0,166666666666666666666
8623;2578;0,666666666666666666666
8623;3680;0,166666666666666666666
8636;296;0,200000000000000000000
8636;7968;0,800000000000000000000
8648;266;0,857142857142857142857
8648;6913;0,142857142857142857142
8723;2786;0,066666666666666666666
8723;4240;0,466666666666666666666
8723;9184;0,466666666666666666666
8744;3318;1,000000000000000000000
8749;435;1,000000000000000000000
8909;23;1,000000000000000000000
8910;50959;1,000000000000000000000
8928;14899;1,000000000000000000000
8957;313;0,500000000000000000000
8957;2352;0,500000000000000000000
8976;266;1,000000000000000000000
8985;6915;0,333333333333333333333
8985;9722;0,333333333333333333333
8985;9730;0,333333333333333333333
9026;2779;1,000000000000000000000
9047;15643;1,000000000000000000000
9090;777;1,000000000000000000000
9098;2012;0,250000000000000000000
9098;3496;0,250000000000000000000
9098;7585;0,250000000000000000000
9098;8109;0,250000000000000000000
9110;529;1,000000000000000000000
9159;5915;0,500000000000000000000
9159;8276;0,500000000000000000000
9208;6913;1,000000000000000000000
9274;474;0,500000000000000000000
9274;1676;0,500000000000000000000
9288;3197;1,000000000000000000000
9296;1085;1,000000000000000000000
9300;140;1,000000000000000000000
9356;13253;1,000000000000000000000
9391;206;1,000000000000000000000
9395;6962;1,000000000000000000000
9402;5219;1,000000000000000000000
9413;1625;1,000000000000000000000
9418;9442;1,000000000000000000000
9429;190;0,500000000000000000000
9429;1676;0,500000000000000000000
9438;4240;1,000000000000000000000
9441;9386;1,000000000000000000000
9442;1234;0,714285714285714285714
9442;9418;0,285714285714285714285
9513;1073;0,142857142857142857142
9513;1157;0,142857142857142857142
9513;1984;0,142857142857142857142
9513;1985;0,142857142857142857142
9513;4918;0,142857142857142857142
9513;4919;0,142857142857142857142
9513;8164;0,142857142857142857142
9624;911;0,500000000000000000000
9624;2385;0,500000000000000000000
9721;3256;1,000000000000000000000
9722;1227;0,800000000000000000000
9722;8985;0,200000000000000000000
9832;1831;1,000000000000000000000
9924;3342;0,250000000000000000000
9924;3350;0,750000000000000000000
9941;287;1,000000000000000000000
9968;1948;1,000000000000000000000
10020;678;0,400000000000000000000
10020;1448;0,200000000000000000000
10020;1591;0,200000000000000000000
10020;2379;0,200000000000000000000
10175;2136;1,000000000000000000000
10188;763;0,142857142857142857142
10188;995;0,142857142857142857142
10188;1271;0,142857142857142857142
10188;2111;0,428571428571428571428
10188;2684;0,142857142857142857142
10338;40;0,076923076923076923076
10338;1192;0,076923076923076923076
10338;1429;0,076923076923076923076
10338;1439;0,076923076923076923076
10338;1785;0,076923076923076923076
10338;2080;0,230769230769230769230
10338;2083;0,076923076923076923076
10338;4621;0,076923076923076923076
10338;8003;0,076923076923076923076
10338;25488;0,076923076923076923076
10338;90666;0,076923076923076923076
10341;1517;1,000000000000000000000
10649;90;1,000000000000000000000
10724;1439;1,000000000000000000000
10763;85;0,500000000000000000000
10763;5158;0,500000000000000000000
11552;1439;1,000000000000000000000
11656;11734;1,000000000000000000000
11690;2293;1,000000000000000000000
11999;7328;1,000000000000000000000
12159;1092;1,000000000000000000000
12269;5092;1,000000000000000000000
12362;1600;1,000000000000000000000
12387;2921;1,000000000000000000000
12418;423;1,000000000000000000000
12430;5054;1,000000000000000000000
12497;7443;1,000000000000000000000
12500;5960;1,000000000000000000000
12523;1667;1,000000000000000000000
12550;8928;1,000000000000000000000
12563;11235;1,000000000000000000000
12591;7135;0,666666666666666666666
12591;13396;0,333333333333333333333
12706;1462;0,500000000000000000000
12706;12466;0,500000000000000000000
12775;1154;1,000000000000000000000
12798;5856;1,000000000000000000000
12817;4510;1,000000000000000000000
12850;415;1,000000000000000000000
12938;31885;1,000000000000000000000
12963;411;1,000000000000000000000
13141;37;0,076923076923076923076
13141;38;0,153846153846153846153
13141;179;0,076923076923076923076
13141;609;0,076923076923076923076
13141;920;0,076923076923076923076
13141;1724;0,076923076923076923076
13141;1877;0,076923076923076923076
13141;1892;0,076923076923076923076
13141;2576;0,076923076923076923076
13141;3518;0,076923076923076923076
13141;7215;0,076923076923076923076
13141;12755;0,076923076923076923076
13236;1206;1,000000000000000000000
13265;4472;1,000000000000000000000
13396;779;1,000000000000000000000
13482;1024;1,000000000000000000000
13646;4350;1,000000000000000000000
13673;274;1,000000000000000000000
13799;602;1,000000000000000000000
13814;266;1,000000000000000000000
13886;6468;1,000000000000000000000
14072;4206;1,000000000000000000000
14151;96;0,016666666666666666666
14151;341;0,016666666666666666666
14151;407;0,016666666666666666666
14151;477;0,016666666666666666666
14151;713;0,016666666666666666666
14151;752;0,016666666666666666666
14151;1048;0,016666666666666666666
14151;1246;0,016666666666666666666
14151;1338;0,016666666666666666666
14151;1455;0,016666666666666666666
14151;1643;0,016666666666666666666
14151;1988;0,016666666666666666666
14151;2428;0,016666666666666666666
14151;2830;0,016666666666666666666
14151;3245;0,016666666666666666666
14151;3457;0,016666666666666666666
14151;3458;0,016666666666666666666
14151;3633;0,016666666666666666666
14151;3656;0,016666666666666666666
14151;3728;0,016666666666666666666
14151;5138;0,016666666666666666666
14151;5144;0,016666666666666666666
14151;5174;0,016666666666666666666
14151;5289;0,016666666666666666666
14151;6503;0,016666666666666666666
14151;6666;0,033333333333333333333
14151;6980;0,016666666666666666666
14151;6986;0,016666666666666666666
14151;7146;0,016666666666666666666
14151;7546;0,016666666666666666666
14151;8440;0,016666666666666666666
14151;8863;0,016666666666666666666
14151;8867;0,016666666666666666666
14151;8873;0,016666666666666666666
14151;9805;0,016666666666666666666
14151;10633;0,016666666666666666666
14151;11330;0,016666666666666666666
14151;11999;0,016666666666666666666
14151;12372;0,016666666666666666666
14151;13398;0,016666666666666666666
14151;13796;0,016666666666666666666
14151;22495;0,016666666666666666666
14151;24536;0,016666666666666666666
14151;28372;0,016666666666666666666
14151;28523;0,016666666666666666666
14151;29376;0,016666666666666666666
14151;31885;0,016666666666666666666
14151;34696;0,016666666666666666666
14151;58138;0,033333333333333333333
14151;83231;0,016666666666666666666
14151;229072;0,016666666666666666666
14151;238453;0,016666666666666666666
14151;247698;0,016666666666666666666
14151;251573;0,016666666666666666666
14151;255726;0,016666666666666666666
14151;255740;0,016666666666666666666
14151;255741;0,016666666666666666666
14151;255863;0,016666666666666666666
14465;3142;1,000000000000000000000
14652;23561;1,000000000000000000000
14765;437;1,000000000000000000000
15207;48;0,400000000000000000000
15207;178;0,600000000000000000000
15302;4222;0,250000000000000000000
15302;8824;0,250000000000000000000
15302;13907;0,500000000000000000000
15471;275;0,071428571428571428571
15471;282;0,142857142857142857142
15471;477;0,071428571428571428571
15471;731;0,571428571428571428571
15471;3161;0,071428571428571428571
15471;5138;0,071428571428571428571
15643;9047;1,000000000000000000000
15975;5543;1,000000000000000000000
16665;14;1,000000000000000000000
16873;9898;1,000000000000000000000
17248;738;0,500000000000000000000
17248;22123;0,500000000000000000000
17267;12807;1,000000000000000000000
17269;418;0,400000000000000000000
17269;865;0,400000000000000000000
17269;9098;0,200000000000000000000
17449;458;1,000000000000000000000
17521;2021;1,000000000000000000000
17549;1591;1,000000000000000000000
17584;211;0,500000000000000000000
17584;8928;0,500000000000000000000
17634;74;0,142857142857142857142
17634;2176;0,142857142857142857142
17634;2388;0,142857142857142857142
17634;3772;0,142857142857142857142
17634;4181;0,142857142857142857142
17634;6061;0,142857142857142857142
17634;6440;0,142857142857142857142
17918;42;0,033333333333333333333
17918;96;0,066666666666666666666
17918;237;0,033333333333333333333
17918;249;0,033333333333333333333
17918;261;0,033333333333333333333
17918;1141;0,033333333333333333333
17918;1156;0,033333333333333333333
17918;1364;0,033333333333333333333
17918;1873;0,033333333333333333333
17918;1988;0,033333333333333333333
17918;1989;0,033333333333333333333
17918;2145;0,033333333333333333333
17918;2293;0,033333333333333333333
17918;2461;0,033333333333333333333
17918;3000;0,033333333333333333333
17918;3174;0,066666666666666666666
17918;3219;0,033333333333333333333
17918;3753;0,033333333333333333333
17918;4323;0,033333333333333333333
17918;4881;0,033333333333333333333
17918;4927;0,033333333333333333333
17918;5578;0,033333333333333333333
17918;6113;0,033333333333333333333
17918;9805;0,033333333333333333333
17918;11690;0,033333333333333333333
17918;17720;0,033333333333333333333
17918;27369;0,033333333333333333333
17918;29002;0,033333333333333333333
18247;5351;1,000000000000000000000
18577;3214;1,000000000000000000000
19199;2512;1,000000000000000000000
20666;2865;0,500000000000000000000
20666;6250;0,500000000000000000000
20853;669;1,000000000000000000000
21096;4647;1,000000000000000000000
21154;1236;1,000000000000000000000
21166;993;1,000000000000000000000
21697;983;1,000000000000000000000
21750;812;0,666666666666666666666
21750;1560;0,333333333333333333333
22123;3256;0,666666666666666666666
22123;17248;0,333333333333333333333
22211;1439;1,000000000000000000000
22298;1439;1,000000000000000000000
23720;861;0,250000000000000000000
23720;1370;0,500000000000000000000
23720;2237;0,250000000000000000000
24113;1574;1,000000000000000000000
24838;899;0,500000000000000000000
24838;3911;0,500000000000000000000
24839;923;1,000000000000000000000
25488;2080;0,500000000000000000000
25488;25264;0,500000000000000000000
26347;689;0,333333333333333333333
26347;761;0,333333333333333333333
26347;29376;0,333333333333333333333
26502;27494;1,000000000000000000000
26566;2375;1,000000000000000000000
26705;5487;1,000000000000000000000
27343;1538;0,250000000000000000000
27343;2246;0,250000000000000000000
27343;5107;0,250000000000000000000
27343;7130;0,250000000000000000000
27349;5616;1,000000000000000000000
27422;5657;1,000000000000000000000
27674;8267;1,000000000000000000000
27700;7874;1,000000000000000000000
27763;5632;1,000000000000000000000
27810;2511;1,000000000000000000000
27969;155;1,000000000000000000000
28235;5437;1,000000000000000000000
28615;7648;1,000000000000000000000
28747;444;1,000000000000000000000
28752;1574;1,000000000000000000000
28914;2962;1,000000000000000000000
28930;551;0,037735849056603773584
28930;1344;0,037735849056603773584
28930;1454;0,037735849056603773584
28930;1898;0,037735849056603773584
28930;2743;0,037735849056603773584
28930;2786;0,037735849056603773584
28930;3256;0,037735849056603773584
28930;3420;0,037735849056603773584
28930;3685;0,037735849056603773584
28930;5136;0,037735849056603773584
28930;7717;0,018867924528301886792
28930;7975;0,037735849056603773584
28930;8212;0,037735849056603773584
28930;12959;0,037735849056603773584
28930;15737;0,018867924528301886792
28930;23759;0,037735849056603773584
28930;24259;0,037735849056603773584
28930;152027;0,396226415094339622641
29061;1280;0,500000000000000000000
29061;5564;0,500000000000000000000
29376;26347;1,000000000000000000000
31885;12938;1,000000000000000000000
34784;4379;1,000000000000000000000
41776;749;0,500000000000000000000
41776;1122;0,500000000000000000000
45604;1439;1,000000000000000000000
48255;240;0,222222222222222222222
48255;420;0,111111111111111111111
48255;768;0,333333333333333333333
48255;2661;0,222222222222222222222
48255;6962;0,111111111111111111111
48826;5619;1,000000000000000000000
50959;8910;1,000000000000000000000
56738;59745;1,000000000000000000000
58138;955;0,500000000000000000000
58138;1751;0,500000000000000000000
59522;1165;1,000000000000000000000
59745;695;0,083333333333333333333
59745;1169;0,333333333333333333333
59745;2863;0,083333333333333333333
59745;3802;0,083333333333333333333
59745;3876;0,083333333333333333333
59745;5618;0,250000000000000000000
59745;59841;0,083333333333333333333
59841;71;0,028169014084507042253
59841;283;0,014084507042253521126
59841;296;0,014084507042253521126
59841;419;0,007042253521126760563
59841;602;0,014084507042253521126
59841;695;0,049295774647887323943
59841;744;0,007042253521126760563
59841;749;0,014084507042253521126
59841;845;0,021126760563380281690
59841;846;0,028169014084507042253
59841;1169;0,014084507042253521126
59841;1939;0,021126760563380281690
59841;2512;0,556338028169014084507
59841;2697;0,014084507042253521126
59841;2731;0,014084507042253521126
59841;2863;0,014084507042253521126
59841;3123;0,014084507042253521126
59841;3256;0,014084507042253521126
59841;3427;0,014084507042253521126
59841;3683;0,014084507042253521126
59841;4719;0,042253521126760563380
59841;5149;0,014084507042253521126
59841;7975;0,014084507042253521126
59841;8268;0,007042253521126760563
59841;8715;0,014084507042253521126
59841;14481;0,014084507042253521126
59841;59745;0,007042253521126760563
65193;80;0,028571428571428571428
65193;111;0,085714285714285714285
65193;452;0,057142857142857142857
65193;530;0,085714285714285714285
65193;668;0,114285714285714285714
65193;718;0,228571428571428571428
65193;719;0,085714285714285714285
65193;754;0,085714285714285714285
65193;933;0,057142857142857142857
65193;1130;0,057142857142857142857
65193;1174;0,028571428571428571428
65193;1647;0,057142857142857142857
65193;2706;0,028571428571428571428
65998;2175;0,250000000000000000000
65998;4145;0,250000000000000000000
65998;66075;0,500000000000000000000
66075;2175;1,000000000000000000000
67275;237;1,000000000000000000000
71411;748;1,000000000000000000000
73857;85;0,500000000000000000000
73857;251;0,500000000000000000000
75230;7095;1,000000000000000000000
75827;747;0,250000000000000000000
75827;76428;0,750000000000000000000
75828;71411;1,000000000000000000000
77678;27763;1,000000000000000000000
78108;98841;1,000000000000000000000
84925;1724;0,222222222222222222222
84925;1967;0,444444444444444444444
84925;131383;0,222222222222222222222
84925;240182;0,111111111111111111111
98841;528;0,200000000000000000000
98841;3523;0,600000000000000000000
98841;78108;0,200000000000000000000
108876;1220;1,000000000000000000000
113392;2350;1,000000000000000000000
115105;992;0,250000000000000000000
115105;1931;0,250000000000000000000
115105;2684;0,500000000000000000000
116140;517;0,250000000000000000000
116140;632;0,125000000000000000000
116140;1117;0,125000000000000000000
116140;2277;0,062500000000000000000
116140;8253;0,187500000000000000000
116140;125861;0,250000000000000000000
116409;1439;0,500000000000000000000
116409;1440;0,500000000000000000000
136664;5148;1,000000000000000000000
140271;71;0,105263157894736842105
140271;189;0,052631578947368421052
140271;309;0,052631578947368421052
140271;835;0,052631578947368421052
140271;1657;0,052631578947368421052
140271;2555;0,157894736842105263157
140271;2736;0,052631578947368421052
140271;3098;0,052631578947368421052
140271;3141;0,052631578947368421052
140271;4501;0,052631578947368421052
140271;5659;0,052631578947368421052
140271;6514;0,052631578947368421052
140271;6515;0,105263157894736842105
140271;37183;0,052631578947368421052
140271;41776;0,052631578947368421052
160268;520;0,166666666666666666666
160268;793;0,166666666666666666666
160268;1182;0,166666666666666666666
160268;2596;0,166666666666666666666
160268;4108;0,166666666666666666666
160268;34784;0,166666666666666666666
179346;1344;0,200000000000000000000
179346;1759;0,400000000000000000000
179346;3105;0,200000000000000000000
179346;5149;0,200000000000000000000
192866;845;0,833333333333333333333
192866;1263;0,083333333333333333333
192866;28155;0,083333333333333333333
245879;283;0,222222222222222222222
245879;1342;0,444444444444444444444
245879;4313;0,111111111111111111111
245879;4747;0,111111111111111111111
245879;24259;0,111111111111111111111
251573;453;1,000000000000000000000
