48;4831;1,000000000000000000000
54;119;0,153846153846153846153
54;541;0,076923076923076923076
54;658;0,076923076923076923076
54;1116;0,076923076923076923076
54;1663;0,153846153846153846153
54;1891;0,153846153846153846153
54;4041;0,076923076923076923076
54;5149;0,076923076923076923076
54;5789;0,076923076923076923076
54;5790;0,076923076923076923076
65;1122;0,333333333333333333333
65;1150;0,166666666666666666666
65;2064;0,333333333333333333333
65;2147;0,166666666666666666666
71;194;0,142857142857142857142
71;3123;0,142857142857142857142
71;3619;0,142857142857142857142
71;4024;0,285714285714285714285
71;59841;0,142857142857142857142
71;192866;0,142857142857142857142
73;20853;1,000000000000000000000
77;420;0,166666666666666666666
77;466;0,166666666666666666666
77;622;0,333333333333333333333
77;2054;0,333333333333333333333
80;111;0,011363636363636363636
80;219;0,011363636363636363636
80;324;0,011363636363636363636
80;502;0,136363636363636363636
80;530;0,022727272727272727272
80;531;0,056818181818181818181
80;668;0,159090909090909090909
80;876;0,068181818181818181818
80;933;0,011363636363636363636
80;1131;0,079545454545454545454
80;1248;0,011363636363636363636
80;1361;0,090909090909090909090
80;1745;0,068181818181818181818
80;2518;0,045454545454545454545
80;3443;0,045454545454545454545
80;3515;0,102272727272727272727
80;3625;0,045454545454545454545
80;18885;0,011363636363636363636
80;65193;0,011363636363636363636
83;6635;1,000000000000000000000
96;42;0,088235294117647058823
96;168;0,014705882352941176470
96;249;0,132352941176470588235
96;615;0,029411764705882352941
96;845;0,014705882352941176470
96;860;0,029411764705882352941
96;983;0,029411764705882352941
96;1154;0,058823529411764705882
96;1364;0,147058823529411764705
96;1873;0,088235294117647058823
96;2252;0,044117647058823529411
96;2293;0,029411764705882352941
96;3045;0,073529411764705882352
96;4080;0,014705882352941176470
96;4098;0,014705882352941176470
96;4179;0,029411764705882352941
96;4313;0,044117647058823529411
96;4825;0,029411764705882352941
96;5628;0,044117647058823529411
96;7130;0,014705882352941176470
96;131383;0,014705882352941176470
96;137801;0,014705882352941176470
100;1824;1,000000000000000000000
101;4080;1,000000000000000000000
104;163;1,000000000000000000000
108;1027;0,333333333333333333333
108;1340;0,666666666666666666666
115;1864;0,200000000000000000000
115;6468;0,400000000000000000000
115;112062;0,200000000000000000000
115;335189;0,200000000000000000000
119;54;0,666666666666666666666
119;4150;0,333333333333333333333
127;3748;1,000000000000000000000
132;550;0,750000000000000000000
132;3230;0,250000000000000000000
135;13;0,125000000000000000000
135;113;0,062500000000000000000
135;183;0,062500000000000000000
135;763;0,062500000000000000000
135;992;0,062500000000000000000
135;1278;0,062500000000000000000
135;1316;0,062500000000000000000
135;1939;0,062500000000000000000
135;2825;0,062500000000000000000
135;4020;0,125000000000000000000
135;4998;0,062500000000000000000
135;5679;0,062500000000000000000
135;7577;0,062500000000000000000
135;12816;0,062500000000000000000
138;37;0,166666666666666666666
138;886;0,166666666666666666666
138;1277;0,166666666666666666666
138;1724;0,333333333333333333333
138;131383;0,166666666666666666666
151;5082;0,500000000000000000000
151;5530;0,500000000000000000000
162;4578;0,333333333333333333333
162;5013;0,666666666666666666666
163;4438;1,000000000000000000000
174;232;0,041666666666666666666
174;313;0,041666666666666666666
174;437;0,041666666666666666666
174;577;0,041666666666666666666
174;846;0,041666666666666666666
174;1064;0,041666666666666666666
174;1455;0,041666666666666666666
174;1563;0,041666666666666666666
174;1564;0,041666666666666666666
174;1608;0,041666666666666666666
174;1632;0,041666666666666666666
174;1692;0,041666666666666666666
174;1698;0,041666666666666666666
174;1699;0,041666666666666666666
174;1703;0,041666666666666666666
174;1704;0,041666666666666666666
174;1705;0,041666666666666666666
174;1706;0,041666666666666666666
174;1708;0,041666666666666666666
174;1709;0,041666666666666666666
174;2825;0,041666666666666666666
174;2826;0,041666666666666666666
174;114536;0,083333333333333333333
179;211;0,500000000000000000000
179;12755;0,500000000000000000000
180;863;1,000000000000000000000
184;4829;0,111111111111111111111
184;7574;0,888888888888888888888
189;3123;1,000000000000000000000
190;1326;0,500000000000000000000
190;5167;0,500000000000000000000
194;472;0,250000000000000000000
194;1754;0,250000000000000000000
194;3122;0,250000000000000000000
194;3503;0,250000000000000000000
199;550;0,142857142857142857142
199;658;0,142857142857142857142
199;1759;0,142857142857142857142
199;2184;0,142857142857142857142
199;3372;0,142857142857142857142
199;3694;0,142857142857142857142
199;14733;0,142857142857142857142
206;9391;1,000000000000000000000
219;1893;0,500000000000000000000
219;2516;0,500000000000000000000
226;10020;1,000000000000000000000
242;1237;0,333333333333333333333
242;2736;0,333333333333333333333
242;2739;0,166666666666666666666
242;2823;0,166666666666666666666
244;1925;1,000000000000000000000
246;288;1,000000000000000000000
247;4890;1,000000000000000000000
248;615;0,333333333333333333333
248;2474;0,666666666666666666666
249;96;0,285714285714285714285
249;296;0,071428571428571428571
249;1142;0,071428571428571428571
249;1988;0,071428571428571428571
249;2661;0,071428571428571428571
249;5628;0,142857142857142857142
249;245879;0,285714285714285714285
250;615;1,000000000000000000000
253;4179;1,000000000000000000000
256;208;0,800000000000000000000
256;320;0,200000000000000000000
261;237;0,333333333333333333333
261;2375;0,083333333333333333333
261;2461;0,166666666666666666666
261;2796;0,166666666666666666666
261;12876;0,250000000000000000000
263;420;0,333333333333333333333
263;600;0,333333333333333333333
263;830;0,333333333333333333333
266;428;0,037037037037037037037
266;522;0,074074074074074074074
266;585;0,074074074074074074074
266;793;0,037037037037037037037
266;1080;0,111111111111111111111
266;2274;0,074074074074074074074
266;2383;0,074074074074074074074
266;2600;0,037037037037037037037
266;3401;0,074074074074074074074
266;3944;0,037037037037037037037
266;5332;0,037037037037037037037
266;8350;0,074074074074074074074
266;8648;0,074074074074074074074
266;9019;0,037037037037037037037
266;9725;0,074074074074074074074
266;13398;0,037037037037037037037
266;13814;0,037037037037037037037
267;2716;1,000000000000000000000
269;1515;1,000000000000000000000
276;695;0,250000000000000000000
276;59745;0,250000000000000000000
276;59841;0,250000000000000000000
276;98841;0,250000000000000000000
279;101;0,125000000000000000000
279;3429;0,625000000000000000000
279;4613;0,125000000000000000000
279;7116;0,125000000000000000000
283;846;0,142857142857142857142
283;1342;0,142857142857142857142
283;1898;0,142857142857142857142
283;4747;0,142857142857142857142
283;18641;0,285714285714285714285
283;163510;0,142857142857142857142
284;3429;0,500000000000000000000
284;6981;0,500000000000000000000
287;14;0,200000000000000000000
287;1216;0,200000000000000000000
287;1829;0,200000000000000000000
287;1988;0,200000000000000000000
287;2073;0,200000000000000000000
288;290;0,035714285714285714285
288;296;0,285714285714285714285
288;568;0,035714285714285714285
288;1293;0,107142857142857142857
288;1933;0,035714285714285714285
288;2337;0,071428571428571428571
288;8268;0,071428571428571428571
288;113392;0,357142857142857142857
290;288;0,500000000000000000000
290;294;0,500000000000000000000
293;28166;1,000000000000000000000
296;5638;0,666666666666666666666
296;8636;0,333333333333333333333
306;2218;0,400000000000000000000
306;4576;0,400000000000000000000
306;6788;0,200000000000000000000
309;1948;1,000000000000000000000
310;1799;1,000000000000000000000
320;256;0,250000000000000000000
320;2206;0,250000000000000000000
320;2310;0,500000000000000000000
324;80;0,250000000000000000000
324;219;0,250000000000000000000
324;455;0,500000000000000000000
339;24113;1,000000000000000000000
346;403;1,000000000000000000000
349;869;0,333333333333333333333
349;1499;0,333333333333333333333
349;10602;0,333333333333333333333
354;276;1,000000000000000000000
365;3143;1,000000000000000000000
380;1282;0,200000000000000000000
380;1769;0,600000000000000000000
380;5530;0,200000000000000000000
385;2306;1,000000000000000000000
388;1879;0,500000000000000000000
388;28420;0,500000000000000000000
391;6151;0,333333333333333333333
391;6262;0,333333333333333333333
391;12356;0,333333333333333333333
398;5536;1,000000000000000000000
399;7341;1,000000000000000000000
402;410;0,250000000000000000000
402;417;0,250000000000000000000
402;418;0,500000000000000000000
403;346;1,000000000000000000000
407;59;0,058823529411764705882
407;404;0,058823529411764705882
407;458;0,058823529411764705882
407;2585;0,176470588235294117647
407;2630;0,117647058823529411764
407;3779;0,176470588235294117647
407;5626;0,176470588235294117647
407;28580;0,058823529411764705882
407;44336;0,058823529411764705882
407;286988;0,058823529411764705882
410;337;0,333333333333333333333
410;414;0,333333333333333333333
410;2877;0,166666666666666666666
410;3513;0,166666666666666666666
411;2961;1,000000000000000000000
414;120;0,062500000000000000000
414;392;0,062500000000000000000
414;401;0,062500000000000000000
414;410;0,062500000000000000000
414;415;0,062500000000000000000
414;419;0,125000000000000000000
414;1727;0,062500000000000000000
414;2140;0,062500000000000000000
414;2822;0,062500000000000000000
414;2877;0,062500000000000000000
414;3513;0,125000000000000000000
414;6000;0,062500000000000000000
414;8566;0,062500000000000000000
414;13187;0,062500000000000000000
415;3049;0,500000000000000000000
415;21112;0,500000000000000000000
418;402;1,000000000000000000000
419;375;0,076923076923076923076
419;396;0,076923076923076923076
419;399;0,076923076923076923076
419;414;0,076923076923076923076
419;418;0,076923076923076923076
419;846;0,230769230769230769230
419;945;0,076923076923076923076
419;1221;0,076923076923076923076
419;1894;0,076923076923076923076
419;3465;0,076923076923076923076
419;8396;0,076923076923076923076
420;11;0,060606060606060606060
420;24;0,060606060606060606060
420;77;0,030303030303030303030
420;131;0,060606060606060606060
420;369;0,030303030303030303030
420;427;0,030303030303030303030
420;531;0,030303030303030303030
420;567;0,030303030303030303030
420;643;0,060606060606060606060
420;845;0,030303030303030303030
420;934;0,060606060606060606060
420;1263;0,030303030303030303030
420;1355;0,030303030303030303030
420;1437;0,060606060606060606060
420;1597;0,030303030303030303030
420;1681;0,030303030303030303030
420;1974;0,060606060606060606060
420;2851;0,060606060606060606060
420;3111;0,060606060606060606060
420;3417;0,060606060606060606060
420;3575;0,030303030303030303030
420;4440;0,030303030303030303030
420;17389;0,030303030303030303030
428;266;1,000000000000000000000
441;1117;0,500000000000000000000
441;3394;0,500000000000000000000
442;1574;0,200000000000000000000
442;2500;0,800000000000000000000
443;423;0,250000000000000000000
443;424;0,250000000000000000000
443;7605;0,250000000000000000000
443;29085;0,250000000000000000000
453;839;0,333333333333333333333
453;1498;0,666666666666666666666
454;689;0,500000000000000000000
454;2825;0,500000000000000000000
455;324;1,000000000000000000000
469;468;1,000000000000000000000
470;1996;1,000000000000000000000
472;85;0,200000000000000000000
472;984;0,200000000000000000000
472;1154;0,200000000000000000000
472;1639;0,200000000000000000000
472;4098;0,200000000000000000000
479;1065;0,500000000000000000000
479;8466;0,500000000000000000000
485;1759;1,000000000000000000000
490;899;1,000000000000000000000
496;192;0,250000000000000000000
496;466;0,250000000000000000000
496;497;0,250000000000000000000
496;622;0,250000000000000000000
502;80;0,147540983606557377049
502;219;0,016393442622950819672
502;876;0,081967213114754098360
502;1131;0,049180327868852459016
502;1248;0,032786885245901639344
502;2436;0,147540983606557377049
502;3443;0,049180327868852459016
502;3515;0,278688524590163934426
502;3625;0,065573770491803278688
502;4187;0,032786885245901639344
502;321395;0,098360655737704918032
517;4988;1,000000000000000000000
520;527;0,181818181818181818181
520;793;0,272727272727272727272
520;1182;0,181818181818181818181
520;1556;0,090909090909090909090
520;4225;0,181818181818181818181
520;4998;0,090909090909090909090
521;528;1,000000000000000000000
524;526;0,166666666666666666666
524;2683;0,333333333333333333333
524;3356;0,333333333333333333333
524;5632;0,166666666666666666666
526;621;0,500000000000000000000
526;1326;0,500000000000000000000
527;266;0,083333333333333333333
527;520;0,166666666666666666666
527;521;0,083333333333333333333
527;528;0,083333333333333333333
527;793;0,083333333333333333333
527;1182;0,083333333333333333333
527;1949;0,083333333333333333333
527;3320;0,166666666666666666666
527;3811;0,083333333333333333333
527;4108;0,083333333333333333333
529;71;0,333333333333333333333
529;7759;0,333333333333333333333
529;98841;0,333333333333333333333
538;1027;1,000000000000000000000
541;54;1,000000000000000000000
545;763;0,333333333333333333333
545;2322;0,333333333333333333333
545;6694;0,333333333333333333333
550;132;0,466666666666666666666
550;551;0,066666666666666666666
550;596;0,066666666666666666666
550;658;0,066666666666666666666
550;3230;0,200000000000000000000
550;3694;0,066666666666666666666
550;8510;0,066666666666666666666
551;550;0,047619047619047619047
551;867;0,047619047619047619047
551;914;0,047619047619047619047
551;1839;0,047619047619047619047
551;1867;0,047619047619047619047
551;2007;0,047619047619047619047
551;2179;0,047619047619047619047
551;2182;0,047619047619047619047
551;2183;0,047619047619047619047
551;2184;0,047619047619047619047
551;2206;0,047619047619047619047
551;2817;0,047619047619047619047
551;3694;0,095238095238095238095
551;4031;0,095238095238095238095
551;5657;0,047619047619047619047
551;6567;0,047619047619047619047
551;9506;0,047619047619047619047
551;15895;0,047619047619047619047
551;17990;0,047619047619047619047
558;54;0,034482758620689655172
558;249;0,034482758620689655172
558;396;0,034482758620689655172
558;520;0,034482758620689655172
558;522;0,034482758620689655172
558;794;0,034482758620689655172
558;851;0,034482758620689655172
558;865;0,034482758620689655172
558;891;0,034482758620689655172
558;990;0,034482758620689655172
558;1029;0,034482758620689655172
558;1035;0,034482758620689655172
558;1064;0,034482758620689655172
558;1122;0,034482758620689655172
558;1596;0,034482758620689655172
558;2657;0,034482758620689655172
558;2825;0,034482758620689655172
558;2838;0,034482758620689655172
558;3096;0,034482758620689655172
558;3098;0,034482758620689655172
558;3100;0,034482758620689655172
558;3123;0,034482758620689655172
558;4080;0,034482758620689655172
558;4998;0,034482758620689655172
558;5367;0,034482758620689655172
558;5440;0,034482758620689655172
558;7132;0,034482758620689655172
558;7866;0,034482758620689655172
558;22123;0,034482758620689655172
568;6461;1,000000000000000000000
571;1897;1,000000000000000000000
573;10084;1,000000000000000000000
576;4639;0,500000000000000000000
576;7653;0,500000000000000000000
585;2215;1,000000000000000000000
600;7130;1,000000000000000000000
602;899;1,000000000000000000000
608;609;1,000000000000000000000
611;621;1,000000000000000000000
612;4307;1,000000000000000000000
613;2008;0,500000000000000000000
613;3811;0,500000000000000000000
615;96;0,034482758620689655172
615;248;0,034482758620689655172
615;250;0,034482758620689655172
615;251;0,034482758620689655172
615;285;0,034482758620689655172
615;724;0,034482758620689655172
615;781;0,034482758620689655172
615;2139;0,068965517241379310344
615;2252;0,034482758620689655172
615;2330;0,034482758620689655172
615;2398;0,034482758620689655172
615;2514;0,034482758620689655172
615;2515;0,034482758620689655172
615;3045;0,034482758620689655172
615;3485;0,034482758620689655172
615;3866;0,034482758620689655172
615;3867;0,034482758620689655172
615;3868;0,034482758620689655172
615;3869;0,034482758620689655172
615;3870;0,034482758620689655172
615;3871;0,034482758620689655172
615;3872;0,034482758620689655172
615;3873;0,034482758620689655172
615;5824;0,034482758620689655172
615;5827;0,034482758620689655172
615;7862;0,034482758620689655172
615;8949;0,034482758620689655172
615;12882;0,034482758620689655172
621;512;0,250000000000000000000
621;2385;0,250000000000000000000
621;4829;0,250000000000000000000
621;5444;0,250000000000000000000
622;466;0,142857142857142857142
622;1171;0,142857142857142857142
622;1525;0,142857142857142857142
622;2054;0,285714285714285714285
622;2147;0,142857142857142857142
622;2435;0,142857142857142857142
626;700;0,666666666666666666666
626;1154;0,333333333333333333333
628;695;0,333333333333333333333
628;1547;0,333333333333333333333
628;1940;0,333333333333333333333
632;276;0,500000000000000000000
632;1117;0,250000000000000000000
632;1906;0,250000000000000000000
652;7920;1,000000000000000000000
662;529;0,250000000000000000000
662;78108;0,750000000000000000000
668;80;0,300000000000000000000
668;667;0,200000000000000000000
668;876;0,200000000000000000000
668;1129;0,200000000000000000000
668;13482;0,100000000000000000000
669;688;0,117647058823529411764
669;689;0,117647058823529411764
669;1500;0,117647058823529411764
669;1939;0,117647058823529411764
669;1956;0,058823529411764705882
669;2191;0,117647058823529411764
669;4268;0,058823529411764705882
669;7975;0,117647058823529411764
669;25861;0,058823529411764705882
669;59745;0,117647058823529411764
671;638;0,500000000000000000000
671;119973;0,500000000000000000000
675;281;0,200000000000000000000
675;452;0,200000000000000000000
675;1129;0,200000000000000000000
675;1370;0,200000000000000000000
675;1745;0,200000000000000000000
678;1526;0,166666666666666666666
678;1889;0,166666666666666666666
678;2706;0,166666666666666666666
678;3045;0,166666666666666666666
678;3601;0,166666666666666666666
678;10020;0,166666666666666666666
682;681;1,000000000000000000000
683;681;1,000000000000000000000
689;454;1,000000000000000000000
695;749;0,250000000000000000000
695;2374;0,250000000000000000000
695;5459;0,250000000000000000000
695;41776;0,250000000000000000000
698;912;1,000000000000000000000
700;626;0,100000000000000000000
700;837;0,200000000000000000000
700;1754;0,200000000000000000000
700;1940;0,200000000000000000000
700;2147;0,100000000000000000000
700;3970;0,200000000000000000000
708;1157;0,100000000000000000000
708;1526;0,300000000000000000000
708;1868;0,300000000000000000000
708;2991;0,200000000000000000000
708;4020;0,100000000000000000000
724;615;0,666666666666666666666
724;10020;0,333333333333333333333
733;1681;0,041666666666666666666
733;2912;0,041666666666666666666
733;2913;0,041666666666666666666
733;2914;0,041666666666666666666
733;2916;0,041666666666666666666
733;2919;0,041666666666666666666
733;2920;0,041666666666666666666
733;2924;0,041666666666666666666
733;2925;0,041666666666666666666
733;2927;0,041666666666666666666
733;2929;0,041666666666666666666
733;2931;0,041666666666666666666
733;2932;0,041666666666666666666
733;2933;0,041666666666666666666
733;2935;0,041666666666666666666
733;2938;0,041666666666666666666
733;2939;0,041666666666666666666
733;2940;0,041666666666666666666
733;2941;0,041666666666666666666
733;2942;0,041666666666666666666
733;2943;0,041666666666666666666
733;2948;0,041666666666666666666
733;2950;0,041666666666666666666
733;49722;0,041666666666666666666
739;1913;0,500000000000000000000
739;23228;0,500000000000000000000
740;9898;0,500000000000000000000
740;13502;0,500000000000000000000
744;845;0,600000000000000000000
744;1041;0,200000000000000000000
744;192866;0,200000000000000000000
747;213;0,150000000000000000000
747;748;0,100000000000000000000
747;1988;0,050000000000000000000
747;5523;0,050000000000000000000
747;28517;0,100000000000000000000
747;75827;0,300000000000000000000
747;76428;0,050000000000000000000
747;81648;0,050000000000000000000
747;99942;0,050000000000000000000
747;325599;0,100000000000000000000
748;1439;0,333333333333333333333
748;1440;0,333333333333333333333
748;2838;0,333333333333333333333
749;2697;0,166666666666666666666
749;3685;0,333333333333333333333
749;4583;0,166666666666666666666
749;8698;0,166666666666666666666
749;112062;0,166666666666666666666
752;1632;1,000000000000000000000
763;1234;0,125000000000000000000
763;1237;0,250000000000000000000
763;1277;0,500000000000000000000
763;2684;0,125000000000000000000
768;104;0,111111111111111111111
768;240;0,111111111111111111111
768;822;0,111111111111111111111
768;1598;0,111111111111111111111
768;2239;0,111111111111111111111
768;2448;0,111111111111111111111
768;3675;0,111111111111111111111
768;4283;0,111111111111111111111
768;4472;0,111111111111111111111
772;937;1,000000000000000000000
779;830;0,200000000000000000000
779;2364;0,800000000000000000000
781;281;1,000000000000000000000
784;5643;1,000000000000000000000
805;904;0,333333333333333333333
805;2127;0,333333333333333333333
805;2140;0,333333333333333333333
819;452;0,409090909090909090909
819;718;0,318181818181818181818
819;719;0,045454545454545454545
819;1391;0,181818181818181818181
819;2139;0,045454545454545454545
822;104;0,250000000000000000000
822;768;0,250000000000000000000
822;2239;0,250000000000000000000
822;4472;0,250000000000000000000
829;14;0,250000000000000000000
829;275;0,250000000000000000000
829;517;0,250000000000000000000
829;3395;0,250000000000000000000
830;263;0,750000000000000000000
830;5640;0,250000000000000000000
833;1171;1,000000000000000000000
837;700;1,000000000000000000000
839;1498;1,000000000000000000000
841;1667;1,000000000000000000000
845;71;0,071428571428571428571
845;96;0,017857142857142857142
845;131;0,017857142857142857142
845;263;0,017857142857142857142
845;420;0,035714285714285714285
845;744;0,089285714285714285714
845;846;0,053571428571428571428
845;1041;0,035714285714285714285
845;1065;0,017857142857142857142
845;1263;0,017857142857142857142
845;1316;0,017857142857142857142
845;1437;0,053571428571428571428
845;1724;0,071428571428571428571
845;2731;0,017857142857142857142
845;4020;0,017857142857142857142
845;26980;0,017857142857142857142
845;131383;0,071428571428571428571
845;192866;0,339285714285714285714
845;193005;0,017857142857142857142
846;263;0,037037037037037037037
846;277;0,037037037037037037037
846;283;0,037037037037037037037
846;292;0,037037037037037037037
846;296;0,037037037037037037037
846;419;0,037037037037037037037
846;845;0,111111111111111111111
846;982;0,037037037037037037037
846;1437;0,037037037037037037037
846;2697;0,037037037037037037037
846;2744;0,037037037037037037037
846;2786;0,037037037037037037037
846;2863;0,037037037037037037037
846;3256;0,037037037037037037037
846;3427;0,037037037037037037037
846;3683;0,111111111111111111111
846;4777;0,037037037037037037037
846;5149;0,037037037037037037037
846;5638;0,037037037037037037037
846;7975;0,074074074074074074074
846;8715;0,037037037037037037037
846;12959;0,037037037037037037037
853;3095;0,142857142857142857142
853;5693;0,142857142857142857142
853;6250;0,142857142857142857142
853;18641;0,285714285714285714285
853;242258;0,142857142857142857142
853;247698;0,142857142857142857142
854;6792;0,500000000000000000000
854;28528;0,500000000000000000000
860;17918;1,000000000000000000000
861;1448;0,125000000000000000000
861;1591;0,125000000000000000000
861;2398;0,125000000000000000000
861;2713;0,125000000000000000000
861;2714;0,250000000000000000000
861;4376;0,125000000000000000000
861;6105;0,125000000000000000000
865;418;1,000000000000000000000
866;977;0,166666666666666666666
866;9184;0,166666666666666666666
866;9401;0,666666666666666666666
885;1307;0,250000000000000000000
885;2838;0,250000000000000000000
885;3235;0,250000000000000000000
885;6994;0,250000000000000000000
886;543;0,200000000000000000000
886;1923;0,200000000000000000000
886;3015;0,200000000000000000000
886;4377;0,200000000000000000000
886;131383;0,200000000000000000000
887;3394;1,000000000000000000000
899;490;0,333333333333333333333
899;602;0,333333333333333333333
899;3233;0,333333333333333333333
904;846;1,000000000000000000000
911;4262;1,000000000000000000000
918;3362;1,000000000000000000000
920;13141;0,333333333333333333333
920;13452;0,333333333333333333333
920;28615;0,333333333333333333333
925;28467;0,500000000000000000000
925;257158;0,500000000000000000000
933;718;0,800000000000000000000
933;65193;0,200000000000000000000
943;1979;0,166666666666666666666
943;3683;0,166666666666666666666
943;59841;0,666666666666666666666
970;1549;0,333333333333333333333
970;9386;0,666666666666666666666
972;2741;0,600000000000000000000
972;6543;0,200000000000000000000
972;8910;0,200000000000000000000
977;2683;0,142857142857142857142
977;7747;0,285714285714285714285
977;8090;0,571428571428571428571
978;2198;1,000000000000000000000
982;1041;1,000000000000000000000
983;96;0,200000000000000000000
983;3246;0,100000000000000000000
983;4821;0,100000000000000000000
983;21697;0,600000000000000000000
984;1118;0,250000000000000000000
984;3503;0,500000000000000000000
984;4098;0,250000000000000000000
988;89874;1,000000000000000000000
992;113;0,133333333333333333333
992;183;0,066666666666666666666
992;240;0,200000000000000000000
992;718;0,066666666666666666666
992;1234;0,133333333333333333333
992;1591;0,066666666666666666666
992;1931;0,066666666666666666666
992;2684;0,066666666666666666666
992;15586;0,133333333333333333333
992;115105;0,066666666666666666666
995;149;0,333333333333333333333
995;984;0,666666666666666666666
1010;3809;1,000000000000000000000
1018;3809;0,333333333333333333333
1018;24076;0,666666666666666666666
1024;339;1,000000000000000000000
1030;288;0,250000000000000000000
1030;290;0,333333333333333333333
1030;2371;0,333333333333333333333
1030;10860;0,083333333333333333333
1033;24049;1,000000000000000000000
1041;275;0,181818181818181818181
1041;845;0,090909090909090909090
1041;982;0,454545454545454545454
1041;1042;0,090909090909090909090
1041;1681;0,090909090909090909090
1041;5380;0,090909090909090909090
1042;2423;0,500000000000000000000
1042;2424;0,500000000000000000000
1043;1415;1,000000000000000000000
1055;166;1,000000000000000000000
1058;3188;1,000000000000000000000
1064;232;0,400000000000000000000
1064;1700;0,400000000000000000000
1064;4518;0,200000000000000000000
1066;1443;1,000000000000000000000
1073;1315;0,500000000000000000000
1073;9513;0,500000000000000000000
1082;38;0,090909090909090909090
1082;189;0,090909090909090909090
1082;1083;0,363636363636363636363
1082;1854;0,090909090909090909090
1082;2433;0,090909090909090909090
1082;3685;0,090909090909090909090
1082;4372;0,090909090909090909090
1082;13899;0,090909090909090909090
1083;1082;1,000000000000000000000
1094;213;0,333333333333333333333
1094;1164;0,333333333333333333333
1094;25264;0,333333333333333333333
1114;2153;1,000000000000000000000
1117;72;0,333333333333333333333
1117;1169;0,666666666666666666666
1118;277;0,333333333333333333333
1118;529;0,333333333333333333333
1118;984;0,333333333333333333333
1120;1657;1,000000000000000000000
1121;275;0,166666666666666666666
1121;285;0,166666666666666666666
1121;524;0,333333333333333333333
1121;826;0,166666666666666666666
1121;1326;0,166666666666666666666
1127;5536;1,000000000000000000000
1131;80;0,333333333333333333333
1131;502;0,166666666666666666666
1131;876;0,166666666666666666666
1131;3515;0,166666666666666666666
1131;321395;0,166666666666666666666
1138;275;0,500000000000000000000
1138;826;0,500000000000000000000
1141;1065;0,125000000000000000000
1141;1142;0,125000000000000000000
1141;1988;0,250000000000000000000
1141;2293;0,250000000000000000000
1141;3219;0,125000000000000000000
1141;5628;0,125000000000000000000
1142;249;0,066666666666666666666
1142;1141;0,200000000000000000000
1142;1154;0,066666666666666666666
1142;2714;0,200000000000000000000
1142;3246;0,133333333333333333333
1142;3872;0,133333333333333333333
1142;4359;0,066666666666666666666
1142;5223;0,133333333333333333333
1143;3399;0,600000000000000000000
1143;3802;0,200000000000000000000
1143;6505;0,200000000000000000000
1150;521;0,500000000000000000000
1150;2147;0,500000000000000000000
1152;846;0,600000000000000000000
1152;3123;0,200000000000000000000
1152;18641;0,200000000000000000000
1154;96;0,272727272727272727272
1154;626;0,090909090909090909090
1154;1142;0,090909090909090909090
1154;1637;0,090909090909090909090
1154;1639;0,090909090909090909090
1154;2302;0,181818181818181818181
1154;4598;0,090909090909090909090
1154;5304;0,090909090909090909090
1157;9513;1,000000000000000000000
1160;59;1,000000000000000000000
1164;10658;1,000000000000000000000
1165;4430;0,250000000000000000000
1165;7711;0,500000000000000000000
1165;15048;0,250000000000000000000
1169;71;0,068965517241379310344
1169;100;0,068965517241379310344
1169;276;0,068965517241379310344
1169;695;0,068965517241379310344
1169;696;0,068965517241379310344
1169;1117;0,068965517241379310344
1169;1942;0,068965517241379310344
1169;1944;0,068965517241379310344
1169;1946;0,068965517241379310344
1169;2147;0,034482758620689655172
1169;3523;0,068965517241379310344
1169;4512;0,068965517241379310344
1169;24601;0,034482758620689655172
1169;59745;0,103448275862068965517
1169;98841;0,068965517241379310344
1174;452;0,100000000000000000000
1174;530;0,100000000000000000000
1174;675;0,100000000000000000000
1174;718;0,100000000000000000000
1174;719;0,100000000000000000000
1174;754;0,100000000000000000000
1174;876;0,200000000000000000000
1174;1129;0,100000000000000000000
1174;1370;0,100000000000000000000
1190;2275;0,250000000000000000000
1190;6641;0,500000000000000000000
1190;15686;0,250000000000000000000
1196;851;1,000000000000000000000
1197;2323;0,500000000000000000000
1197;9159;0,500000000000000000000
1206;6250;1,000000000000000000000
1216;287;1,000000000000000000000
1220;660;0,031250000000000000000
1220;1190;0,031250000000000000000
1220;1771;0,031250000000000000000
1220;2419;0,031250000000000000000
1220;2422;0,031250000000000000000
1220;2423;0,031250000000000000000
1220;2424;0,031250000000000000000
1220;3993;0,031250000000000000000
1220;6419;0,031250000000000000000
1220;6630;0,031250000000000000000
1220;6641;0,031250000000000000000
1220;7478;0,031250000000000000000
1220;7954;0,031250000000000000000
1220;9068;0,031250000000000000000
1220;10592;0,031250000000000000000
1220;12375;0,031250000000000000000
1220;13179;0,031250000000000000000
1220;13850;0,031250000000000000000
1220;14069;0,031250000000000000000
1220;16497;0,031250000000000000000
1220;21159;0,031250000000000000000
1220;23071;0,031250000000000000000
1220;27063;0,031250000000000000000
1220;27064;0,031250000000000000000
1220;27065;0,031250000000000000000
1220;27066;0,031250000000000000000
1220;27067;0,031250000000000000000
1220;28184;0,031250000000000000000
1220;28199;0,031250000000000000000
1220;28210;0,031250000000000000000
1220;108876;0,031250000000000000000
1220;349155;0,031250000000000000000
1234;407;0,100000000000000000000
1234;1235;0,100000000000000000000
1234;1236;0,100000000000000000000
1234;1237;0,100000000000000000000
1234;1277;0,200000000000000000000
1234;1967;0,100000000000000000000
1234;3235;0,100000000000000000000
1234;3393;0,100000000000000000000
1234;7866;0,100000000000000000000
1235;845;0,200000000000000000000
1235;1234;0,300000000000000000000
1235;1277;0,100000000000000000000
1235;1815;0,100000000000000000000
1235;3393;0,100000000000000000000
1235;21154;0,200000000000000000000
1236;1277;0,750000000000000000000
1236;2684;0,250000000000000000000
1237;242;0,333333333333333333333
1237;1234;0,666666666666666666666
1240;307;1,000000000000000000000
1250;16921;0,500000000000000000000
1250;307900;0,500000000000000000000
1254;119;0,125000000000000000000
1254;320;0,125000000000000000000
1254;1171;0,125000000000000000000
1254;1348;0,125000000000000000000
1254;2007;0,250000000000000000000
1254;17549;0,125000000000000000000
1254;179346;0,125000000000000000000
1277;276;0,055555555555555555555
1277;763;0,222222222222222222222
1277;1234;0,333333333333333333333
1277;1235;0,055555555555555555555
1277;1236;0,111111111111111111111
1277;1237;0,111111111111111111111
1277;21154;0,111111111111111111111
1278;35;0,030303030303030303030
1278;54;0,030303030303030303030
1278;183;0,060606060606060606060
1278;266;0,030303030303030303030
1278;281;0,030303030303030303030
1278;351;0,030303030303030303030
1278;452;0,030303030303030303030
1278;520;0,030303030303030303030
1278;658;0,030303030303030303030
1278;675;0,030303030303030303030
1278;681;0,030303030303030303030
1278;793;0,030303030303030303030
1278;956;0,030303030303030303030
1278;984;0,030303030303030303030
1278;1092;0,030303030303030303030
1278;1116;0,030303030303030303030
1278;1124;0,030303030303030303030
1278;1129;0,030303030303030303030
1278;1130;0,030303030303030303030
1278;1141;0,030303030303030303030
1278;1262;0,030303030303030303030
1278;1370;0,030303030303030303030
1278;1591;0,030303030303030303030
1278;2054;0,030303030303030303030
1278;2323;0,030303030303030303030
1278;2586;0,030303030303030303030
1278;2736;0,030303030303030303030
1278;3141;0,030303030303030303030
1278;3142;0,030303030303030303030
1278;6213;0,030303030303030303030
1278;27947;0,030303030303030303030
1278;76428;0,030303030303030303030
1282;492;0,500000000000000000000
1282;19176;0,500000000000000000000
1286;2054;0,333333333333333333333
1286;2280;0,333333333333333333333
1286;28686;0,333333333333333333333
1288;2337;1,000000000000000000000
1293;288;1,000000000000000000000
1307;885;0,142857142857142857142
1307;3508;0,285714285714285714285
1307;4004;0,428571428571428571428
1307;9468;0,142857142857142857142
1310;1868;0,750000000000000000000
1310;2991;0,250000000000000000000
1316;7577;1,000000000000000000000
1321;1064;0,200000000000000000000
1321;1563;0,200000000000000000000
1321;1708;0,200000000000000000000
1321;2008;0,200000000000000000000
1321;4697;0,200000000000000000000
1325;1333;1,000000000000000000000
1326;65;0,076923076923076923076
1326;190;0,076923076923076923076
1326;526;0,076923076923076923076
1326;1109;0,076923076923076923076
1326;1122;0,076923076923076923076
1326;1335;0,076923076923076923076
1326;1667;0,076923076923076923076
1326;2071;0,076923076923076923076
1326;2223;0,076923076923076923076
1326;3116;0,076923076923076923076
1326;4281;0,076923076923076923076
1326;6213;0,076923076923076923076
1326;9424;0,076923076923076923076
1329;13496;1,000000000000000000000
1330;1121;1,000000000000000000000
1331;1337;1,000000000000000000000
1335;1326;1,000000000000000000000
1336;1333;0,500000000000000000000
1336;2153;0,500000000000000000000
1337;1328;1,000000000000000000000
1340;108;0,250000000000000000000
1340;1027;0,750000000000000000000
1342;845;0,500000000000000000000
1342;846;0,500000000000000000000
1348;179346;1,000000000000000000000
1364;42;0,083333333333333333333
1364;96;0,500000000000000000000
1364;983;0,083333333333333333333
1364;3246;0,166666666666666666666
1364;5628;0,166666666666666666666
1370;1129;0,500000000000000000000
1370;1174;0,500000000000000000000
1374;18585;1,000000000000000000000
1402;8213;1,000000000000000000000
1425;2877;1,000000000000000000000
1434;288;0,050000000000000000000
1434;568;0,050000000000000000000
1434;1082;0,050000000000000000000
1434;1083;0,050000000000000000000
1434;2778;0,050000000000000000000
1434;3212;0,050000000000000000000
1434;3968;0,050000000000000000000
1434;5037;0,050000000000000000000
1434;6461;0,050000000000000000000
1434;6991;0,200000000000000000000
1434;6992;0,200000000000000000000
1434;7701;0,050000000000000000000
1434;17677;0,050000000000000000000
1434;17678;0,050000000000000000000
1437;148;0,250000000000000000000
1437;420;0,250000000000000000000
1437;845;0,250000000000000000000
1437;192866;0,250000000000000000000
1439;1831;1,000000000000000000000
1447;3214;0,666666666666666666666
1447;4640;0,333333333333333333333
1454;1445;0,142857142857142857142
1454;1694;0,142857142857142857142
1454;2470;0,142857142857142857142
1454;3647;0,285714285714285714285
1454;6144;0,142857142857142857142
1454;11476;0,142857142857142857142
1455;289;1,000000000000000000000
1457;4639;0,600000000000000000000
1457;7209;0,400000000000000000000
1471;55041;1,000000000000000000000
1473;77;1,000000000000000000000
1487;909;0,833333333333333333333
1487;1228;0,166666666666666666666
1498;246;0,333333333333333333333
1498;839;0,333333333333333333333
1498;4472;0,333333333333333333333
1499;3872;0,500000000000000000000
1499;4592;0,500000000000000000000
1510;108;0,666666666666666666666
1510;18885;0,333333333333333333333
1513;1591;1,000000000000000000000
1521;349;1,000000000000000000000
1525;611;1,000000000000000000000
1526;708;1,000000000000000000000
1533;5006;1,000000000000000000000
1544;475;0,166666666666666666666
1544;859;0,333333333333333333333
1544;1065;0,166666666666666666666
1544;1979;0,166666666666666666666
1544;5003;0,166666666666666666666
1549;970;1,000000000000000000000
1554;1171;0,333333333333333333333
1554;2374;0,666666666666666666666
1556;3038;0,250000000000000000000
1556;3208;0,250000000000000000000
1556;3683;0,250000000000000000000
1556;5012;0,250000000000000000000
1561;1906;1,000000000000000000000
1562;1565;0,500000000000000000000
1562;4526;0,500000000000000000000
1565;1562;1,000000000000000000000
1566;2007;1,000000000000000000000
1567;27693;1,000000000000000000000
1574;442;0,500000000000000000000
1574;28752;0,500000000000000000000
1591;861;0,090909090909090909090
1591;1271;0,090909090909090909090
1591;1513;0,090909090909090909090
1591;1827;0,090909090909090909090
1591;2139;0,090909090909090909090
1591;2237;0,090909090909090909090
1591;2706;0,090909090909090909090
1591;3234;0,090909090909090909090
1591;3701;0,090909090909090909090
1591;3871;0,090909090909090909090
1591;7030;0,090909090909090909090
1597;420;1,000000000000000000000
1598;839;1,000000000000000000000
1606;5175;1,000000000000000000000
1608;21396;0,500000000000000000000
1608;245879;0,500000000000000000000
1612;979;1,000000000000000000000
1616;113;1,000000000000000000000
1625;2017;1,000000000000000000000
1629;1694;1,000000000000000000000
1632;752;1,000000000000000000000
1637;635;0,111111111111111111111
1637;1154;0,074074074074074074074
1637;1471;0,037037037037037037037
1637;2712;0,666666666666666666666
1637;337230;0,111111111111111111111
1639;626;0,200000000000000000000
1639;1154;0,200000000000000000000
1639;4098;0,200000000000000000000
1639;4598;0,200000000000000000000
1639;5304;0,200000000000000000000
1644;407;0,500000000000000000000
1644;3779;0,500000000000000000000
1657;3123;1,000000000000000000000
1663;551;1,000000000000000000000
1667;192;0,090909090909090909090
1667;964;0,090909090909090909090
1667;1326;0,181818181818181818181
1667;2271;0,272727272727272727272
1667;5632;0,090909090909090909090
1667;7759;0,272727272727272727272
1676;718;0,500000000000000000000
1676;5922;0,500000000000000000000
1681;733;0,250000000000000000000
1681;2923;0,250000000000000000000
1681;8212;0,250000000000000000000
1681;282900;0,250000000000000000000
1694;1454;0,400000000000000000000
1694;1629;0,200000000000000000000
1694;2196;0,400000000000000000000
1700;1064;0,500000000000000000000
1700;1608;0,500000000000000000000
1707;870;1,000000000000000000000
1717;839;0,500000000000000000000
1717;1598;0,500000000000000000000
1745;281;1,000000000000000000000
1751;27652;1,000000000000000000000
1754;39;0,033333333333333333333
1754;137;0,033333333333333333333
1754;309;0,033333333333333333333
1754;419;0,033333333333333333333
1754;475;0,033333333333333333333
1754;652;0,033333333333333333333
1754;882;0,033333333333333333333
1754;914;0,033333333333333333333
1754;956;0,033333333333333333333
1754;1459;0,033333333333333333333
1754;1663;0,033333333333333333333
1754;1708;0,033333333333333333333
1754;1948;0,033333333333333333333
1754;2133;0,033333333333333333333
1754;2188;0,033333333333333333333
1754;2269;0,033333333333333333333
1754;2296;0,033333333333333333333
1754;2433;0,033333333333333333333
1754;2844;0,033333333333333333333
1754;3299;0,033333333333333333333
1754;3436;0,033333333333333333333
1754;3694;0,033333333333333333333
1754;3705;0,033333333333333333333
1754;3829;0,033333333333333333333
1754;3891;0,033333333333333333333
1754;4699;0,033333333333333333333
1754;7630;0,033333333333333333333
1754;8225;0,033333333333333333333
1754;10338;0,066666666666666666666
1762;1637;0,500000000000000000000
1762;5168;0,500000000000000000000
1769;380;1,000000000000000000000
1778;1182;0,428571428571428571428
1778;5935;0,285714285714285714285
1778;7578;0,142857142857142857142
1778;8442;0,142857142857142857142
1785;4621;1,000000000000000000000
1814;2661;1,000000000000000000000
1831;1164;0,750000000000000000000
1831;4892;0,250000000000000000000
1838;1263;1,000000000000000000000
1839;551;1,000000000000000000000
1853;2731;0,250000000000000000000
1853;37814;0,250000000000000000000
1853;37815;0,500000000000000000000
1866;2149;0,166666666666666666666
1866;3033;0,166666666666666666666
1866;3800;0,166666666666666666666
1866;6320;0,166666666666666666666
1866;8156;0,166666666666666666666
1866;9399;0,166666666666666666666
1868;708;0,250000000000000000000
1868;1310;0,250000000000000000000
1868;5289;0,250000000000000000000
1868;13502;0,250000000000000000000
1873;96;1,000000000000000000000
1877;179;1,000000000000000000000
1889;678;1,000000000000000000000
1891;54;1,000000000000000000000
1894;945;1,000000000000000000000
1897;571;0,500000000000000000000
1897;877;0,125000000000000000000
1897;3548;0,125000000000000000000
1897;4829;0,125000000000000000000
1897;9723;0,125000000000000000000
1898;615;0,200000000000000000000
1898;1342;0,200000000000000000000
1898;4747;0,200000000000000000000
1898;24259;0,200000000000000000000
1898;163510;0,200000000000000000000
1902;5909;1,000000000000000000000
1912;1913;1,000000000000000000000
1913;739;0,058823529411764705882
1913;1569;0,058823529411764705882
1913;1903;0,117647058823529411764
1913;1912;0,117647058823529411764
1913;5960;0,058823529411764705882
1913;7630;0,058823529411764705882
1913;8873;0,058823529411764705882
1913;9941;0,058823529411764705882
1913;13809;0,058823529411764705882
1913;14266;0,058823529411764705882
1913;16873;0,117647058823529411764
1913;19707;0,058823529411764705882
1913;23228;0,058823529411764705882
1913;334473;0,058823529411764705882
1917;3503;1,000000000000000000000
1942;41776;1,000000000000000000000
1946;1996;0,333333333333333333333
1946;4510;0,333333333333333333333
1946;6433;0,333333333333333333333
1948;309;0,666666666666666666666
1948;4024;0,333333333333333333333
1967;1234;0,076923076923076923076
1967;2517;0,153846153846153846153
1967;3393;0,076923076923076923076
1967;4020;0,076923076923076923076
1967;6723;0,076923076923076923076
1967;8139;0,461538461538461538461
1967;84925;0,076923076923076923076
1974;420;1,000000000000000000000
1983;1156;0,500000000000000000000
1983;4098;0,500000000000000000000
1988;237;0,066666666666666666666
1988;287;0,133333333333333333333
1988;420;0,066666666666666666666
1988;747;0,200000000000000000000
1988;846;0,066666666666666666666
1988;1065;0,066666666666666666666
1988;1829;0,066666666666666666666
1988;3000;0,066666666666666666666
1988;4323;0,066666666666666666666
1988;4881;0,066666666666666666666
1988;6570;0,066666666666666666666
1988;6666;0,066666666666666666666
1991;2239;0,200000000000000000000
1991;3044;0,200000000000000000000
1991;3985;0,200000000000000000000
1991;4427;0,200000000000000000000
1991;4431;0,200000000000000000000
1997;22123;1,000000000000000000000
2007;208;0,100000000000000000000
2007;551;0,100000000000000000000
2007;1254;0,100000000000000000000
2007;1454;0,100000000000000000000
2007;1566;0,400000000000000000000
2007;3427;0,100000000000000000000
2007;12706;0,100000000000000000000
2008;1321;1,000000000000000000000
2017;2064;1,000000000000000000000
2021;399;0,125000000000000000000
2021;551;0,250000000000000000000
2021;1079;0,125000000000000000000
2021;2206;0,125000000000000000000
2021;4172;0,125000000000000000000
2021;5657;0,125000000000000000000
2021;7774;0,125000000000000000000
2027;4755;1,000000000000000000000
2043;14;1,000000000000000000000
2059;14;1,000000000000000000000
2064;65;0,200000000000000000000
2064;2017;0,200000000000000000000
2064;3736;0,400000000000000000000
2064;9395;0,200000000000000000000
2070;8143;1,000000000000000000000
2071;622;1,000000000000000000000
2080;826;1,000000000000000000000
2083;885;0,166666666666666666666
2083;1956;0,166666666666666666666
2083;3436;0,166666666666666666666
2083;7322;0,333333333333333333333
2083;15331;0,166666666666666666666
2111;1815;1,000000000000000000000
2127;945;1,000000000000000000000
2128;3563;1,000000000000000000000
2137;268;1,000000000000000000000
2139;615;0,666666666666666666666
2139;819;0,333333333333333333333
2146;1443;1,000000000000000000000
2147;65;0,016393442622950819672
2147;77;0,016393442622950819672
2147;190;0,016393442622950819672
2147;192;0,016393442622950819672
2147;373;0,016393442622950819672
2147;512;0,016393442622950819672
2147;521;0,016393442622950819672
2147;524;0,016393442622950819672
2147;526;0,016393442622950819672
2147;528;0,016393442622950819672
2147;621;0,016393442622950819672
2147;622;0,016393442622950819672
2147;700;0,016393442622950819672
2147;841;0,016393442622950819672
2147;877;0,016393442622950819672
2147;878;0,016393442622950819672
2147;883;0,016393442622950819672
2147;911;0,016393442622950819672
2147;1066;0,016393442622950819672
2147;1109;0,016393442622950819672
2147;1150;0,032786885245901639344
2147;1169;0,016393442622950819672
2147;1234;0,016393442622950819672
2147;1326;0,016393442622950819672
2147;1667;0,016393442622950819672
2147;2054;0,016393442622950819672
2147;2071;0,016393442622950819672
2147;2150;0,016393442622950819672
2147;2212;0,016393442622950819672
2147;2271;0,016393442622950819672
2147;2385;0,016393442622950819672
2147;2492;0,016393442622950819672
2147;2504;0,016393442622950819672
2147;2586;0,016393442622950819672
2147;2644;0,016393442622950819672
2147;2779;0,016393442622950819672
2147;3142;0,016393442622950819672
2147;3269;0,016393442622950819672
2147;3998;0,016393442622950819672
2147;4281;0,016393442622950819672
2147;4525;0,016393442622950819672
2147;4715;0,016393442622950819672
2147;5437;0,016393442622950819672
2147;5441;0,016393442622950819672
2147;5442;0,016393442622950819672
2147;5459;0,016393442622950819672
2147;5629;0,016393442622950819672
2147;5632;0,016393442622950819672
2147;6213;0,016393442622950819672
2147;6320;0,016393442622950819672
2147;6581;0,016393442622950819672
2147;7443;0,016393442622950819672
2147;7759;0,016393442622950819672
2147;8500;0,016393442622950819672
2147;8623;0,016393442622950819672
2147;9387;0,016393442622950819672
2147;9389;0,016393442622950819672
2147;9404;0,016393442622950819672
2147;9409;0,016393442622950819672
2147;9424;0,016393442622950819672
2153;1114;0,333333333333333333333
2153;1329;0,333333333333333333333
2153;1336;0,333333333333333333333
2156;970;1,000000000000000000000
2175;4020;0,200000000000000000000
2175;4145;0,200000000000000000000
2175;6236;0,400000000000000000000
2175;65998;0,200000000000000000000
2179;551;1,000000000000000000000
2195;2976;1,000000000000000000000
2196;1694;1,000000000000000000000
2198;23;0,500000000000000000000
2198;2335;0,166666666666666666666
2198;5061;0,333333333333333333333
2200;5493;1,000000000000000000000
2203;72;0,500000000000000000000
2203;3395;0,500000000000000000000
2204;3188;1,000000000000000000000
2215;9371;1,000000000000000000000
2216;5082;0,333333333333333333333
2216;7759;0,666666666666666666666
2218;306;1,000000000000000000000
2223;1326;0,500000000000000000000
2223;3158;0,500000000000000000000
2227;4372;1,000000000000000000000
2249;8666;1,000000000000000000000
2252;96;0,600000000000000000000
2252;615;0,200000000000000000000
2252;2139;0,200000000000000000000
2254;5753;1,000000000000000000000
2269;2291;1,000000000000000000000
2271;1667;1,000000000000000000000
2275;458;0,333333333333333333333
2275;1190;0,166666666666666666666
2275;2287;0,166666666666666666666
2275;6918;0,166666666666666666666
2275;189452;0,166666666666666666666
2277;116140;1,000000000000000000000
2287;2275;0,133333333333333333333
2287;6734;0,066666666666666666666
2287;6765;0,066666666666666666666
2287;10298;0,066666666666666666666
2287;16994;0,066666666666666666666
2287;25205;0,066666666666666666666
2287;25226;0,066666666666666666666
2287;25227;0,066666666666666666666
2287;25229;0,066666666666666666666
2287;25230;0,066666666666666666666
2287;27950;0,066666666666666666666
2287;48255;0,066666666666666666666
2287;112062;0,133333333333333333333
2293;96;0,166666666666666666666
2293;1141;0,166666666666666666666
2293;5628;0,666666666666666666666
2310;320;1,000000000000000000000
2322;545;1,000000000000000000000
2323;1197;0,500000000000000000000
2323;1933;0,166666666666666666666
2323;2343;0,333333333333333333333
2326;854;0,200000000000000000000
2326;990;0,400000000000000000000
2326;2450;0,400000000000000000000
2335;2198;0,500000000000000000000
2335;336063;0,500000000000000000000
2337;288;0,600000000000000000000
2337;4091;0,200000000000000000000
2337;113392;0,200000000000000000000
2343;1198;0,400000000000000000000
2343;2323;0,600000000000000000000
2352;3911;0,500000000000000000000
2352;8957;0,500000000000000000000
2355;4024;1,000000000000000000000
2364;779;1,000000000000000000000
2374;695;0,333333333333333333333
2374;1171;0,166666666666666666666
2374;4225;0,166666666666666666666
2374;8460;0,166666666666666666666
2374;10682;0,166666666666666666666
2379;2714;0,125000000000000000000
2379;3234;0,875000000000000000000
2383;266;0,500000000000000000000
2383;8648;0,500000000000000000000
2398;241;1,000000000000000000000
2416;8281;1,000000000000000000000
2422;240;1,000000000000000000000
2424;1042;1,000000000000000000000
2428;15207;1,000000000000000000000
2433;1082;1,000000000000000000000
2438;3304;1,000000000000000000000
2445;2099;0,333333333333333333333
2445;3802;0,666666666666666666666
2448;104;0,333333333333333333333
2448;768;0,333333333333333333333
2448;1598;0,333333333333333333333
2461;261;1,000000000000000000000
2464;615;0,500000000000000000000
2464;14151;0,500000000000000000000
2470;1064;0,076923076923076923076
2470;1454;0,230769230769230769230
2470;1691;0,076923076923076923076
2470;1766;0,076923076923076923076
2470;2890;0,076923076923076923076
2470;4518;0,076923076923076923076
2470;6072;0,076923076923076923076
2470;6634;0,076923076923076923076
2470;7146;0,076923076923076923076
2470;9694;0,153846153846153846153
2474;248;1,000000000000000000000
2479;3141;0,500000000000000000000
2479;3145;0,500000000000000000000
2487;89;0,500000000000000000000
2487;3123;0,500000000000000000000
2492;2150;1,000000000000000000000
2498;28118;1,000000000000000000000
2503;7759;1,000000000000000000000
2504;8143;0,500000000000000000000
2504;251584;0,500000000000000000000
2506;48255;1,000000000000000000000
2509;3230;1,000000000000000000000
2515;281170;1,000000000000000000000
2516;219;0,166666666666666666666
2516;876;0,166666666666666666666
2516;1893;0,166666666666666666666
2516;2518;0,166666666666666666666
2516;3515;0,333333333333333333333
2517;1967;1,000000000000000000000
2520;1459;1,000000000000000000000
2543;2091;0,333333333333333333333
2543;6723;0,333333333333333333333
2543;9510;0,333333333333333333333
2551;4621;1,000000000000000000000
2554;5092;1,000000000000000000000
2559;3859;1,000000000000000000000
2578;878;1,000000000000000000000
2591;1085;0,500000000000000000000
2591;4179;0,500000000000000000000
2596;527;1,000000000000000000000
2600;4892;1,000000000000000000000
2607;1563;0,500000000000000000000
2607;6413;0,500000000000000000000
2630;407;1,000000000000000000000
2652;5005;1,000000000000000000000
2655;1637;0,250000000000000000000
2655;3429;0,250000000000000000000
2655;4117;0,250000000000000000000
2655;4787;0,250000000000000000000
2661;85;0,032258064516129032258
2661;101;0,032258064516129032258
2661;249;0,032258064516129032258
2661;625;0,032258064516129032258
2661;678;0,032258064516129032258
2661;722;0,032258064516129032258
2661;912;0,064516129032258064516
2661;1814;0,193548387096774193548
2661;1889;0,064516129032258064516
2661;2087;0,032258064516129032258
2661;2474;0,032258064516129032258
2661;2523;0,032258064516129032258
2661;2713;0,032258064516129032258
2661;2716;0,032258064516129032258
2661;2741;0,032258064516129032258
2661;3871;0,064516129032258064516
2661;3873;0,032258064516129032258
2661;7116;0,032258064516129032258
2661;7160;0,096774193548387096774
2661;8095;0,032258064516129032258
2661;15586;0,032258064516129032258
2683;977;1,000000000000000000000
2684;763;0,076923076923076923076
2684;992;0,307692307692307692307
2684;1234;0,025641025641025641025
2684;1236;0,128205128205128205128
2684;1237;0,025641025641025641025
2684;1931;0,025641025641025641025
2684;2111;0,025641025641025641025
2684;21154;0,102564102564102564102
2684;115105;0,282051282051282051282
2697;749;0,200000000000000000000
2697;2786;0,800000000000000000000
2704;9468;1,000000000000000000000
2706;3045;1,000000000000000000000
2712;1637;0,904761904761904761904
2712;50959;0,095238095238095238095
2713;1889;0,285714285714285714285
2713;4821;0,428571428571428571428
2713;6347;0,285714285714285714285
2714;861;0,333333333333333333333
2714;1142;0,500000000000000000000
2714;2379;0,166666666666666666666
2716;267;1,000000000000000000000
2737;3142;0,333333333333333333333
2737;5530;0,666666666666666666666
2741;283;0,125000000000000000000
2741;972;0,500000000000000000000
2741;2847;0,125000000000000000000
2741;8489;0,125000000000000000000
2741;131383;0,125000000000000000000
2746;1180;1,000000000000000000000
2779;866;1,000000000000000000000
2786;965;0,272727272727272727272
2786;2147;0,090909090909090909090
2786;4147;0,090909090909090909090
2786;13795;0,545454545454545454545
2792;14733;0,500000000000000000000
2792;54440;0,500000000000000000000
2803;3123;0,888888888888888888888
2803;6523;0,111111111111111111111
2804;952;0,500000000000000000000
2804;3348;0,500000000000000000000
2825;54;0,022222222222222222222
2825;249;0,022222222222222222222
2825;396;0,022222222222222222222
2825;412;0,022222222222222222222
2825;454;0,022222222222222222222
2825;488;0,022222222222222222222
2825;520;0,022222222222222222222
2825;522;0,022222222222222222222
2825;528;0,022222222222222222222
2825;609;0,022222222222222222222
2825;644;0,022222222222222222222
2825;891;0,022222222222222222222
2825;990;0,022222222222222222222
2825;1064;0,022222222222222222222
2825;1104;0,022222222222222222222
2825;1122;0,022222222222222222222
2825;1154;0,022222222222222222222
2825;1234;0,022222222222222222222
2825;1314;0,022222222222222222222
2825;1705;0,022222222222222222222
2825;1996;0,022222222222222222222
2825;2129;0,022222222222222222222
2825;2184;0,022222222222222222222
2825;2191;0,022222222222222222222
2825;2293;0,022222222222222222222
2825;2678;0,022222222222222222222
2825;2826;0,022222222222222222222
2825;3045;0,022222222222222222222
2825;3096;0,022222222222222222222
2825;3098;0,022222222222222222222
2825;3100;0,022222222222222222222
2825;3292;0,022222222222222222222
2825;3802;0,022222222222222222222
2825;4435;0,022222222222222222222
2825;5441;0,022222222222222222222
2825;5800;0,022222222222222222222
2825;7866;0,022222222222222222222
2825;9718;0,022222222222222222222
2825;10941;0,022222222222222222222
2825;12441;0,022222222222222222222
2825;13158;0,022222222222222222222
2825;13472;0,022222222222222222222
2825;13583;0,022222222222222222222
2825;13584;0,022222222222222222222
2825;38738;0,022222222222222222222
2826;174;0,125000000000000000000
2826;2825;0,625000000000000000000
2826;3268;0,125000000000000000000
2826;21697;0,125000000000000000000
2830;242;1,000000000000000000000
2834;1589;1,000000000000000000000
2835;5449;1,000000000000000000000
2838;748;0,250000000000000000000
2838;885;0,500000000000000000000
2838;7080;0,250000000000000000000
2850;198;0,025641025641025641025
2850;306;0,025641025641025641025
2850;605;0,025641025641025641025
2850;727;0,025641025641025641025
2850;885;0,025641025641025641025
2850;899;0,025641025641025641025
2850;1210;0,025641025641025641025
2850;1307;0,025641025641025641025
2850;1585;0,025641025641025641025
2850;1843;0,025641025641025641025
2850;1864;0,025641025641025641025
2850;1956;0,025641025641025641025
2850;2117;0,025641025641025641025
2850;2198;0,025641025641025641025
2850;2704;0,025641025641025641025
2850;2851;0,025641025641025641025
2850;3235;0,025641025641025641025
2850;3763;0,025641025641025641025
2850;3911;0,128205128205128205128
2850;4004;0,025641025641025641025
2850;4179;0,025641025641025641025
2850;4257;0,025641025641025641025
2850;4355;0,025641025641025641025
2850;5089;0,025641025641025641025
2850;5329;0,025641025641025641025
2850;5493;0,025641025641025641025
2850;5521;0,025641025641025641025
2850;5528;0,025641025641025641025
2850;6406;0,025641025641025641025
2850;8199;0,025641025641025641025
2850;9360;0,025641025641025641025
2850;9468;0,025641025641025641025
2850;12112;0,025641025641025641025
2850;18070;0,025641025641025641025
2850;23932;0,025641025641025641025
2877;410;0,500000000000000000000
2877;414;0,500000000000000000000
2882;109;0,333333333333333333333
2882;658;0,666666666666666666666
2897;1092;0,666666666666666666666
2897;9814;0,333333333333333333333
2939;2919;1,000000000000000000000
2962;829;0,250000000000000000000
2962;1967;0,250000000000000000000
2962;2009;0,250000000000000000000
2962;84925;0,250000000000000000000
2976;2195;1,000000000000000000000
2991;1310;1,000000000000000000000
3022;1999;1,000000000000000000000
3033;975;0,250000000000000000000
3033;1556;0,250000000000000000000
3033;1866;0,250000000000000000000
3033;4292;0,250000000000000000000
3045;24;0,062500000000000000000
3045;96;0,187500000000000000000
3045;615;0,062500000000000000000
3045;861;0,062500000000000000000
3045;1570;0,062500000000000000000
3045;2139;0,062500000000000000000
3045;2706;0,125000000000000000000
3045;2714;0,187500000000000000000
3045;3871;0,062500000000000000000
3045;4991;0,062500000000000000000
3045;13646;0,062500000000000000000
3049;4697;0,333333333333333333333
3049;8957;0,666666666666666666666
3069;826;1,000000000000000000000
3095;41776;1,000000000000000000000
3096;885;1,000000000000000000000
3118;952;1,000000000000000000000
3122;5679;0,500000000000000000000
3122;65998;0,500000000000000000000
3123;71;0,040540540540540540540
3123;189;0,040540540540540540540
3123;309;0,040540540540540540540
3123;644;0,040540540540540540540
3123;846;0,013513513513513513513
3123;1022;0,040540540540540540540
3123;1152;0,040540540540540540540
3123;1276;0,040540540540540540540
3123;1948;0,013513513513513513513
3123;2414;0,040540540540540540540
3123;2487;0,027027027027027027027
3123;2736;0,067567567567567567567
3123;3098;0,040540540540540540540
3123;3141;0,054054054054054054054
3123;3996;0,040540540540540540540
3123;4159;0,040540540540540540540
3123;4501;0,040540540540540540540
3123;5136;0,040540540540540540540
3123;5306;0,040540540540540540540
3123;5338;0,040540540540540540540
3123;5659;0,040540540540540540540
3123;6496;0,040540540540540540540
3123;6515;0,040540540540540540540
3123;6517;0,040540540540540540540
3123;6522;0,040540540540540540540
3123;6523;0,013513513513513513513
3141;2479;0,071428571428571428571
3141;2736;0,285714285714285714285
3141;3123;0,071428571428571428571
3141;3142;0,357142857142857142857
3141;3145;0,071428571428571428571
3141;3268;0,071428571428571428571
3141;9393;0,071428571428571428571
3142;2737;0,333333333333333333333
3142;3141;0,333333333333333333333
3142;3414;0,222222222222222222222
3142;6189;0,111111111111111111111
3143;365;1,000000000000000000000
3146;11527;1,000000000000000000000
3158;2223;1,000000000000000000000
3169;35;0,333333333333333333333
3169;8441;0,333333333333333333333
3169;28397;0,333333333333333333333
3176;135566;1,000000000000000000000
3188;520;0,052631578947368421052
3188;1058;0,210526315789473684210
3188;1236;0,052631578947368421052
3188;2204;0,315789473684210526315
3188;4991;0,052631578947368421052
3188;4998;0,052631578947368421052
3188;5012;0,157894736842105263157
3188;98068;0,052631578947368421052
3188;248839;0,052631578947368421052
3212;609;1,000000000000000000000
3222;12159;1,000000000000000000000
3230;550;0,750000000000000000000
3230;2509;0,250000000000000000000
3233;899;1,000000000000000000000
3235;794;0,166666666666666666666
3235;839;0,166666666666666666666
3235;3802;0,166666666666666666666
3235;4892;0,333333333333333333333
3235;7866;0,166666666666666666666
3237;9720;1,000000000000000000000
3251;14323;1,000000000000000000000
3256;567;0,125000000000000000000
3256;846;0,375000000000000000000
3256;1589;0,125000000000000000000
3256;17248;0,125000000000000000000
3256;22123;0,250000000000000000000
3268;2826;0,250000000000000000000
3268;3141;0,500000000000000000000
3268;7759;0,250000000000000000000
3304;2438;0,666666666666666666666
3304;8276;0,333333333333333333333
3318;1510;0,500000000000000000000
3318;3417;0,500000000000000000000
3320;527;1,000000000000000000000
3340;1162;1,000000000000000000000
3345;3340;0,500000000000000000000
3345;9924;0,500000000000000000000
3359;1282;0,166666666666666666666
3359;1402;0,500000000000000000000
3359;1708;0,166666666666666666666
3359;2506;0,166666666666666666666
3362;1340;0,500000000000000000000
3362;10633;0,500000000000000000000
3383;196;1,000000000000000000000
3390;1180;0,333333333333333333333
3390;1556;0,333333333333333333333
3390;3905;0,333333333333333333333
3394;131;0,250000000000000000000
3394;1117;0,250000000000000000000
3394;5469;0,250000000000000000000
3394;59745;0,250000000000000000000
3399;3574;0,333333333333333333333
3399;4853;0,333333333333333333333
3399;9651;0,333333333333333333333
3414;3142;0,080000000000000000000
3414;4262;0,920000000000000000000
3417;420;1,000000000000000000000
3426;507;1,000000000000000000000
3427;174;0,100000000000000000000
3427;1064;0,300000000000000000000
3427;1169;0,050000000000000000000
3427;1454;0,050000000000000000000
3427;1563;0,050000000000000000000
3427;7030;0,100000000000000000000
3427;8212;0,100000000000000000000
3427;8213;0,100000000000000000000
3427;9215;0,100000000000000000000
3427;114536;0,050000000000000000000
3429;101;0,071428571428571428571
3429;279;0,357142857142857142857
3429;2655;0,071428571428571428571
3429;2706;0,142857142857142857142
3429;3045;0,071428571428571428571
3429;4613;0,071428571428571428571
3429;7116;0,071428571428571428571
3429;8095;0,071428571428571428571
3429;9258;0,071428571428571428571
3436;5177;1,000000000000000000000
3443;502;0,333333333333333333333
3443;1248;0,111111111111111111111
3443;2516;0,111111111111111111111
3443;3515;0,111111111111111111111
3443;3625;0,111111111111111111111
3443;25473;0,111111111111111111111
3443;27400;0,111111111111111111111
3450;9723;1,000000000000000000000
3458;576;0,500000000000000000000
3458;12572;0,500000000000000000000
3473;912;1,000000000000000000000
3476;28422;1,000000000000000000000
3485;615;0,333333333333333333333
3485;5042;0,666666666666666666666
3513;410;0,333333333333333333333
3513;414;0,333333333333333333333
3513;12563;0,333333333333333333333
3515;80;0,166666666666666666666
3515;502;0,333333333333333333333
3515;531;0,055555555555555555555
3515;876;0,222222222222222222222
3515;1131;0,055555555555555555555
3515;2516;0,055555555555555555555
3515;321395;0,111111111111111111111
3551;3189;0,333333333333333333333
3551;4877;0,333333333333333333333
3551;113392;0,333333333333333333333
3560;5125;1,000000000000000000000
3586;5012;1,000000000000000000000
3588;4219;0,666666666666666666666
3588;4835;0,333333333333333333333
3625;80;0,250000000000000000000
3625;3443;0,750000000000000000000
3647;1454;1,000000000000000000000
3685;558;0,166666666666666666666
3685;749;0,166666666666666666666
3685;2743;0,166666666666666666666
3685;5627;0,166666666666666666666
3685;8267;0,166666666666666666666
3685;8306;0,166666666666666666666
3701;1591;1,000000000000000000000
3705;2433;1,000000000000000000000
3736;1336;0,500000000000000000000
3736;2064;0,250000000000000000000
3736;7767;0,250000000000000000000
3747;404;1,000000000000000000000
3748;17603;1,000000000000000000000
3802;1143;0,250000000000000000000
3802;1939;0,250000000000000000000
3802;2445;0,250000000000000000000
3802;2825;0,250000000000000000000
3809;1018;0,500000000000000000000
3809;6991;0,250000000000000000000
3809;6992;0,250000000000000000000
3811;527;0,500000000000000000000
3811;4307;0,500000000000000000000
3852;4695;1,000000000000000000000
3864;343719;1,000000000000000000000
3871;861;0,333333333333333333333
3871;1591;0,333333333333333333333
3871;2661;0,333333333333333333333
3872;1142;0,500000000000000000000
3872;1499;0,500000000000000000000
3911;2352;0,333333333333333333333
3911;2850;0,666666666666666666666
3916;4750;1,000000000000000000000
3968;2433;1,000000000000000000000
3970;700;1,000000000000000000000
3980;4;0,086956521739130434782
3980;891;0,086956521739130434782
3980;1854;0,086956521739130434782
3980;2227;0,086956521739130434782
3980;4372;0,086956521739130434782
3980;4374;0,086956521739130434782
3980;4609;0,086956521739130434782
3980;7648;0,130434782608695652173
3980;11004;0,086956521739130434782
3980;19402;0,086956521739130434782
3980;21542;0,086956521739130434782
3985;829;0,500000000000000000000
3985;2578;0,500000000000000000000
3996;3123;0,333333333333333333333
3996;7597;0,666666666666666666666
3998;9392;1,000000000000000000000
4004;1307;1,000000000000000000000
4020;1316;0,142857142857142857142
4020;2175;0,142857142857142857142
4020;4998;0,142857142857142857142
4020;7577;0,142857142857142857142
4020;8163;0,142857142857142857142
4020;12816;0,142857142857142857142
4020;26980;0,142857142857142857142
4024;71;0,333333333333333333333
4024;1948;0,333333333333333333333
4024;2355;0,333333333333333333333
4031;119;0,666666666666666666666
4031;551;0,333333333333333333333
4041;54;1,000000000000000000000
4081;1965;0,333333333333333333333
4081;10175;0,666666666666666666666
4091;3551;0,500000000000000000000
4091;113392;0,500000000000000000000
4132;863;1,000000000000000000000
4145;2175;0,500000000000000000000
4145;7095;0,125000000000000000000
4145;65998;0,375000000000000000000
4146;77;0,032258064516129032258
4146;521;0,032258064516129032258
4146;528;0,032258064516129032258
4146;529;0,032258064516129032258
4146;1066;0,032258064516129032258
4146;1122;0,032258064516129032258
4146;1150;0,032258064516129032258
4146;1473;0,032258064516129032258
4146;1866;0,032258064516129032258
4146;1971;0,032258064516129032258
4146;2027;0,032258064516129032258
4146;2046;0,032258064516129032258
4146;2054;0,032258064516129032258
4146;2059;0,032258064516129032258
4146;2150;0,032258064516129032258
4146;2492;0,032258064516129032258
4146;3680;0,032258064516129032258
4146;4237;0,032258064516129032258
4146;5487;0,032258064516129032258
4146;5557;0,032258064516129032258
4146;6320;0,032258064516129032258
4146;8156;0,032258064516129032258
4146;8623;0,032258064516129032258
4146;9110;0,032258064516129032258
4146;9390;0,032258064516129032258
4146;9391;0,032258064516129032258
4146;9399;0,032258064516129032258
4146;9400;0,032258064516129032258
4146;9417;0,032258064516129032258
4146;9431;0,032258064516129032258
4146;18251;0,032258064516129032258
4147;2146;1,000000000000000000000
4148;447;1,000000000000000000000
4159;2512;1,000000000000000000000
4172;1462;0,500000000000000000000
4172;5212;0,500000000000000000000
4173;1025;1,000000000000000000000
4179;253;1,000000000000000000000
4187;101;0,500000000000000000000
4187;502;0,500000000000000000000
4215;36;0,250000000000000000000
4215;196;0,250000000000000000000
4215;1963;0,250000000000000000000
4215;3557;0,250000000000000000000
4225;2374;0,333333333333333333333
4225;3563;0,666666666666666666666
4229;642;1,000000000000000000000
4262;911;0,250000000000000000000
4262;3414;0,750000000000000000000
4268;468;0,100000000000000000000
4268;652;0,050000000000000000000
4268;1180;0,100000000000000000000
4268;1949;0,050000000000000000000
4268;1956;0,100000000000000000000
4268;3053;0,050000000000000000000
4268;3436;0,050000000000000000000
4268;3975;0,150000000000000000000
4268;5083;0,050000000000000000000
4268;5257;0,050000000000000000000
4268;6749;0,050000000000000000000
4268;7005;0,050000000000000000000
4268;7711;0,050000000000000000000
4268;10640;0,050000000000000000000
4268;22705;0,050000000000000000000
4281;1326;1,000000000000000000000
4299;494;0,500000000000000000000
4299;3836;0,500000000000000000000
4307;3256;0,500000000000000000000
4307;3811;0,500000000000000000000
4309;885;1,000000000000000000000
4313;11;0,250000000000000000000
4313;96;0,500000000000000000000
4313;245879;0,250000000000000000000
4345;527;1,000000000000000000000
4349;8281;0,666666666666666666666
4349;13054;0,333333333333333333333
4359;11;0,200000000000000000000
4359;1141;0,200000000000000000000
4359;1515;0,200000000000000000000
4359;2962;0,200000000000000000000
4359;6007;0,200000000000000000000
4376;2379;0,250000000000000000000
4376;6347;0,250000000000000000000
4376;7713;0,250000000000000000000
4376;131383;0,250000000000000000000
4421;6991;0,500000000000000000000
4421;6992;0,500000000000000000000
4430;1165;1,000000000000000000000
4431;1991;1,000000000000000000000
4432;839;1,000000000000000000000
4435;2825;1,000000000000000000000
4440;1597;1,000000000000000000000
4470;4425;0,333333333333333333333
4470;122436;0,666666666666666666666
4472;3836;1,000000000000000000000
4486;3532;1,000000000000000000000
4497;5484;1,000000000000000000000
4498;1127;1,000000000000000000000
4510;1946;1,000000000000000000000
4518;1064;0,500000000000000000000
4518;2470;0,500000000000000000000
4533;26746;1,000000000000000000000
4552;41;0,500000000000000000000
4552;1261;0,500000000000000000000
4561;1699;0,666666666666666666666
4561;4364;0,333333333333333333333
4576;306;0,200000000000000000000
4576;9707;0,400000000000000000000
4576;11734;0,400000000000000000000
4583;749;1,000000000000000000000
4592;1499;1,000000000000000000000
4621;1785;1,000000000000000000000
4627;983;1,000000000000000000000
4639;1457;0,750000000000000000000
4639;3694;0,250000000000000000000
4640;1447;1,000000000000000000000
4677;2697;1,000000000000000000000
4681;956;1,000000000000000000000
4686;1027;1,000000000000000000000
4692;6641;1,000000000000000000000
4695;4306;0,500000000000000000000
4695;6723;0,500000000000000000000
4713;251;1,000000000000000000000
4722;2464;1,000000000000000000000
4729;2;0,125000000000000000000
4729;89;0,125000000000000000000
4729;826;0,125000000000000000000
4729;1040;0,125000000000000000000
4729;2487;0,125000000000000000000
4729;2742;0,125000000000000000000
4729;3069;0,125000000000000000000
4729;5306;0,125000000000000000000
4747;10020;0,333333333333333333333
4747;245879;0,333333333333333333333
4747;329272;0,333333333333333333333
4748;14073;1,000000000000000000000
4777;846;1,000000000000000000000
4780;658;1,000000000000000000000
4821;983;0,500000000000000000000
4821;2713;0,500000000000000000000
4825;96;1,000000000000000000000
4852;6497;1,000000000000000000000
4885;3450;1,000000000000000000000
4988;517;1,000000000000000000000
5001;5012;1,000000000000000000000
5016;2499;0,500000000000000000000
5016;7275;0,500000000000000000000
5053;38;1,000000000000000000000
5061;2198;1,000000000000000000000
5071;306;0,045454545454545454545
5071;332;0,022727272727272727272
5071;452;0,181818181818181818181
5071;527;0,045454545454545454545
5071;819;0,022727272727272727272
5071;854;0,022727272727272727272
5071;1180;0,045454545454545454545
5071;1391;0,181818181818181818181
5071;1706;0,045454545454545454545
5071;1843;0,045454545454545454545
5071;1949;0,045454545454545454545
5071;4933;0,045454545454545454545
5071;5521;0,090909090909090909090
5071;8899;0,045454545454545454545
5071;12339;0,068181818181818181818
5071;12596;0,045454545454545454545
5092;2554;1,000000000000000000000
5093;527;1,000000000000000000000
5097;5519;1,000000000000000000000
5107;352;0,500000000000000000000
5107;4530;0,500000000000000000000
5125;3560;1,000000000000000000000
5142;267368;1,000000000000000000000
5149;54;0,021739130434782608695
5149;119;0,021739130434782608695
5149;322;0,021739130434782608695
5149;550;0,021739130434782608695
5149;657;0,021739130434782608695
5149;658;0,021739130434782608695
5149;689;0,021739130434782608695
5149;846;0,021739130434782608695
5149;1068;0,021739130434782608695
5149;1463;0,021739130434782608695
5149;1487;0,021739130434782608695
5149;1663;0,021739130434782608695
5149;1759;0,021739130434782608695
5149;1839;0,021739130434782608695
5149;2007;0,021739130434782608695
5149;2182;0,021739130434782608695
5149;2183;0,021739130434782608695
5149;2184;0,021739130434782608695
5149;2206;0,021739130434782608695
5149;2380;0,021739130434782608695
5149;2817;0,021739130434782608695
5149;3642;0,021739130434782608695
5149;3694;0,021739130434782608695
5149;4031;0,021739130434782608695
5149;4172;0,021739130434782608695
5149;4940;0,021739130434782608695
5149;5457;0,021739130434782608695
5149;5657;0,021739130434782608695
5149;5789;0,021739130434782608695
5149;5790;0,021739130434782608695
5149;6567;0,021739130434782608695
5149;7111;0,043478260869565217391
5149;7598;0,021739130434782608695
5149;7694;0,021739130434782608695
5149;9138;0,021739130434782608695
5149;9394;0,021739130434782608695
5149;9618;0,021739130434782608695
5149;12247;0,021739130434782608695
5149;14733;0,021739130434782608695
5149;15895;0,021739130434782608695
5149;20853;0,021739130434782608695
5149;21161;0,021739130434782608695
5149;28546;0,021739130434782608695
5149;179346;0,043478260869565217391
5168;1762;1,000000000000000000000
5174;10020;1,000000000000000000000
5180;119;1,000000000000000000000
5306;2487;0,500000000000000000000
5306;131383;0,500000000000000000000
5351;4281;1,000000000000000000000
5367;1121;1,000000000000000000000
5392;3842;1,000000000000000000000
5415;4831;1,000000000000000000000
5440;7866;1,000000000000000000000
5444;2779;1,000000000000000000000
5445;622;1,000000000000000000000
5449;2835;1,000000000000000000000
5464;3182;0,333333333333333333333
5464;4998;0,666666666666666666666
5469;1109;1,000000000000000000000
5487;1066;1,000000000000000000000
5519;5097;1,000000000000000000000
5521;718;0,111111111111111111111
5521;727;0,111111111111111111111
5521;1864;0,111111111111111111111
5521;2704;0,333333333333333333333
5521;4355;0,111111111111111111111
5521;5071;0,222222222222222222222
5523;747;1,000000000000000000000
5526;1162;1,000000000000000000000
5530;380;0,500000000000000000000
5530;2737;0,500000000000000000000
5536;1127;0,200000000000000000000
5536;4498;0,800000000000000000000
5543;7701;1,000000000000000000000
5564;1971;0,500000000000000000000
5564;6581;0,500000000000000000000
5610;1902;1,000000000000000000000
5613;2851;1,000000000000000000000
5624;1065;1,000000000000000000000
5626;407;0,500000000000000000000
5626;2585;0,500000000000000000000
5628;42;0,036363636363636363636
5628;96;0,054545454545454545454
5628;237;0,036363636363636363636
5628;249;0,036363636363636363636
5628;261;0,036363636363636363636
5628;1141;0,036363636363636363636
5628;1156;0,036363636363636363636
5628;1364;0,036363636363636363636
5628;1873;0,036363636363636363636
5628;1988;0,036363636363636363636
5628;2145;0,036363636363636363636
5628;2293;0,072727272727272727272
5628;2461;0,036363636363636363636
5628;3000;0,036363636363636363636
5628;3174;0,036363636363636363636
5628;3219;0,036363636363636363636
5628;3753;0,036363636363636363636
5628;3857;0,036363636363636363636
5628;4323;0,036363636363636363636
5628;4881;0,036363636363636363636
5628;4927;0,036363636363636363636
5628;5578;0,036363636363636363636
5628;6113;0,036363636363636363636
5628;9805;0,036363636363636363636
5628;11690;0,036363636363636363636
5628;17720;0,036363636363636363636
5632;9419;1,000000000000000000000
5635;3685;1,000000000000000000000
5666;240;0,030303030303030303030
5666;706;0,030303030303030303030
5666;793;0,090909090909090909090
5666;975;0,060606060606060606060
5666;1314;0,060606060606060606060
5666;1938;0,060606060606060606060
5666;2491;0,060606060606060606060
5666;3188;0,030303030303030303030
5666;3374;0,090909090909090909090
5666;4998;0,030303030303030303030
5666;5003;0,030303030303030303030
5666;5005;0,090909090909090909090
5666;5011;0,090909090909090909090
5666;5012;0,121212121212121212121
5666;5013;0,060606060606060606060
5666;5019;0,060606060606060606060
5691;977;0,500000000000000000000
5691;53012;0,500000000000000000000
5693;853;1,000000000000000000000
5776;310;1,000000000000000000000
5783;5700;1,000000000000000000000
5824;615;1,000000000000000000000
5852;7095;1,000000000000000000000
5861;615;1,000000000000000000000
5915;6694;1,000000000000000000000
5935;1171;0,250000000000000000000
5935;4225;0,500000000000000000000
5935;7578;0,250000000000000000000
6010;1162;1,000000000000000000000
6061;74;0,500000000000000000000
6061;17634;0,500000000000000000000
6144;1454;1,000000000000000000000
6219;419;1,000000000000000000000
6267;27557;1,000000000000000000000
6320;528;0,666666666666666666666
6320;1866;0,333333333333333333333
6347;250;0,333333333333333333333
6347;2713;0,333333333333333333333
6347;4376;0,333333333333333333333
6353;244;0,500000000000000000000
6353;6354;0,500000000000000000000
6413;2607;1,000000000000000000000
6430;391;1,000000000000000000000
6433;1946;1,000000000000000000000
6461;37;0,333333333333333333333
6461;568;0,500000000000000000000
6461;11656;0,166666666666666666666
6468;115;1,000000000000000000000
6483;3905;0,500000000000000000000
6483;4292;0,500000000000000000000
6505;1143;1,000000000000000000000
6511;5607;1,000000000000000000000
6523;2487;1,000000000000000000000
6543;972;1,000000000000000000000
6548;7759;1,000000000000000000000
6622;740;1,000000000000000000000
6634;27639;1,000000000000000000000
6641;4692;1,000000000000000000000
6694;5915;0,200000000000000000000
6694;8276;0,200000000000000000000
6694;9159;0,400000000000000000000
6694;343424;0,200000000000000000000
6701;5700;1,000000000000000000000
6723;9288;1,000000000000000000000
6765;1041;1,000000000000000000000
6788;306;1,000000000000000000000
6883;1171;0,333333333333333333333
6883;5005;0,333333333333333333333
6883;5013;0,333333333333333333333
6940;1565;1,000000000000000000000
6962;65;0,041666666666666666666
6962;71;0,041666666666666666666
6962;138;0,041666666666666666666
6962;194;0,041666666666666666666
6962;240;0,083333333333333333333
6962;452;0,041666666666666666666
6962;529;0,041666666666666666666
6962;826;0,083333333333333333333
6962;1724;0,041666666666666666666
6962;1925;0,041666666666666666666
6962;2554;0,041666666666666666666
6962;3607;0,041666666666666666666
6962;4533;0,041666666666666666666
6962;6213;0,041666666666666666666
6962;7160;0,041666666666666666666
6962;14907;0,041666666666666666666
6962;15586;0,041666666666666666666
6962;48255;0,041666666666666666666
6962;59745;0,083333333333333333333
6962;112062;0,083333333333333333333
6981;10020;1,000000000000000000000
7049;1583;1,000000000000000000000
7080;2048;0,666666666666666666666
7080;3815;0,333333333333333333333
7095;3197;0,333333333333333333333
7095;4145;0,333333333333333333333
7095;20414;0,333333333333333333333
7116;279;0,600000000000000000000
7116;2661;0,200000000000000000000
7116;3429;0,200000000000000000000
7130;96;0,250000000000000000000
7130;600;0,750000000000000000000
7135;12685;1,000000000000000000000
7160;1448;1,000000000000000000000
7209;1457;0,666666666666666666666
7209;9066;0,333333333333333333333
7221;9184;1,000000000000000000000
7322;2083;1,000000000000000000000
7543;152027;1,000000000000000000000
7546;2054;0,333333333333333333333
7546;3636;0,333333333333333333333
7546;5441;0,333333333333333333333
7574;184;0,500000000000000000000
7574;2630;0,500000000000000000000
7578;5935;1,000000000000000000000
7586;1419;1,000000000000000000000
7597;645;0,333333333333333333333
7597;3996;0,666666666666666666666
7626;3476;1,000000000000000000000
7630;149;0,333333333333333333333
7630;411;0,333333333333333333333
7630;731;0,333333333333333333333
7653;576;1,000000000000000000000
7701;5543;1,000000000000000000000
7713;63;0,016393442622950819672
7713;174;0,016393442622950819672
7713;277;0,032786885245901639344
7713;283;0,016393442622950819672
7713;288;0,016393442622950819672
7713;293;0,016393442622950819672
7713;296;0,016393442622950819672
7713;568;0,016393442622950819672
7713;622;0,016393442622950819672
7713;671;0,016393442622950819672
7713;865;0,016393442622950819672
7713;978;0,016393442622950819672
7713;1100;0,016393442622950819672
7713;1141;0,016393442622950819672
7713;1171;0,016393442622950819672
7713;1254;0,016393442622950819672
7713;1293;0,016393442622950819672
7713;1316;0,016393442622950819672
7713;1405;0,016393442622950819672
7713;1443;0,016393442622950819672
7713;1735;0,016393442622950819672
7713;2147;0,016393442622950819672
7713;2275;0,016393442622950819672
7713;2436;0,016393442622950819672
7713;2489;0,016393442622950819672
7713;2512;0,016393442622950819672
7713;2743;0,016393442622950819672
7713;2744;0,016393442622950819672
7713;2916;0,016393442622950819672
7713;3123;0,016393442622950819672
7713;3256;0,016393442622950819672
7713;3381;0,016393442622950819672
7713;3427;0,016393442622950819672
7713;3683;0,016393442622950819672
7713;4020;0,016393442622950819672
7713;4085;0,016393442622950819672
7713;4159;0,016393442622950819672
7713;4292;0,016393442622950819672
7713;4359;0,016393442622950819672
7713;5149;0,016393442622950819672
7713;5617;0,016393442622950819672
7713;5624;0,016393442622950819672
7713;7030;0,016393442622950819672
7713;8165;0,016393442622950819672
7713;8489;0,016393442622950819672
7713;8715;0,016393442622950819672
7713;8909;0,016393442622950819672
7713;8910;0,016393442622950819672
7713;9898;0,016393442622950819672
7713;12563;0,016393442622950819672
7713;12745;0,016393442622950819672
7713;17611;0,016393442622950819672
7713;26786;0,016393442622950819672
7713;27672;0,016393442622950819672
7713;28818;0,016393442622950819672
7713;28821;0,016393442622950819672
7713;119973;0,016393442622950819672
7713;189452;0,016393442622950819672
7713;190971;0,032786885245901639344
7738;10175;1,000000000000000000000
7756;7648;1,000000000000000000000
7759;529;0,058823529411764705882
7759;1667;0,117647058823529411764
7759;2216;0,117647058823529411764
7759;2271;0,117647058823529411764
7759;2503;0,117647058823529411764
7759;5632;0,117647058823529411764
7759;8623;0,117647058823529411764
7759;9389;0,117647058823529411764
7759;9399;0,117647058823529411764
7866;2825;0,500000000000000000000
7866;7132;0,500000000000000000000
7874;27700;1,000000000000000000000
7906;5125;1,000000000000000000000
7920;652;1,000000000000000000000
7968;8636;0,500000000000000000000
7968;10359;0,500000000000000000000
7975;419;0,222222222222222222222
7975;846;0,333333333333333333333
7975;12959;0,444444444444444444444
8050;2489;0,111111111111111111111
8050;3683;0,111111111111111111111
8050;5627;0,111111111111111111111
8050;15737;0,111111111111111111111
8050;24258;0,111111111111111111111
8050;27587;0,111111111111111111111
8050;28779;0,111111111111111111111
8050;28780;0,111111111111111111111
8050;28784;0,111111111111111111111
8056;191488;1,000000000000000000000
8090;151009;1,000000000000000000000
8095;1814;0,333333333333333333333
8095;2661;0,333333333333333333333
8095;3429;0,333333333333333333333
8106;1713;1,000000000000000000000
8109;7998;1,000000000000000000000
8139;1967;1,000000000000000000000
8143;2070;1,000000000000000000000
8156;1866;1,000000000000000000000
8164;1985;0,500000000000000000000
8164;9513;0,500000000000000000000
8212;1681;1,000000000000000000000
8268;4091;1,000000000000000000000
8276;1083;1,000000000000000000000
8281;59;0,200000000000000000000
8281;2416;0,200000000000000000000
8281;3862;0,200000000000000000000
8281;4349;0,200000000000000000000
8281;4749;0,200000000000000000000
8306;1514;1,000000000000000000000
8348;246;0,058823529411764705882
8348;545;0,058823529411764705882
8348;1197;0,058823529411764705882
8348;1497;0,058823529411764705882
8348;1824;0,058823529411764705882
8348;2323;0,058823529411764705882
8348;2337;0,058823529411764705882
8348;2343;0,058823529411764705882
8348;2372;0,058823529411764705882
8348;2678;0,058823529411764705882
8348;3360;0,058823529411764705882
8348;4091;0,058823529411764705882
8348;4657;0,058823529411764705882
8348;4728;0,058823529411764705882
8348;4794;0,058823529411764705882
8348;11014;0,058823529411764705882
8348;14652;0,058823529411764705882
8435;1171;1,000000000000000000000
8441;35;0,363636363636363636363
8441;643;0,090909090909090909090
8441;2648;0,090909090909090909090
8441;3169;0,090909090909090909090
8441;6929;0,090909090909090909090
8441;8459;0,181818181818181818181
8441;28397;0,090909090909090909090
8447;1171;1,000000000000000000000
8459;8441;1,000000000000000000000
8466;479;0,500000000000000000000
8466;1171;0,500000000000000000000
8489;293;0,142857142857142857142
8489;972;0,285714285714285714285
8489;2741;0,142857142857142857142
8489;2852;0,142857142857142857142
8489;4098;0,142857142857142857142
8489;5373;0,142857142857142857142
8566;2140;1,000000000000000000000
8590;46;0,500000000000000000000
8590;1282;0,500000000000000000000
8648;266;1,000000000000000000000
8723;13006;1,000000000000000000000
8762;5660;1,000000000000000000000
8827;255726;1,000000000000000000000
8899;452;0,500000000000000000000
8899;5071;0,250000000000000000000
8899;284855;0,250000000000000000000
8909;1162;1,000000000000000000000
8957;2352;1,000000000000000000000
8976;266;0,166666666666666666666
8976;8648;0,500000000000000000000
8976;13814;0,333333333333333333333
9098;1135;0,500000000000000000000
9098;8109;0,500000000000000000000
9110;2054;1,000000000000000000000
9159;1197;0,500000000000000000000
9159;6694;0,500000000000000000000
9208;7759;1,000000000000000000000
9230;4861;1,000000000000000000000
9350;170;0,250000000000000000000
9350;3262;0,250000000000000000000
9350;8856;0,250000000000000000000
9350;9665;0,250000000000000000000
9367;2659;0,750000000000000000000
9367;3251;0,250000000000000000000
9382;151009;1,000000000000000000000
9391;206;1,000000000000000000000
9395;2064;1,000000000000000000000
9399;7759;1,000000000000000000000
9434;12798;1,000000000000000000000
9483;1500;1,000000000000000000000
9506;551;1,000000000000000000000
9510;2543;1,000000000000000000000
9514;226;1,000000000000000000000
9542;2851;1,000000000000000000000
9651;1315;1,000000000000000000000
9694;2470;1,000000000000000000000
9707;1083;0,333333333333333333333
9707;4576;0,666666666666666666666
9720;1520;0,500000000000000000000
9720;3237;0,500000000000000000000
9721;1600;1,000000000000000000000
9722;1227;1,000000000000000000000
9723;1897;0,500000000000000000000
9723;3450;0,500000000000000000000
9725;1065;0,500000000000000000000
9725;3256;0,500000000000000000000
9807;4765;1,000000000000000000000
9898;740;0,250000000000000000000
9898;18398;0,250000000000000000000
9898;19328;0,500000000000000000000
10020;226;0,111111111111111111111
10020;251;0,222222222222222222222
10020;678;0,111111111111111111111
10020;724;0,111111111111111111111
10020;1591;0,222222222222222222222
10020;4747;0,111111111111111111111
10020;9258;0,111111111111111111111
10175;4081;0,500000000000000000000
10175;7738;0,500000000000000000000
10241;643;1,000000000000000000000
10338;1754;0,333333333333333333333
10338;1940;0,666666666666666666666
10649;90;1,000000000000000000000
10823;1493;1,000000000000000000000
10892;3251;1,000000000000000000000
11213;190;1,000000000000000000000
11377;615;1,000000000000000000000
11476;12026;1,000000000000000000000
11527;405;1,000000000000000000000
11656;2778;0,250000000000000000000
11656;3968;0,250000000000000000000
11656;6461;0,500000000000000000000
11734;189;0,777777777777777777777
11734;4576;0,222222222222222222222
12026;1567;0,500000000000000000000
12026;11476;0,500000000000000000000
12430;28538;1,000000000000000000000
12433;14269;1,000000000000000000000
12486;13496;1,000000000000000000000
12596;1180;1,000000000000000000000
12664;3408;1,000000000000000000000
12709;5212;1,000000000000000000000
12712;3601;1,000000000000000000000
12798;9434;1,000000000000000000000
12805;131383;1,000000000000000000000
12876;261;1,000000000000000000000
13006;8723;1,000000000000000000000
13265;777;1,000000000000000000000
13452;37;1,000000000000000000000
13482;24113;1,000000000000000000000
13769;21490;1,000000000000000000000
13795;2786;1,000000000000000000000
14151;96;0,083333333333333333333
14151;213;0,027777777777777777777
14151;251;0,083333333333333333333
14151;285;0,055555555555555555555
14151;626;0,027777777777777777777
14151;885;0,027777777777777777777
14151;1154;0,027777777777777777777
14151;1949;0,027777777777777777777
14151;2293;0,027777777777777777777
14151;2330;0,027777777777777777777
14151;3045;0,027777777777777777777
14151;3657;0,027777777777777777777
14151;3705;0,027777777777777777777
14151;4225;0,027777777777777777777
14151;4309;0,027777777777777777777
14151;4476;0,027777777777777777777
14151;4713;0,055555555555555555555
14151;5089;0,027777777777777777777
14151;5174;0,055555555555555555555
14151;6788;0,027777777777777777777
14151;9300;0,027777777777777777777
14151;9729;0,027777777777777777777
14151;17826;0,027777777777777777777
14151;24837;0,027777777777777777777
14151;27938;0,027777777777777777777
14151;76428;0,027777777777777777777
14151;83231;0,055555555555555555555
14151;173893;0,027777777777777777777
14269;12433;1,000000000000000000000
14323;284853;1,000000000000000000000
15207;1806;1,000000000000000000000
15302;2834;1,000000000000000000000
15586;992;0,500000000000000000000
15586;2661;0,500000000000000000000
15643;3685;1,000000000000000000000
15867;10860;1,000000000000000000000
15889;113392;1,000000000000000000000
16076;1004;1,000000000000000000000
16487;997;0,500000000000000000000
16487;255863;0,500000000000000000000
16815;4058;1,000000000000000000000
17267;7975;1,000000000000000000000
17269;418;0,071428571428571428571
17269;519;0,071428571428571428571
17269;865;0,142857142857142857142
17269;1135;0,071428571428571428571
17269;1140;0,071428571428571428571
17269;1340;0,071428571428571428571
17269;2004;0,071428571428571428571
17269;2467;0,071428571428571428571
17269;2877;0,071428571428571428571
17269;3465;0,071428571428571428571
17269;5591;0,071428571428571428571
17269;7095;0,071428571428571428571
17269;8223;0,071428571428571428571
17276;276780;1,000000000000000000000
17281;2467;1,000000000000000000000
17426;2274;1,000000000000000000000
17603;3748;1,000000000000000000000
17611;865;1,000000000000000000000
17678;28629;1,000000000000000000000
17826;1831;1,000000000000000000000
18247;4281;1,000000000000000000000
18258;5437;1,000000000000000000000
18300;1018;1,000000000000000000000
18517;3233;1,000000000000000000000
18641;1162;1,000000000000000000000
19199;796;1,000000000000000000000
20474;228;1,000000000000000000000
21096;7701;1,000000000000000000000
21154;763;0,166666666666666666666
21154;1235;0,166666666666666666666
21154;1236;0,166666666666666666666
21154;2111;0,166666666666666666666
21154;10188;0,333333333333333333333
21490;13769;1,000000000000000000000
21697;983;0,500000000000000000000
21697;2826;0,500000000000000000000
22123;3256;1,000000000000000000000
22211;2591;0,500000000000000000000
22211;9356;0,500000000000000000000
23646;8630;1,000000000000000000000
27173;1263;1,000000000000000000000
27539;7111;1,000000000000000000000
27557;6267;1,000000000000000000000
27645;4587;0,500000000000000000000
27645;27613;0,500000000000000000000
27700;7874;1,000000000000000000000
27763;5082;0,500000000000000000000
27763;5632;0,500000000000000000000
27950;2287;1,000000000000000000000
27974;3975;0,500000000000000000000
27974;13502;0,500000000000000000000
28195;8820;1,000000000000000000000
28397;35;0,500000000000000000000
28397;255863;0,500000000000000000000
28422;3476;1,000000000000000000000
28467;2799;1,000000000000000000000
28528;854;1,000000000000000000000
28615;920;0,500000000000000000000
28615;13452;0,500000000000000000000
28686;1286;1,000000000000000000000
28821;9356;1,000000000000000000000
28930;1898;0,046875000000000000000
28930;2743;0,046875000000000000000
28930;2786;0,046875000000000000000
28930;3256;0,031250000000000000000
28930;3420;0,046875000000000000000
28930;3685;0,046875000000000000000
28930;5136;0,046875000000000000000
28930;7717;0,046875000000000000000
28930;7975;0,046875000000000000000
28930;12959;0,046875000000000000000
28930;15737;0,046875000000000000000
28930;23759;0,046875000000000000000
28930;24259;0,046875000000000000000
28930;152027;0,406250000000000000000
28970;2817;1,000000000000000000000
29081;1967;1,000000000000000000000
37814;9356;0,666666666666666666666
37814;9668;0,333333333333333333333
37815;1853;0,500000000000000000000
37815;25264;0,500000000000000000000
41776;695;1,000000000000000000000
43844;5643;1,000000000000000000000
44336;1762;0,666666666666666666666
44336;276780;0,333333333333333333333
48255;115;0,166666666666666666666
48255;240;0,333333333333333333333
48255;2506;0,166666666666666666666
48255;6962;0,166666666666666666666
48255;112062;0,166666666666666666666
48826;424;1,000000000000000000000
48862;76428;1,000000000000000000000
50959;1065;0,500000000000000000000
50959;2712;0,250000000000000000000
50959;28821;0,250000000000000000000
54440;541;0,250000000000000000000
54440;1891;0,375000000000000000000
54440;2792;0,125000000000000000000
54440;4150;0,250000000000000000000
54879;17276;1,000000000000000000000
56282;12441;1,000000000000000000000
57838;1231;1,000000000000000000000
59745;43;0,181818181818181818181
59745;194;0,090909090909090909090
59745;240;0,090909090909090909090
59745;695;0,090909090909090909090
59745;826;0,090909090909090909090
59745;1169;0,454545454545454545454
59841;71;0,081967213114754098360
59841;283;0,016393442622950819672
59841;293;0,016393442622950819672
59841;296;0,016393442622950819672
59841;419;0,016393442622950819672
59841;602;0,081967213114754098360
59841;695;0,065573770491803278688
59841;943;0,032786885245901639344
59841;1065;0,016393442622950819672
59841;1066;0,016393442622950819672
59841;1142;0,016393442622950819672
59841;1169;0,081967213114754098360
59841;1563;0,016393442622950819672
59841;1657;0,016393442622950819672
59841;1696;0,016393442622950819672
59841;2083;0,016393442622950819672
59841;2697;0,032786885245901639344
59841;2731;0,032786885245901639344
59841;2863;0,016393442622950819672
59841;3256;0,016393442622950819672
59841;3427;0,016393442622950819672
59841;3683;0,016393442622950819672
59841;4874;0,016393442622950819672
59841;5149;0,016393442622950819672
59841;5338;0,016393442622950819672
59841;5789;0,016393442622950819672
59841;7030;0,032786885245901639344
59841;7975;0,016393442622950819672
59841;8268;0,016393442622950819672
59841;8715;0,032786885245901639344
59841;9721;0,016393442622950819672
59841;13502;0,016393442622950819672
59841;14481;0,016393442622950819672
59841;17549;0,016393442622950819672
59841;23562;0,016393442622950819672
59841;59745;0,098360655737704918032
65193;80;0,027777777777777777777
65193;452;0,083333333333333333333
65193;530;0,027777777777777777777
65193;668;0,027777777777777777777
65193;718;0,027777777777777777777
65193;754;0,027777777777777777777
65193;819;0,027777777777777777777
65193;876;0,055555555555555555555
65193;933;0,277777777777777777777
65193;1116;0,027777777777777777777
65193;1130;0,027777777777777777777
65193;1174;0,055555555555555555555
65193;1361;0,166666666666666666666
65193;1391;0,027777777777777777777
65193;1647;0,027777777777777777777
65193;1745;0,083333333333333333333
65998;4145;0,500000000000000000000
65998;66075;0,500000000000000000000
66075;48862;0,500000000000000000000
66075;65998;0,500000000000000000000
75827;213;0,076923076923076923076
75827;747;0,769230769230769230769
75827;30415;0,076923076923076923076
75827;76428;0,076923076923076923076
75828;325646;1,000000000000000000000
76428;748;0,333333333333333333333
76428;28517;0,333333333333333333333
76428;48862;0,333333333333333333333
77678;27763;1,000000000000000000000
84925;1545;0,333333333333333333333
84925;2962;0,333333333333333333333
84925;240182;0,333333333333333333333
89874;520;0,333333333333333333333
89874;3563;0,166666666666666666666
89874;4225;0,166666666666666666666
89874;5012;0,166666666666666666666
89874;160268;0,166666666666666666666
98068;3188;1,000000000000000000000
98841;529;0,333333333333333333333
98841;1118;0,333333333333333333333
98841;3802;0,333333333333333333333
112062;115;0,066666666666666666666
112062;240;0,266666666666666666666
112062;749;0,066666666666666666666
112062;826;0,333333333333333333333
112062;6962;0,066666666666666666666
112062;48255;0,200000000000000000000
113392;37;0,083333333333333333333
113392;131;0,083333333333333333333
113392;288;0,458333333333333333333
113392;296;0,083333333333333333333
113392;891;0,041666666666666666666
113392;1597;0,041666666666666666666
113392;3551;0,041666666666666666666
113392;8268;0,083333333333333333333
113392;8306;0,041666666666666666666
113392;15889;0,041666666666666666666
114536;934;0,500000000000000000000
114536;3427;0,500000000000000000000
116140;1117;0,750000000000000000000
116140;2277;0,250000000000000000000
122436;4470;1,000000000000000000000
129892;28118;1,000000000000000000000
131383;96;0,166666666666666666666
131383;277;0,166666666666666666666
131383;845;0,166666666666666666666
131383;2741;0,333333333333333333333
131383;5136;0,166666666666666666666
135566;882;0,333333333333333333333
135566;3176;0,333333333333333333333
135566;184987;0,333333333333333333333
136664;352;1,000000000000000000000
137801;96;1,000000000000000000000
139869;2131;1,000000000000000000000
156500;2008;1,000000000000000000000
159122;1967;1,000000000000000000000
160268;1182;1,000000000000000000000
163510;283;0,500000000000000000000
163510;245879;0,500000000000000000000
169356;2272;1,000000000000000000000
173893;1831;0,500000000000000000000
173893;4039;0,500000000000000000000
179346;1348;0,250000000000000000000
179346;3372;0,250000000000000000000
179346;5149;0,250000000000000000000
179346;9212;0,250000000000000000000
184646;3394;1,000000000000000000000
189452;2275;0,166666666666666666666
189452;7713;0,166666666666666666666
189452;59745;0,333333333333333333333
189452;190971;0,333333333333333333333
190971;7713;0,666666666666666666666
190971;189452;0,333333333333333333333
192866;71;0,066666666666666666666
192866;744;0,133333333333333333333
192866;845;0,733333333333333333333
192866;1437;0,066666666666666666666
238453;4293;1,000000000000000000000
239965;3082;1,000000000000000000000
240182;84925;1,000000000000000000000
242258;853;1,000000000000000000000
245879;283;0,250000000000000000000
245879;846;0,250000000000000000000
245879;1342;0,250000000000000000000
245879;1898;0,250000000000000000000
247698;853;1,000000000000000000000
248836;1171;1,000000000000000000000
248839;2435;0,500000000000000000000
248839;3188;0,500000000000000000000
251668;181;0,500000000000000000000
251668;9714;0,500000000000000000000
255726;8827;1,000000000000000000000
257158;28467;1,000000000000000000000
267368;5142;0,500000000000000000000
267368;14151;0,500000000000000000000
276780;10926;0,500000000000000000000
276780;17276;0,500000000000000000000
278351;1681;1,000000000000000000000
281170;2515;1,000000000000000000000
283633;9714;1,000000000000000000000
284853;14323;1,000000000000000000000
284855;1763;0,500000000000000000000
284855;8899;0,500000000000000000000
307900;1250;1,000000000000000000000
318787;44336;1,000000000000000000000
321395;502;0,230769230769230769230
321395;876;0,153846153846153846153
321395;1131;0,153846153846153846153
321395;3515;0,461538461538461538461
329272;4313;1,000000000000000000000
333184;2017;1,000000000000000000000
335189;115;0,500000000000000000000
335189;251782;0,500000000000000000000
336063;2335;1,000000000000000000000
336640;1637;1,000000000000000000000
343074;1149;0,500000000000000000000
343074;6543;0,500000000000000000000
343358;115;1,000000000000000000000
343424;6694;1,000000000000000000000
