7;3667;1,000000000000000000000
9;4148;1,000000000000000000000
48;9;0,250000000000000000000
48;4831;0,750000000000000000000
54;1116;0,285714285714285714285
54;1663;0,142857142857142857142
54;1891;0,142857142857142857142
54;2021;0,142857142857142857142
54;2131;0,142857142857142857142
54;7418;0,142857142857142857142
57;1948;1,000000000000000000000
65;194;0,083333333333333333333
65;622;0,083333333333333333333
65;669;0,083333333333333333333
65;1122;0,083333333333333333333
65;1754;0,083333333333333333333
65;2212;0,083333333333333333333
65;2504;0,083333333333333333333
65;6962;0,083333333333333333333
65;9395;0,166666666666666666666
65;333184;0,166666666666666666666
69;4436;1,000000000000000000000
71;100;0,117647058823529411764
71;194;0,029411764705882352941
71;628;0,088235294117647058823
71;644;0,029411764705882352941
71;695;0,117647058823529411764
71;1143;0,029411764705882352941
71;1940;0,029411764705882352941
71;1944;0,029411764705882352941
71;1948;0,029411764705882352941
71;2355;0,029411764705882352941
71;2731;0,088235294117647058823
71;3098;0,088235294117647058823
71;3996;0,029411764705882352941
71;4024;0,088235294117647058823
71;4512;0,029411764705882352941
71;59841;0,058823529411764705882
71;366089;0,058823529411764705882
71;906176;0,029411764705882352941
74;978;0,333333333333333333333
74;5616;0,333333333333333333333
74;6440;0,333333333333333333333
77;1717;1,000000000000000000000
80;531;0,500000000000000000000
80;668;0,500000000000000000000
96;1873;0,142857142857142857142
96;3601;0,142857142857142857142
96;3753;0,285714285714285714285
96;3857;0,285714285714285714285
96;281170;0,142857142857142857142
100;71;0,500000000000000000000
100;695;0,500000000000000000000
104;839;0,476190476190476190476
104;1498;0,380952380952380952380
104;4424;0,142857142857142857142
115;490;0,285714285714285714285
115;335189;0,142857142857142857142
115;343358;0,428571428571428571428
115;383630;0,142857142857142857142
119;2792;0,333333333333333333333
119;6316;0,333333333333333333333
119;27674;0,333333333333333333333
120;2200;1,000000000000000000000
127;190;0,142857142857142857142
127;289;0,142857142857142857142
127;526;0,142857142857142857142
127;2223;0,142857142857142857142
127;2826;0,142857142857142857142
127;3998;0,285714285714285714285
135;13;0,052631578947368421052
135;111;0,052631578947368421052
135;183;0,052631578947368421052
135;793;0,052631578947368421052
135;1117;0,052631578947368421052
135;1278;0,052631578947368421052
135;1864;0,210526315789473684210
135;2713;0,052631578947368421052
135;4173;0,052631578947368421052
135;5464;0,052631578947368421052
135;7160;0,052631578947368421052
135;8539;0,157894736842105263157
135;9722;0,052631578947368421052
135;665791;0,052631578947368421052
138;3100;0,500000000000000000000
138;59745;0,500000000000000000000
148;1681;0,500000000000000000000
148;2438;0,500000000000000000000
151;7586;1,000000000000000000000
155;2059;1,000000000000000000000
174;189452;1,000000000000000000000
183;135;0,125000000000000000000
183;1370;0,250000000000000000000
183;2111;0,250000000000000000000
183;3802;0,250000000000000000000
183;10188;0,125000000000000000000
184;7574;1,000000000000000000000
187;343074;1,000000000000000000000
190;127;1,000000000000000000000
192;5564;0,750000000000000000000
192;13360;0,250000000000000000000
194;39;0,029411764705882352941
194;65;0,029411764705882352941
194;472;0,029411764705882352941
194;628;0,088235294117647058823
194;748;0,029411764705882352941
194;1276;0,029411764705882352941
194;1286;0,029411764705882352941
194;1708;0,029411764705882352941
194;1754;0,176470588235294117647
194;1762;0,029411764705882352941
194;1939;0,029411764705882352941
194;1940;0,029411764705882352941
194;2021;0,029411764705882352941
194;2500;0,029411764705882352941
194;2561;0,029411764705882352941
194;2844;0,029411764705882352941
194;3359;0,029411764705882352941
194;4613;0,029411764705882352941
194;4991;0,029411764705882352941
194;7215;0,029411764705882352941
194;7630;0,029411764705882352941
194;59745;0,029411764705882352941
194;349041;0,058823529411764705882
194;366089;0,058823529411764705882
194;1080816;0,029411764705882352941
206;4070;0,500000000000000000000
206;9391;0,500000000000000000000
211;179;0,333333333333333333333
211;5089;0,666666666666666666666
213;1094;1,000000000000000000000
228;284853;1,000000000000000000000
229;398786;1,000000000000000000000
241;2398;0,500000000000000000000
241;3872;0,500000000000000000000
242;2736;0,800000000000000000000
242;5691;0,200000000000000000000
261;237;0,666666666666666666666
261;1364;0,333333333333333333333
263;131;0,750000000000000000000
263;846;0,250000000000000000000
265;1117102;1,000000000000000000000
266;1080;0,250000000000000000000
266;2383;0,250000000000000000000
266;3944;0,250000000000000000000
266;13814;0,250000000000000000000
273;428;1,000000000000000000000
279;2706;0,777777777777777777777
279;3429;0,111111111111111111111
279;7116;0,111111111111111111111
284;1281;1,000000000000000000000
287;2073;1,000000000000000000000
292;743909;1,000000000000000000000
296;113392;1,000000000000000000000
297;5679;1,000000000000000000000
299;6955;1,000000000000000000000
302;2083;0,250000000000000000000
302;157662;0,750000000000000000000
306;6788;1,000000000000000000000
310;8539;0,857142857142857142857
310;1135072;0,142857142857142857142
315;59;0,011363636363636363636
315;180;0,011363636363636363636
315;228;0,011363636363636363636
315;295;0,011363636363636363636
315;681;0,022727272727272727272
315;683;0,011363636363636363636
315;854;0,011363636363636363636
315;863;0,011363636363636363636
315;990;0,011363636363636363636
315;997;0,011363636363636363636
315;1100;0,011363636363636363636
315;1225;0,011363636363636363636
315;1243;0,011363636363636363636
315;1505;0,011363636363636363636
315;1725;0,011363636363636363636
315;2249;0,011363636363636363636
315;2326;0,011363636363636363636
315;2416;0,011363636363636363636
315;2482;0,011363636363636363636
315;2659;0,011363636363636363636
315;2865;0,011363636363636363636
315;3233;0,011363636363636363636
315;3250;0,011363636363636363636
315;3251;0,011363636363636363636
315;3292;0,011363636363636363636
315;3331;0,011363636363636363636
315;3370;0,011363636363636363636
315;3862;0,011363636363636363636
315;4089;0,011363636363636363636
315;4132;0,011363636363636363636
315;4247;0,011363636363636363636
315;4334;0,011363636363636363636
315;4349;0,011363636363636363636
315;4401;0,011363636363636363636
315;4749;0,011363636363636363636
315;4751;0,011363636363636363636
315;4874;0,011363636363636363636
315;5054;0,011363636363636363636
315;5163;0,011363636363636363636
315;5682;0,011363636363636363636
315;5693;0,011363636363636363636
315;5700;0,011363636363636363636
315;5783;0,011363636363636363636
315;6132;0,011363636363636363636
315;6267;0,011363636363636363636
315;6664;0,011363636363636363636
315;6792;0,011363636363636363636
315;6923;0,011363636363636363636
315;8009;0,011363636363636363636
315;8281;0,011363636363636363636
315;8666;0,011363636363636363636
315;8975;0,011363636363636363636
315;9088;0,011363636363636363636
315;9367;0,011363636363636363636
315;12339;0,011363636363636363636
315;12388;0,011363636363636363636
315;12428;0,011363636363636363636
315;12430;0,011363636363636363636
315;12435;0,011363636363636363636
315;12440;0,011363636363636363636
315;12443;0,011363636363636363636
315;12826;0,011363636363636363636
315;12964;0,011363636363636363636
315;13622;0,011363636363636363636
315;13623;0,011363636363636363636
315;14124;0,011363636363636363636
315;14125;0,011363636363636363636
315;14323;0,011363636363636363636
315;15726;0,011363636363636363636
315;15866;0,011363636363636363636
315;16649;0,011363636363636363636
315;16651;0,011363636363636363636
315;16659;0,011363636363636363636
315;16660;0,011363636363636363636
315;16664;0,011363636363636363636
315;16866;0,011363636363636363636
315;20474;0,011363636363636363636
315;21597;0,011363636363636363636
315;28516;0,011363636363636363636
315;28528;0,011363636363636363636
315;28533;0,011363636363636363636
315;28534;0,011363636363636363636
315;28535;0,011363636363636363636
315;28538;0,011363636363636363636
315;28549;0,011363636363636363636
315;28554;0,011363636363636363636
315;81950;0,011363636363636363636
318;317;1,000000000000000000000
324;1893;1,000000000000000000000
334;5464;1,000000000000000000000
341;742;1,000000000000000000000
347;3304;1,000000000000000000000
349;826;1,000000000000000000000
352;3007;1,000000000000000000000
359;689;1,000000000000000000000
379;2547;1,000000000000000000000
397;8461;1,000000000000000000000
407;458;0,500000000000000000000
407;5626;0,500000000000000000000
414;1727;1,000000000000000000000
418;1663;1,000000000000000000000
420;1142431;1,000000000000000000000
428;273;0,250000000000000000000
428;1589;0,250000000000000000000
428;3401;0,250000000000000000000
428;725179;0,250000000000000000000
441;423;0,100000000000000000000
441;849;0,100000000000000000000
441;1117;0,100000000000000000000
441;2364;0,100000000000000000000
441;3394;0,100000000000000000000
441;4344;0,100000000000000000000
441;4510;0,100000000000000000000
441;7135;0,100000000000000000000
441;116140;0,100000000000000000000
441;125861;0,100000000000000000000
453;469;0,200000000000000000000
453;839;0,200000000000000000000
453;979;0,400000000000000000000
453;13498;0,200000000000000000000
455;2175;1,000000000000000000000
468;667;1,000000000000000000000
469;468;1,000000000000000000000
479;360;0,083333333333333333333
479;4379;0,166666666666666666666
479;5013;0,083333333333333333333
479;8442;0,208333333333333333333
479;8473;0,416666666666666666666
479;317905;0,041666666666666666666
485;486;0,250000000000000000000
485;2310;0,250000000000000000000
485;2817;0,500000000000000000000
492;526;0,363636363636363636363
492;1321;0,181818181818181818181
492;3564;0,090909090909090909090
492;3675;0,090909090909090909090
492;4697;0,090909090909090909090
492;5753;0,181818181818181818181
496;466;1,000000000000000000000
498;3763;1,000000000000000000000
502;530;0,200000000000000000000
502;668;0,400000000000000000000
502;1248;0,400000000000000000000
519;3317;1,000000000000000000000
520;1171;0,142857142857142857142
520;1182;0,285714285714285714285
520;1778;0,142857142857142857142
520;3683;0,142857142857142857142
520;8442;0,285714285714285714285
521;528;0,111111111111111111111
521;966;0,111111111111111111111
521;1150;0,111111111111111111111
521;1866;0,222222222222222222222
521;3680;0,111111111111111111111
521;3800;0,111111111111111111111
521;6320;0,111111111111111111111
521;8156;0,111111111111111111111
524;3356;1,000000000000000000000
526;492;0,444444444444444444444
526;9396;0,333333333333333333333
526;9436;0,222222222222222222222
527;520;0,333333333333333333333
527;2596;0,333333333333333333333
527;22123;0,333333333333333333333
529;3523;1,000000000000000000000
538;65998;1,000000000000000000000
550;132;0,166666666666666666666
550;1462;0,500000000000000000000
550;3694;0,166666666666666666666
550;256804;0,166666666666666666666
573;3551;1,000000000000000000000
576;3458;0,500000000000000000000
576;3694;0,500000000000000000000
613;527;0,500000000000000000000
613;4307;0,500000000000000000000
615;281170;1,000000000000000000000
622;65;0,125000000000000000000
622;524;0,125000000000000000000
622;1066;0,125000000000000000000
622;1121;0,125000000000000000000
622;1122;0,125000000000000000000
622;5367;0,125000000000000000000
622;5632;0,125000000000000000000
622;9437;0,125000000000000000000
625;122;0,100000000000000000000
625;798;0,800000000000000000000
625;2302;0,100000000000000000000
628;71;0,090909090909090909090
628;194;0,272727272727272727272
628;567;0,272727272727272727272
628;689;0,090909090909090909090
628;1169;0,090909090909090909090
628;1234;0,090909090909090909090
628;349041;0,090909090909090909090
644;827;0,125000000000000000000
644;2355;0,125000000000000000000
644;2657;0,125000000000000000000
644;2736;0,125000000000000000000
644;3852;0,250000000000000000000
644;5440;0,250000000000000000000
645;2355;1,000000000000000000000
648;2380;1,000000000000000000000
662;3523;0,250000000000000000000
662;78108;0,625000000000000000000
662;366089;0,125000000000000000000
668;80;0,050000000000000000000
668;219;0,050000000000000000000
668;452;0,016666666666666666666
668;502;0,116666666666666666666
668;530;0,316666666666666666666
668;876;0,033333333333333333333
668;933;0,016666666666666666666
668;1131;0,116666666666666666666
668;1248;0,016666666666666666666
668;2436;0,016666666666666666666
668;3443;0,033333333333333333333
668;3515;0,083333333333333333333
668;3625;0,050000000000000000000
668;321395;0,016666666666666666666
668;507180;0,016666666666666666666
668;642255;0,033333333333333333333
668;665791;0,016666666666666666666
670;59745;1,000000000000000000000
678;11;0,285714285714285714285
678;980;0,714285714285714285714
689;359;0,333333333333333333333
689;846;0,333333333333333333333
689;1250;0,333333333333333333333
695;71;0,666666666666666666666
695;1169;0,333333333333333333333
700;1110539;1,000000000000000000000
713;407;0,153846153846153846153
713;458;0,307692307692307692307
713;5626;0,384615384615384615384
713;306994;0,076923076923076923076
713;381277;0,076923076923076923076
731;15471;0,666666666666666666666
731;282773;0,333333333333333333333
740;4583;1,000000000000000000000
744;845;0,750000000000000000000
744;846;0,250000000000000000000
747;213;0,250000000000000000000
747;748;0,250000000000000000000
747;5523;0,250000000000000000000
747;81648;0,250000000000000000000
748;747;0,666666666666666666666
748;325646;0,333333333333333333333
749;1121;0,090909090909090909090
749;1337;0,181818181818181818181
749;2054;0,181818181818181818181
749;2112;0,090909090909090909090
749;3420;0,090909090909090909090
749;3426;0,090909090909090909090
749;112062;0,181818181818181818181
749;1101851;0,090909090909090909090
752;1566;0,250000000000000000000
752;1632;0,250000000000000000000
752;2607;0,500000000000000000000
761;4293;0,333333333333333333333
761;248835;0,666666666666666666666
774;3829;1,000000000000000000000
777;1925;1,000000000000000000000
787;1710;0,500000000000000000000
787;3459;0,500000000000000000000
791;2254;1,000000000000000000000
794;1596;0,500000000000000000000
794;3802;0,500000000000000000000
817;351;0,666666666666666666666
817;1027;0,333333333333333333333
819;452;0,388888888888888888888
819;933;0,055555555555555555555
819;1130;0,111111111111111111111
819;1647;0,222222222222222222222
819;1892;0,166666666666666666666
819;642255;0,055555555555555555555
822;3675;1,000000000000000000000
827;2355;0,333333333333333333333
827;6509;0,333333333333333333333
827;59745;0,333333333333333333333
829;12;0,166666666666666666666
829;131;0,166666666666666666666
829;263;0,166666666666666666666
829;1988;0,166666666666666666666
829;2817;0,166666666666666666666
829;474028;0,166666666666666666666
837;1754;0,076923076923076923076
837;2697;0,076923076923076923076
837;1110539;0,846153846153846153846
839;104;0,769230769230769230769
839;268;0,076923076923076923076
839;4472;0,076923076923076923076
839;4772;0,076923076923076923076
844;360;0,400000000000000000000
844;1719;0,400000000000000000000
844;3802;0,100000000000000000000
844;59745;0,100000000000000000000
845;425;0,090909090909090909090
845;982;0,181818181818181818181
845;1041;0,181818181818181818181
845;1724;0,090909090909090909090
845;2834;0,090909090909090909090
845;131383;0,090909090909090909090
845;193005;0,090909090909090909090
845;623129;0,181818181818181818181
846;131;0,040000000000000000000
846;263;0,080000000000000000000
846;744;0,160000000000000000000
846;845;0,080000000000000000000
846;1437;0,120000000000000000000
846;1681;0,280000000000000000000
846;2396;0,040000000000000000000
846;2834;0,120000000000000000000
846;193005;0,040000000000000000000
846;474028;0,040000000000000000000
849;441;0,500000000000000000000
849;5647;0,500000000000000000000
850;1574;1,000000000000000000000
854;315;1,000000000000000000000
860;1873;1,000000000000000000000
861;3871;1,000000000000000000000
866;466;0,250000000000000000000
866;1286;0,250000000000000000000
866;5443;0,500000000000000000000
870;859;0,250000000000000000000
870;934;0,250000000000000000000
870;1699;0,250000000000000000000
870;3564;0,250000000000000000000
882;50332;1,000000000000000000000
911;4262;0,666666666666666666666
911;9624;0,333333333333333333333
925;2152;0,250000000000000000000
925;2204;0,250000000000000000000
925;6444;0,250000000000000000000
925;14978;0,250000000000000000000
933;819;0,750000000000000000000
933;507180;0,250000000000000000000
943;1979;1,000000000000000000000
945;5679;1,000000000000000000000
956;955;1,000000000000000000000
966;1897;1,000000000000000000000
970;1286;0,333333333333333333333
970;13265;0,333333333333333333333
970;587053;0,333333333333333333333
977;866;0,142857142857142857142
977;1625;0,142857142857142857142
977;5691;0,142857142857142857142
977;9158;0,285714285714285714285
977;27790;0,285714285714285714285
979;453;1,000000000000000000000
980;678;0,500000000000000000000
980;1235;0,166666666666666666666
980;3619;0,166666666666666666666
980;5719;0,166666666666666666666
982;623129;1,000000000000000000000
983;354;0,250000000000000000000
983;1169;0,250000000000000000000
983;2585;0,250000000000000000000
983;3857;0,250000000000000000000
984;59745;0,500000000000000000000
984;78108;0,500000000000000000000
990;3233;1,000000000000000000000
995;132;0,071428571428571428571
995;237;0,071428571428571428571
995;281;0,071428571428571428571
995;351;0,071428571428571428571
995;520;0,071428571428571428571
995;521;0,071428571428571428571
995;706;0,071428571428571428571
995;748;0,071428571428571428571
995;3523;0,142857142857142857142
995;4380;0,071428571428571428571
995;13504;0,071428571428571428571
995;71411;0,071428571428571428571
995;98841;0,071428571428571428571
997;5693;1,000000000000000000000
1010;3809;1,000000000000000000000
1018;13504;1,000000000000000000000
1024;1117;0,166666666666666666666
1024;5647;0,333333333333333333333
1024;17678;0,166666666666666666666
1024;959966;0,333333333333333333333
1034;1033;0,333333333333333333333
1034;2741;0,333333333333333333333
1034;8489;0,333333333333333333333
1041;845;0,312500000000000000000
1041;982;0,375000000000000000000
1041;623129;0,125000000000000000000
1041;767166;0,187500000000000000000
1058;859;0,200000000000000000000
1058;2204;0,600000000000000000000
1058;7626;0,200000000000000000000
1066;622;0,500000000000000000000
1066;5440;0,500000000000000000000
1069;214;0,142857142857142857142
1069;3161;0,142857142857142857142
1069;4621;0,142857142857142857142
1069;4627;0,142857142857142857142
1069;5168;0,142857142857142857142
1069;5177;0,142857142857142857142
1069;8003;0,142857142857142857142
1082;1581;1,000000000000000000000
1083;13141;1,000000000000000000000
1085;2591;0,250000000000000000000
1085;3610;0,250000000000000000000
1085;5616;0,250000000000000000000
1085;8756;0,250000000000000000000
1094;213;0,500000000000000000000
1094;38738;0,500000000000000000000
1109;192;0,066666666666666666666
1109;841;0,066666666666666666666
1109;1122;0,066666666666666666666
1109;2017;0,133333333333333333333
1109;2050;0,066666666666666666666
1109;2059;0,066666666666666666666
1109;2212;0,066666666666666666666
1109;2223;0,066666666666666666666
1109;2492;0,066666666666666666666
1109;2504;0,066666666666666666666
1109;5564;0,066666666666666666666
1109;7762;0,066666666666666666666
1109;9391;0,066666666666666666666
1109;9402;0,066666666666666666666
1117;71;0,117647058823529411764
1117;441;0,058823529411764705882
1117;1569;0,058823529411764705882
1117;2972;0,352941176470588235294
1117;3212;0,058823529411764705882
1117;8253;0,058823529411764705882
1117;116140;0,058823529411764705882
1117;474028;0,117647058823529411764
1117;704910;0,117647058823529411764
1118;1064740;1,000000000000000000000
1120;2704;1,000000000000000000000
1131;80;0,250000000000000000000
1131;668;0,625000000000000000000
1131;642255;0,125000000000000000000
1133;706;1,000000000000000000000
1141;2293;0,200000000000000000000
1141;3174;0,200000000000000000000
1141;3857;0,200000000000000000000
1141;4359;0,200000000000000000000
1141;5628;0,200000000000000000000
1143;71;1,000000000000000000000
1149;15643;1,000000000000000000000
1154;122;1,000000000000000000000
1160;1513;0,500000000000000000000
1160;3332;0,500000000000000000000
1169;100;0,078125000000000000000
1169;138;0,078125000000000000000
1169;628;0,015625000000000000000
1169;695;0,093750000000000000000
1169;1942;0,078125000000000000000
1169;1943;0,078125000000000000000
1169;1945;0,046875000000000000000
1169;4512;0,078125000000000000000
1169;8253;0,015625000000000000000
1169;59745;0,109375000000000000000
1169;98841;0,078125000000000000000
1169;131383;0,078125000000000000000
1169;366089;0,046875000000000000000
1169;408414;0,046875000000000000000
1169;1173768;0,078125000000000000000
1173;7411;0,333333333333333333333
1173;13360;0,333333333333333333333
1173;27708;0,333333333333333333333
1196;137;0,142857142857142857142
1196;783;0,142857142857142857142
1196;4059;0,571428571428571428571
1196;8225;0,142857142857142857142
1198;14652;1,000000000000000000000
1227;9722;1,000000000000000000000
1231;89;0,076923076923076923076
1231;2736;0,307692307692307692307
1231;3141;0,461538461538461538461
1231;4159;0,153846153846153846153
1234;911;0,100000000000000000000
1234;1263;0,200000000000000000000
1234;1277;0,500000000000000000000
1234;1340;0,100000000000000000000
1234;10020;0,100000000000000000000
1235;980;1,000000000000000000000
1250;360;0,500000000000000000000
1250;689;0,500000000000000000000
1254;458;0,333333333333333333333
1254;4744;0,333333333333333333333
1254;6130;0,333333333333333333333
1261;12;0,250000000000000000000
1261;160;0,250000000000000000000
1261;440;0,250000000000000000000
1261;1106;0,250000000000000000000
1277;113;0,166666666666666666666
1277;829;0,083333333333333333333
1277;1234;0,416666666666666666666
1277;1814;0,083333333333333333333
1277;3392;0,083333333333333333333
1277;3802;0,083333333333333333333
1277;10188;0,083333333333333333333
1278;135;0,333333333333333333333
1278;520;0,166666666666666666666
1278;1814;0,166666666666666666666
1278;3392;0,166666666666666666666
1278;7160;0,166666666666666666666
1282;24460;1,000000000000000000000
1286;111;0,500000000000000000000
1286;5148;0,500000000000000000000
1288;2371;0,500000000000000000000
1288;2372;0,500000000000000000000
1307;4004;1,000000000000000000000
1321;492;0,500000000000000000000
1321;5753;0,500000000000000000000
1322;863;1,000000000000000000000
1326;1337;1,000000000000000000000
1337;749;1,000000000000000000000
1340;351;1,000000000000000000000
1348;1068;1,000000000000000000000
1370;183;0,037037037037037037037
1370;281;0,111111111111111111111
1370;452;0,111111111111111111111
1370;754;0,037037037037037037037
1370;1116;0,407407407407407407407
1370;1391;0,111111111111111111111
1370;693032;0,074074074074074074074
1370;791903;0,111111111111111111111
1402;1705;1,000000000000000000000
1419;8623;1,000000000000000000000
1429;1439;1,000000000000000000000
1432;27674;1,000000000000000000000
1434;5037;1,000000000000000000000
1439;3436;0,250000000000000000000
1439;5177;0,625000000000000000000
1439;8473;0,125000000000000000000
1451;346;1,000000000000000000000
1453;7994;1,000000000000000000000
1457;2023;0,500000000000000000000
1457;2131;0,500000000000000000000
1462;550;0,200000000000000000000
1462;2206;0,200000000000000000000
1462;4041;0,200000000000000000000
1462;4150;0,200000000000000000000
1462;4172;0,200000000000000000000
1487;232;0,250000000000000000000
1487;909;0,750000000000000000000
1503;2559;0,285714285714285714285
1503;5526;0,285714285714285714285
1503;12936;0,428571428571428571428
1508;7281;1,000000000000000000000
1513;1160;0,250000000000000000000
1513;2990;0,125000000000000000000
1513;4350;0,125000000000000000000
1513;8630;0,125000000000000000000
1513;13253;0,125000000000000000000
1513;13671;0,250000000000000000000
1527;362;1,000000000000000000000
1544;859;0,041666666666666666666
1544;943;0,708333333333333333333
1544;1065;0,083333333333333333333
1544;2435;0,125000000000000000000
1544;5679;0,041666666666666666666
1554;1845;0,500000000000000000000
1554;2374;0,500000000000000000000
1556;5626;0,500000000000000000000
1556;8478;0,500000000000000000000
1560;2470;1,000000000000000000000
1565;1562;1,000000000000000000000
1570;1583;0,500000000000000000000
1570;2713;0,500000000000000000000
1574;131;0,333333333333333333333
1574;5647;0,666666666666666666666
1589;738;0,142857142857142857142
1589;750;0,142857142857142857142
1589;1897;0,142857142857142857142
1589;3791;0,142857142857142857142
1589;6788;0,142857142857142857142
1589;328526;0,142857142857142857142
1589;343358;0,142857142857142857142
1596;3741;0,200000000000000000000
1596;7574;0,200000000000000000000
1596;11235;0,600000000000000000000
1598;2239;1,000000000000000000000
1625;977;0,500000000000000000000
1625;7762;0,500000000000000000000
1629;1763;1,000000000000000000000
1632;752;0,500000000000000000000
1632;7994;0,500000000000000000000
1634;1596;1,000000000000000000000
1639;1662;0,250000000000000000000
1639;2375;0,250000000000000000000
1639;10109;0,500000000000000000000
1644;1278;0,500000000000000000000
1644;5640;0,500000000000000000000
1650;520;0,250000000000000000000
1650;3665;0,250000000000000000000
1650;13372;0,500000000000000000000
1663;199;0,400000000000000000000
1663;418;0,200000000000000000000
1663;454;0,200000000000000000000
1663;3135;0,200000000000000000000
1667;13265;1,000000000000000000000
1681;148;0,100000000000000000000
1681;277;0,050000000000000000000
1681;660;0,050000000000000000000
1681;744;0,100000000000000000000
1681;846;0,250000000000000000000
1681;1437;0,050000000000000000000
1681;1771;0,050000000000000000000
1681;2275;0,050000000000000000000
1681;2512;0,050000000000000000000
1681;2834;0,100000000000000000000
1681;3234;0,050000000000000000000
1681;12907;0,050000000000000000000
1681;131383;0,050000000000000000000
1692;136664;0,333333333333333333333
1692;1152828;0,666666666666666666666
1695;1173768;1,000000000000000000000
1699;2196;1,000000000000000000000
1700;2470;1,000000000000000000000
1703;7994;1,000000000000000000000
1705;12372;1,000000000000000000000
1710;787;1,000000000000000000000
1717;839;0,166666666666666666666
1717;4772;0,666666666666666666666
1717;728154;0,166666666666666666666
1727;414;0,500000000000000000000
1727;6000;0,500000000000000000000
1744;4240;1,000000000000000000000
1754;39;0,027777777777777777777
1754;65;0,027777777777777777777
1754;194;0,027777777777777777777
1754;379;0,027777777777777777777
1754;472;0,055555555555555555555
1754;748;0,027777777777777777777
1754;837;0,027777777777777777777
1754;1276;0,027777777777777777777
1754;1286;0,027777777777777777777
1754;1663;0,027777777777777777777
1754;1708;0,027777777777777777777
1754;1762;0,027777777777777777777
1754;1940;0,027777777777777777777
1754;2021;0,027777777777777777777
1754;2844;0,027777777777777777777
1754;4613;0,027777777777777777777
1754;4991;0,055555555555555555555
1754;7215;0,027777777777777777777
1754;7630;0,027777777777777777777
1754;8910;0,027777777777777777777
1754;393418;0,027777777777777777777
1754;1128679;0,361111111111111111111
1763;1629;0,333333333333333333333
1763;2825;0,333333333333333333333
1763;17426;0,333333333333333333333
1771;16497;0,666666666666666666666
1771;377520;0,333333333333333333333
1778;5935;1,000000000000000000000
1831;2786;1,000000000000000000000
1840;529797;1,000000000000000000000
1843;23930;1,000000000000000000000
1844;1897;1,000000000000000000000
1854;19402;1,000000000000000000000
1862;83;1,000000000000000000000
1864;135;0,500000000000000000000
1864;38738;0,500000000000000000000
1866;12;0,250000000000000000000
1866;13;0,250000000000000000000
1866;521;0,500000000000000000000
1873;96;0,500000000000000000000
1873;899;0,500000000000000000000
1889;2661;0,666666666666666666666
1889;7116;0,333333333333333333333
1893;324;1,000000000000000000000
1894;671;0,250000000000000000000
1894;7975;0,250000000000000000000
1894;8396;0,250000000000000000000
1894;119973;0,250000000000000000000
1897;528;0,111111111111111111111
1897;964;0,111111111111111111111
1897;966;0,222222222222222222222
1897;1140;0,111111111111111111111
1897;1844;0,111111111111111111111
1897;9110;0,111111111111111111111
1897;78108;0,222222222222222222222
1902;740;1,000000000000000000000
1912;1569;0,111111111111111111111
1912;1903;0,111111111111111111111
1912;1913;0,111111111111111111111
1912;12165;0,111111111111111111111
1912;13809;0,111111111111111111111
1912;19582;0,222222222222222222222
1912;23228;0,111111111111111111111
1912;28936;0,111111111111111111111
1931;2218;1,000000000000000000000
1940;628;0,500000000000000000000
1940;3680;0,166666666666666666666
1940;349041;0,333333333333333333333
1948;57;0,600000000000000000000
1948;2048;0,200000000000000000000
1948;2355;0,200000000000000000000
1988;829;0,040000000000000000000
1988;860;0,040000000000000000000
1988;2515;0,040000000000000000000
1988;3601;0,120000000000000000000
1988;4881;0,560000000000000000000
1988;13253;0,080000000000000000000
1988;370126;0,120000000000000000000
2004;488062;1,000000000000000000000
2015;2884;1,000000000000000000000
2017;1109;0,375000000000000000000
2017;2054;0,125000000000000000000
2017;8623;0,250000000000000000000
2017;8933;0,125000000000000000000
2017;13599;0,125000000000000000000
2021;550;0,500000000000000000000
2021;3694;0,500000000000000000000
2023;1457;1,000000000000000000000
2027;3356;1,000000000000000000000
2046;77;0,111111111111111111111
2046;1101;0,111111111111111111111
2046;1122;0,111111111111111111111
2046;5219;0,111111111111111111111
2046;5564;0,333333333333333333333
2046;6320;0,111111111111111111111
2046;6548;0,111111111111111111111
2050;1109;0,500000000000000000000
2050;5440;0,500000000000000000000
2070;5632;1,000000000000000000000
2080;12375;1,000000000000000000000
2083;302;1,000000000000000000000
2087;4988;1,000000000000000000000
2105;5037;1,000000000000000000000
2111;183;0,400000000000000000000
2111;1278;0,200000000000000000000
2111;1591;0,200000000000000000000
2111;2990;0,200000000000000000000
2129;3993;1,000000000000000000000
2130;3141;0,250000000000000000000
2130;4821;0,250000000000000000000
2130;27416;0,500000000000000000000
2131;54;0,333333333333333333333
2131;1457;0,666666666666666666666
2140;6000;1,000000000000000000000
2146;90;1,000000000000000000000
2175;4145;0,200000000000000000000
2175;8163;0,200000000000000000000
2175;65998;0,200000000000000000000
2175;66075;0,100000000000000000000
2175;715172;0,300000000000000000000
2196;149;0,500000000000000000000
2196;1692;0,500000000000000000000
2199;2288;1,000000000000000000000
2200;120;1,000000000000000000000
2204;1058;0,833333333333333333333
2204;5001;0,166666666666666666666
2218;1931;1,000000000000000000000
2223;3158;1,000000000000000000000
2239;1598;0,250000000000000000000
2239;1991;0,250000000000000000000
2239;3675;0,500000000000000000000
2254;791;1,000000000000000000000
2269;11;0,285714285714285714285
2269;237;0,142857142857142857142
2269;2742;0,142857142857142857142
2269;3246;0,142857142857142857142
2269;5042;0,142857142857142857142
2269;8539;0,142857142857142857142
2275;1042;0,250000000000000000000
2275;2425;0,250000000000000000000
2275;27478;0,500000000000000000000
2287;2421;0,500000000000000000000
2287;6765;0,500000000000000000000
2310;485;1,000000000000000000000
2337;8348;1,000000000000000000000
2349;2070;0,500000000000000000000
2349;9208;0,500000000000000000000
2350;393418;1,000000000000000000000
2355;644;0,062500000000000000000
2355;645;0,250000000000000000000
2355;827;0,062500000000000000000
2355;1948;0,250000000000000000000
2355;3098;0,250000000000000000000
2355;3123;0,062500000000000000000
2355;3399;0,062500000000000000000
2364;1117;0,333333333333333333333
2364;559679;0,333333333333333333333
2364;1080816;0,333333333333333333333
2372;2433;0,333333333333333333333
2372;3360;0,333333333333333333333
2372;4522;0,333333333333333333333
2374;1845;1,000000000000000000000
2380;648;1,000000000000000000000
2383;266;0,400000000000000000000
2383;3944;0,200000000000000000000
2383;13398;0,400000000000000000000
2390;4592;1,000000000000000000000
2398;241;0,200000000000000000000
2398;861;0,600000000000000000000
2398;9258;0,200000000000000000000
2414;1965;0,500000000000000000000
2414;5338;0,500000000000000000000
2418;526;1,000000000000000000000
2421;2287;1,000000000000000000000
2434;5440;1,000000000000000000000
2438;148;0,285714285714285714285
2438;1288;0,142857142857142857142
2438;2679;0,142857142857142857142
2438;3071;0,142857142857142857142
2438;3304;0,142857142857142857142
2438;6694;0,142857142857142857142
2445;3802;1,000000000000000000000
2461;229072;1,000000000000000000000
2467;3176;0,500000000000000000000
2467;184987;0,500000000000000000000
2470;21750;1,000000000000000000000
2479;3852;1,000000000000000000000
2481;1080816;1,000000000000000000000
2500;194;0,333333333333333333333
2500;1048958;0,333333333333333333333
2500;1080816;0,333333333333333333333
2503;383070;1,000000000000000000000
2511;1077888;1,000000000000000000000
2515;1988;0,400000000000000000000
2515;3601;0,200000000000000000000
2515;13253;0,200000000000000000000
2515;13671;0,200000000000000000000
2523;2716;0,166666666666666666666
2523;281170;0,833333333333333333333
2551;4621;1,000000000000000000000
2554;2555;0,800000000000000000000
2554;17607;0,200000000000000000000
2559;1503;0,500000000000000000000
2559;2594;0,500000000000000000000
2561;1048958;1,000000000000000000000
2578;3436;0,500000000000000000000
2578;9026;0,500000000000000000000
2585;983;1,000000000000000000000
2591;2559;1,000000000000000000000
2596;527;1,000000000000000000000
2607;752;1,000000000000000000000
2642;2396;0,666666666666666666666
2642;3905;0,333333333333333333333
2644;8623;1,000000000000000000000
2655;3429;1,000000000000000000000
2661;1889;0,500000000000000000000
2661;2714;0,166666666666666666666
2661;7160;0,333333333333333333333
2664;432293;1,000000000000000000000
2678;3618;0,333333333333333333333
2678;10860;0,333333333333333333333
2678;365536;0,333333333333333333333
2697;846;0,285714285714285714285
2697;1066;0,285714285714285714285
2697;2147;0,142857142857142857142
2697;5459;0,142857142857142857142
2697;533247;0,142857142857142857142
2706;279;0,800000000000000000000
2706;3045;0,200000000000000000000
2712;1439;1,000000000000000000000
2713;135;0,222222222222222222222
2713;1570;0,111111111111111111111
2713;1889;0,333333333333333333333
2713;6347;0,222222222222222222222
2713;343074;0,111111111111111111111
2714;2661;1,000000000000000000000
2716;100;0,250000000000000000000
2716;2523;0,750000000000000000000
2779;3714;1,000000000000000000000
2780;2779;1,000000000000000000000
2786;1831;1,000000000000000000000
2792;2184;0,500000000000000000000
2792;4244;0,500000000000000000000
2799;934;1,000000000000000000000
2803;16;0,012500000000000000000
2803;57;0,012500000000000000000
2803;71;0,012500000000000000000
2803;82;0,012500000000000000000
2803;89;0,012500000000000000000
2803;309;0,012500000000000000000
2803;369;0,012500000000000000000
2803;644;0,012500000000000000000
2803;645;0,012500000000000000000
2803;827;0,012500000000000000000
2803;835;0,012500000000000000000
2803;890;0,012500000000000000000
2803;1022;0,012500000000000000000
2803;1040;0,012500000000000000000
2803;1143;0,012500000000000000000
2803;1152;0,012500000000000000000
2803;1231;0,012500000000000000000
2803;1276;0,012500000000000000000
2803;1612;0,012500000000000000000
2803;1657;0,012500000000000000000
2803;1948;0,012500000000000000000
2803;2109;0,012500000000000000000
2803;2355;0,012500000000000000000
2803;2414;0,012500000000000000000
2803;2479;0,012500000000000000000
2803;2487;0,012500000000000000000
2803;2736;0,012500000000000000000
2803;2739;0,012500000000000000000
2803;2802;0,012500000000000000000
2803;3098;0,012500000000000000000
2803;3123;0,012500000000000000000
2803;3128;0,012500000000000000000
2803;3141;0,012500000000000000000
2803;3145;0,012500000000000000000
2803;3237;0,012500000000000000000
2803;3399;0,012500000000000000000
2803;3574;0,012500000000000000000
2803;3852;0,012500000000000000000
2803;3953;0,012500000000000000000
2803;3967;0,012500000000000000000
2803;3996;0,012500000000000000000
2803;4024;0,012500000000000000000
2803;4159;0,012500000000000000000
2803;4160;0,012500000000000000000
2803;4306;0,012500000000000000000
2803;4501;0,012500000000000000000
2803;4695;0,012500000000000000000
2803;4853;0,012500000000000000000
2803;5136;0,012500000000000000000
2803;5306;0,012500000000000000000
2803;5338;0,012500000000000000000
2803;5607;0,012500000000000000000
2803;6045;0,012500000000000000000
2803;6396;0,012500000000000000000
2803;6495;0,012500000000000000000
2803;6496;0,012500000000000000000
2803;6497;0,012500000000000000000
2803;6498;0,012500000000000000000
2803;6499;0,012500000000000000000
2803;6501;0,012500000000000000000
2803;6502;0,012500000000000000000
2803;6503;0,012500000000000000000
2803;6504;0,012500000000000000000
2803;6506;0,012500000000000000000
2803;6511;0,012500000000000000000
2803;6512;0,012500000000000000000
2803;6513;0,012500000000000000000
2803;6514;0,012500000000000000000
2803;6515;0,012500000000000000000
2803;6517;0,012500000000000000000
2803;6518;0,012500000000000000000
2803;6520;0,012500000000000000000
2803;6523;0,012500000000000000000
2803;6524;0,012500000000000000000
2803;6527;0,012500000000000000000
2803;7686;0,012500000000000000000
2803;8238;0,012500000000000000000
2803;93146;0,012500000000000000000
2803;140271;0,012500000000000000000
2803;743544;0,012500000000000000000
2823;3141;1,000000000000000000000
2826;127;0,666666666666666666666
2826;3268;0,333333333333333333333
2834;845;0,500000000000000000000
2834;846;0,500000000000000000000
2838;2489;0,500000000000000000000
2838;28780;0,500000000000000000000
2850;306;1,000000000000000000000
2884;2015;1,000000000000000000000
2890;4518;1,000000000000000000000
2893;5660;1,000000000000000000000
2897;428;1,000000000000000000000
2914;2948;1,000000000000000000000
2956;642;1,000000000000000000000
2972;1117;0,333333333333333333333
2972;1080816;0,666666666666666666666
2990;1513;1,000000000000000000000
3029;3557;0,600000000000000000000
3029;5464;0,400000000000000000000
3033;286660;1,000000000000000000000
3045;2706;0,666666666666666666666
3045;7116;0,333333333333333333333
3069;642;0,370370370370370370370
3069;1965;0,629629629629629629629
3098;71;0,500000000000000000000
3098;3141;0,500000000000000000000
3100;8827;1,000000000000000000000
3103;9258;1,000000000000000000000
3105;658;1,000000000000000000000
3141;309;0,055555555555555555555
3141;1231;0,500000000000000000000
3141;2130;0,111111111111111111111
3141;2823;0,111111111111111111111
3141;3098;0,055555555555555555555
3141;1107578;0,166666666666666666666
3142;6604;1,000000000000000000000
3143;703;0,166666666666666666666
3143;1280;0,166666666666666666666
3143;2362;0,166666666666666666666
3143;6800;0,166666666666666666666
3143;7416;0,166666666666666666666
3143;9194;0,166666666666666666666
3145;6045;1,000000000000000000000
3169;35;0,666666666666666666666
3169;4991;0,333333333333333333333
3189;602;1,000000000000000000000
3197;9960;1,000000000000000000000
3212;1117;1,000000000000000000000
3222;12159;1,000000000000000000000
3233;990;1,000000000000000000000
3245;2371;1,000000000000000000000
3265;1713;1,000000000000000000000
3294;1974;1,000000000000000000000
3296;5564;1,000000000000000000000
3304;347;1,000000000000000000000
3315;934;1,000000000000000000000
3340;3180;1,000000000000000000000
3344;7275;1,000000000000000000000
3356;524;0,714285714285714285714
3356;2027;0,285714285714285714285
3359;1402;1,000000000000000000000
3383;196;1,000000000000000000000
3393;122;0,666666666666666666666
3393;29081;0,333333333333333333333
3414;4262;0,950000000000000000000
3414;4491;0,050000000000000000000
3417;351;1,000000000000000000000
3426;749;0,500000000000000000000
3426;2112;0,500000000000000000000
3429;279;0,333333333333333333333
3429;2655;0,666666666666666666666
3443;876;1,000000000000000000000
3450;3260;0,500000000000000000000
3450;9019;0,500000000000000000000
3458;576;0,333333333333333333333
3458;3457;0,333333333333333333333
3458;12572;0,333333333333333333333
3475;1663;1,000000000000000000000
3485;5042;1,000000000000000000000
3515;668;0,833333333333333333333
3515;4173;0,166666666666666666666
3518;3212;1,000000000000000000000
3523;354;0,076923076923076923076
3523;2547;0,076923076923076923076
3523;15643;0,076923076923076923076
3523;59745;0,076923076923076923076
3523;78108;0,153846153846153846153
3523;98841;0,076923076923076923076
3523;906176;0,461538461538461538461
3551;100;0,166666666666666666666
3551;216;0,166666666666666666666
3551;573;0,500000000000000000000
3551;5470;0,166666666666666666666
3587;1938;1,000000000000000000000
3591;9381;0,500000000000000000000
3591;9418;0,500000000000000000000
3601;96;1,000000000000000000000
3618;2678;1,000000000000000000000
3657;5657;1,000000000000000000000
3665;362;0,250000000000000000000
3665;1650;0,250000000000000000000
3665;5484;0,250000000000000000000
3665;5886;0,250000000000000000000
3675;492;0,333333333333333333333
3675;822;0,333333333333333333333
3675;2239;0,333333333333333333333
3680;521;1,000000000000000000000
3685;5627;0,250000000000000000000
3685;8267;0,250000000000000000000
3685;8306;0,250000000000000000000
3685;15643;0,250000000000000000000
3714;2779;1,000000000000000000000
3738;761;1,000000000000000000000
3753;5578;1,000000000000000000000
3766;749;1,000000000000000000000
3779;458;1,000000000000000000000
3800;521;1,000000000000000000000
3802;794;0,200000000000000000000
3802;1277;0,200000000000000000000
3802;2445;0,200000000000000000000
3802;59745;0,400000000000000000000
3809;1010;0,125000000000000000000
3809;2001;0,125000000000000000000
3809;13504;0,750000000000000000000
3811;7741;1,000000000000000000000
3842;5037;0,500000000000000000000
3842;6433;0,333333333333333333333
3842;56282;0,166666666666666666666
3852;644;0,666666666666666666666
3852;2479;0,333333333333333333333
3857;96;0,200000000000000000000
3857;1873;0,200000000000000000000
3857;3753;0,200000000000000000000
3857;659899;0,400000000000000000000
3891;360;0,333333333333333333333
3891;1719;0,666666666666666666666
3911;306;1,000000000000000000000
3944;266;0,666666666666666666666
3944;2383;0,333333333333333333333
3971;1487;0,500000000000000000000
3971;408414;0,500000000000000000000
3983;2054;1,000000000000000000000
3996;71;1,000000000000000000000
3999;17269;1,000000000000000000000
4021;275;0,500000000000000000000
4021;403266;0,500000000000000000000
4024;71;1,000000000000000000000
4031;3091;1,000000000000000000000
4059;1196;0,750000000000000000000
4059;5005;0,250000000000000000000
4070;985164;1,000000000000000000000
4081;1965;1,000000000000000000000
4117;1520;1,000000000000000000000
4148;9;0,200000000000000000000
4148;48;0,200000000000000000000
4148;2731;0,400000000000000000000
4148;59841;0,200000000000000000000
4159;1231;0,333333333333333333333
4159;8238;0,666666666666666666666
4173;531;0,333333333333333333333
4173;754;0,666666666666666666666
4179;12936;1,000000000000000000000
4225;761;0,250000000000000000000
4225;1650;0,125000000000000000000
4225;6048;0,125000000000000000000
4225;8156;0,375000000000000000000
4225;8440;0,125000000000000000000
4244;2792;1,000000000000000000000
4257;23;1,000000000000000000000
4262;911;0,014084507042253521126
4262;3414;0,957746478873239436619
4262;4491;0,014084507042253521126
4262;5167;0,014084507042253521126
4269;115;0,500000000000000000000
4269;8818;0,500000000000000000000
4280;4281;0,250000000000000000000
4280;5351;0,250000000000000000000
4280;6581;0,250000000000000000000
4280;18247;0,250000000000000000000
4306;2739;1,000000000000000000000
4307;527;0,400000000000000000000
4307;613;0,200000000000000000000
4307;2596;0,200000000000000000000
4307;4345;0,200000000000000000000
4317;1048958;1,000000000000000000000
4345;4307;1,000000000000000000000
4355;306;0,285714285714285714285
4355;1843;0,428571428571428571428
4355;5613;0,285714285714285714285
4359;11;0,200000000000000000000
4359;1141;0,200000000000000000000
4359;8489;0,200000000000000000000
4359;1173953;0,400000000000000000000
4377;652;1,000000000000000000000
4436;69;1,000000000000000000000
4462;1717;0,333333333333333333333
4462;4432;0,333333333333333333333
4462;4463;0,333333333333333333333
4472;839;1,000000000000000000000
4498;5536;1,000000000000000000000
4518;2890;0,500000000000000000000
4518;6072;0,500000000000000000000
4522;2372;0,333333333333333333333
4522;2544;0,666666666666666666666
4526;2195;1,000000000000000000000
4552;41;0,500000000000000000000
4552;1261;0,500000000000000000000
4553;1154;0,250000000000000000000
4553;2302;0,250000000000000000000
4553;6666;0,250000000000000000000
4553;443599;0,250000000000000000000
4592;2390;0,600000000000000000000
4592;5013;0,200000000000000000000
4592;10020;0,200000000000000000000
4621;275;0,500000000000000000000
4621;5177;0,500000000000000000000
4627;1069;1,000000000000000000000
4639;3499;1,000000000000000000000
4686;1135;0,500000000000000000000
4686;1764;0,500000000000000000000
4748;8633;1,000000000000000000000
4755;6234;1,000000000000000000000
4772;649;0,142857142857142857142
4772;772;0,142857142857142857142
4772;839;0,142857142857142857142
4772;1717;0,571428571428571428571
4876;4877;0,333333333333333333333
4876;368117;0,666666666666666666666
4877;4876;0,333333333333333333333
4877;5635;0,666666666666666666666
4885;8648;1,000000000000000000000
5001;2204;1,000000000000000000000
5003;3683;1,000000000000000000000
5071;1391;1,000000000000000000000
5089;211;0,714285714285714285714
5089;4355;0,142857142857142857142
5089;4780;0,142857142857142857142
5167;2052;0,666666666666666666666
5167;3781;0,333333333333333333333
5168;1069;1,000000000000000000000
5177;3436;0,333333333333333333333
5177;4621;0,666666666666666666666
5214;355594;1,000000000000000000000
5219;1101;0,333333333333333333333
5219;5564;0,333333333333333333333
5219;9418;0,333333333333333333333
5309;9905;1,000000000000000000000
5437;18258;1,000000000000000000000
5440;644;0,142857142857142857142
5440;1109;0,285714285714285714285
5440;2050;0,285714285714285714285
5440;2434;0,285714285714285714285
5443;866;1,000000000000000000000
5449;5042;1,000000000000000000000
5464;507;0,125000000000000000000
5464;3029;0,250000000000000000000
5464;3129;0,250000000000000000000
5464;3182;0,250000000000000000000
5464;14978;0,125000000000000000000
5506;5915;1,000000000000000000000
5519;5922;1,000000000000000000000
5526;1503;1,000000000000000000000
5530;9396;1,000000000000000000000
5543;4538;0,142857142857142857142
5543;7131;0,571428571428571428571
5543;9905;0,285714285714285714285
5564;192;0,307692307692307692307
5564;887;0,076923076923076923076
5564;1101;0,076923076923076923076
5564;1109;0,076923076923076923076
5564;2046;0,153846153846153846153
5564;3296;0,153846153846153846153
5564;5214;0,076923076923076923076
5564;5219;0,076923076923076923076
5578;3753;1,000000000000000000000
5603;266;0,333333333333333333333
5603;4307;0,666666666666666666666
5613;2851;0,800000000000000000000
5613;4355;0,200000000000000000000
5616;1085;0,500000000000000000000
5616;28130;0,500000000000000000000
5617;2137;0,333333333333333333333
5617;5679;0,333333333333333333333
5617;40028;0,333333333333333333333
5626;249;0,066666666666666666666
5626;407;0,066666666666666666666
5626;458;0,133333333333333333333
5626;713;0,066666666666666666666
5626;975;0,066666666666666666666
5626;1085;0,066666666666666666666
5626;1180;0,066666666666666666666
5626;1556;0,066666666666666666666
5626;3829;0,066666666666666666666
5626;4877;0,066666666666666666666
5626;6006;0,066666666666666666666
5626;8223;0,066666666666666666666
5626;8445;0,066666666666666666666
5626;9940;0,066666666666666666666
5632;9419;1,000000000000000000000
5638;653116;1,000000000000000000000
5651;2491;1,000000000000000000000
5691;242;0,500000000000000000000
5691;9414;0,500000000000000000000
5753;492;0,500000000000000000000
5753;1187;0,500000000000000000000
5861;4513;1,000000000000000000000
5886;3665;1,000000000000000000000
5892;3241;0,333333333333333333333
5892;6581;0,333333333333333333333
5892;8723;0,333333333333333333333
5915;5506;1,000000000000000000000
5922;5519;1,000000000000000000000
6000;2140;1,000000000000000000000
6045;3145;0,500000000000000000000
6045;3996;0,500000000000000000000
6048;793;1,000000000000000000000
6169;1938;1,000000000000000000000
6189;749;0,461538461538461538461
6189;4225;0,076923076923076923076
6189;8460;0,076923076923076923076
6189;9395;0,153846153846153846153
6189;10649;0,230769230769230769230
6213;90;0,166666666666666666666
6213;10649;0,666666666666666666666
6213;57838;0,166666666666666666666
6320;77;0,333333333333333333333
6320;1122;0,666666666666666666666
6347;250;0,600000000000000000000
6347;2713;0,400000000000000000000
6503;1263;0,500000000000000000000
6503;3141;0,500000000000000000000
6509;2736;1,000000000000000000000
6518;6509;1,000000000000000000000
6543;771;1,000000000000000000000
6581;4280;0,250000000000000000000
6581;20969;0,750000000000000000000
6630;2419;0,500000000000000000000
6630;6068;0,500000000000000000000
6635;1504;1,000000000000000000000
6666;1988;0,500000000000000000000
6666;4553;0,500000000000000000000
6723;157551;1,000000000000000000000
6734;25205;1,000000000000000000000
6765;2287;1,000000000000000000000
6773;681;1,000000000000000000000
6788;306;1,000000000000000000000
6929;3169;1,000000000000000000000
6940;20915;1,000000000000000000000
6955;299;1,000000000000000000000
6962;826;0,142857142857142857142
6962;112062;0,571428571428571428571
6962;408414;0,285714285714285714285
7049;1570;0,200000000000000000000
7049;1583;0,400000000000000000000
7049;10020;0,200000000000000000000
7049;12907;0,200000000000000000000
7116;279;0,250000000000000000000
7116;1889;0,500000000000000000000
7116;3045;0,250000000000000000000
7131;5543;0,750000000000000000000
7131;9905;0,250000000000000000000
7160;135;0,090909090909090909090
7160;2661;0,363636363636363636363
7160;2713;0,363636363636363636363
7160;9258;0,090909090909090909090
7160;12907;0,090909090909090909090
7183;9356;1,000000000000000000000
7278;352262;1,000000000000000000000
7418;5212;1,000000000000000000000
7434;5180;1,000000000000000000000
7543;1898;0,050000000000000000000
7543;2743;0,100000000000000000000
7543;3007;0,150000000000000000000
7543;3420;0,050000000000000000000
7543;3685;0,050000000000000000000
7543;7975;0,050000000000000000000
7543;12959;0,050000000000000000000
7543;152027;0,450000000000000000000
7543;329272;0,050000000000000000000
7560;4748;1,000000000000000000000
7564;2385;1,000000000000000000000
7574;184;1,000000000000000000000
7578;1182;0,700000000000000000000
7578;4497;0,200000000000000000000
7578;5935;0,100000000000000000000
7586;151;1,000000000000000000000
7626;1058;0,666666666666666666666
7626;10682;0,333333333333333333333
7738;8648;1,000000000000000000000
7741;1514;0,142857142857142857142
7741;3374;0,142857142857142857142
7741;3811;0,142857142857142857142
7741;4307;0,142857142857142857142
7741;4681;0,142857142857142857142
7741;5012;0,142857142857142857142
7741;9722;0,142857142857142857142
7767;9415;1,000000000000000000000
7793;2054;1,000000000000000000000
8106;1713;0,500000000000000000000
8106;2512;0,250000000000000000000
8106;10175;0,250000000000000000000
8156;4225;0,666666666666666666666
8156;389498;0,333333333333333333333
8163;2175;1,000000000000000000000
8229;4629;0,500000000000000000000
8229;8306;0,500000000000000000000
8268;393418;1,000000000000000000000
8281;59;1,000000000000000000000
8320;2991;1,000000000000000000000
8396;1894;1,000000000000000000000
8440;1182;1,000000000000000000000
8442;479;0,333333333333333333333
8442;520;0,666666666666666666666
8445;5626;1,000000000000000000000
8446;3374;1,000000000000000000000
8447;398786;1,000000000000000000000
8461;5012;0,333333333333333333333
8461;434663;0,666666666666666666666
8465;566989;1,000000000000000000000
8473;479;0,750000000000000000000
8473;1439;0,125000000000000000000
8473;5177;0,125000000000000000000
8478;1556;1,000000000000000000000
8489;4359;0,333333333333333333333
8489;5373;0,333333333333333333333
8489;5872;0,333333333333333333333
8580;7994;0,500000000000000000000
8580;8899;0,500000000000000000000
8623;1419;0,600000000000000000000
8623;2017;0,400000000000000000000
8633;4748;1,000000000000000000000
8648;266;0,250000000000000000000
8648;3944;0,250000000000000000000
8648;4885;0,125000000000000000000
8648;7738;0,250000000000000000000
8648;13814;0,125000000000000000000
8666;2249;1,000000000000000000000
8723;1744;1,000000000000000000000
8749;329279;1,000000000000000000000
8756;1085;1,000000000000000000000
8786;122;0,500000000000000000000
8786;771;0,250000000000000000000
8786;8787;0,250000000000000000000
8787;2302;0,250000000000000000000
8787;3246;0,250000000000000000000
8787;8786;0,500000000000000000000
8805;1265;1,000000000000000000000
8818;4269;1,000000000000000000000
8827;3100;1,000000000000000000000
8899;8580;1,000000000000000000000
8902;2195;1,000000000000000000000
8909;5613;0,500000000000000000000
8909;189452;0,500000000000000000000
8928;2427;1,000000000000000000000
9019;3450;1,000000000000000000000
9026;9418;1,000000000000000000000
9158;977;1,000000000000000000000
9208;2349;0,500000000000000000000
9208;308238;0,500000000000000000000
9356;189452;1,000000000000000000000
9392;3998;1,000000000000000000000
9396;526;0,571428571428571428571
9396;5530;0,428571428571428571428
9414;5691;1,000000000000000000000
9418;3591;1,000000000000000000000
9483;12436;1,000000000000000000000
9567;2422;1,000000000000000000000
9651;6213;1,000000000000000000000
9660;547708;1,000000000000000000000
9665;27998;1,000000000000000000000
9686;28970;1,000000000000000000000
9722;135;0,222222222222222222222
9722;808;0,111111111111111111111
9722;1227;0,222222222222222222222
9722;7741;0,111111111111111111111
9722;9762;0,222222222222222222222
9722;22123;0,111111111111111111111
9730;328526;1,000000000000000000000
9831;13599;1,000000000000000000000
9940;964;0,600000000000000000000
9940;5626;0,200000000000000000000
9940;908617;0,200000000000000000000
9960;3197;1,000000000000000000000
9982;5626;1,000000000000000000000
10109;85;0,111111111111111111111
10109;1639;0,666666666666666666666
10109;1198160;0,222222222222222222222
10175;8106;1,000000000000000000000
10338;1429;0,500000000000000000000
10338;75827;0,500000000000000000000
10649;749;0,500000000000000000000
10649;112062;0,500000000000000000000
10682;3188;1,000000000000000000000
10941;14048;1,000000000000000000000
11235;1596;1,000000000000000000000
11249;5647;0,250000000000000000000
11249;12889;0,500000000000000000000
11249;46996;0,250000000000000000000
11369;3986;0,500000000000000000000
11369;373677;0,500000000000000000000
11680;1570;0,500000000000000000000
11680;8630;0,500000000000000000000
12156;547;0,027027027027027027027
12156;689;0,027027027027027027027
12156;772;0,081081081081081081081
12156;853;0,054054054054054054054
12156;1319;0,054054054054054054054
12156;1717;0,108108108108108108108
12156;2073;0,081081081081081081081
12156;4425;0,027027027027027027027
12156;4430;0,054054054054054054054
12156;4470;0,027027027027027027027
12156;4772;0,135135135135135135135
12156;5526;0,027027027027027027027
12156;7480;0,027027027027027027027
12156;8568;0,027027027027027027027
12156;8873;0,054054054054054054054
12156;9090;0,027027027027027027027
12156;13622;0,054054054054054054054
12156;27862;0,027027027027027027027
12156;40028;0,027027027027027027027
12156;122436;0,054054054054054054054
12159;738;0,142857142857142857142
12159;2897;0,142857142857142857142
12159;3222;0,428571428571428571428
12159;4307;0,142857142857142857142
12159;468947;0,142857142857142857142
12372;1705;1,000000000000000000000
12375;1514;1,000000000000000000000
12387;2921;1,000000000000000000000
12497;1089;1,000000000000000000000
12596;1180;1,000000000000000000000
12775;13253;1,000000000000000000000
12850;407;0,333333333333333333333
12850;1137;0,333333333333333333333
12850;3318;0,333333333333333333333
12864;771;1,000000000000000000000
12876;85;1,000000000000000000000
12936;1503;1,000000000000000000000
12938;1439;1,000000000000000000000
13253;3601;1,000000000000000000000
13265;1122;0,500000000000000000000
13265;1667;0,500000000000000000000
13360;192;0,500000000000000000000
13360;1173;0,500000000000000000000
13372;1650;1,000000000000000000000
13396;1080900;1,000000000000000000000
13398;2383;0,500000000000000000000
13398;427048;0,500000000000000000000
13504;3809;1,000000000000000000000
13671;1513;1,000000000000000000000
13799;9940;1,000000000000000000000
13814;266;1,000000000000000000000
14048;3100;1,000000000000000000000
14151;9;0,038461538461538461538
14151;96;0,192307692307692307692
14151;250;0,153846153846153846153
14151;796;0,038461538461538461538
14151;1111;0,038461538461538461538
14151;1988;0,192307692307692307692
14151;3857;0,076923076923076923076
14151;4513;0,076923076923076923076
14151;4538;0,038461538461538461538
14151;5009;0,038461538461538461538
14151;5383;0,038461538461538461538
14151;239965;0,038461538461538461538
14151;440566;0,038461538461538461538
15471;731;0,600000000000000000000
15471;95154;0,200000000000000000000
15471;282773;0,200000000000000000000
15643;71;0,021052631578947368421
15643;131;0,021052631578947368421
15643;135;0,010526315789473684210
15643;194;0,021052631578947368421
15643;277;0,021052631578947368421
15643;296;0,021052631578947368421
15643;352;0,021052631578947368421
15643;354;0,021052631578947368421
15643;404;0,021052631578947368421
15643;425;0,021052631578947368421
15643;427;0,021052631578947368421
15643;443;0,021052631578947368421
15643;749;0,021052631578947368421
15643;796;0,021052631578947368421
15643;1118;0,021052631578947368421
15643;1122;0,010526315789473684210
15643;1149;0,031578947368421052631
15643;1180;0,021052631578947368421
15643;1366;0,021052631578947368421
15643;1692;0,021052631578947368421
15643;1892;0,010526315789473684210
15643;1942;0,010526315789473684210
15643;1945;0,010526315789473684210
15643;1946;0,021052631578947368421
15643;2112;0,021052631578947368421
15643;2445;0,021052631578947368421
15643;2489;0,021052631578947368421
15643;2504;0,010526315789473684210
15643;2825;0,021052631578947368421
15643;3315;0,021052631578947368421
15643;3317;0,010526315789473684210
15643;3446;0,021052631578947368421
15643;3523;0,021052631578947368421
15643;3607;0,021052631578947368421
15643;3685;0,021052631578947368421
15643;4004;0,021052631578947368421
15643;4344;0,021052631578947368421
15643;4530;0,021052631578947368421
15643;5071;0,021052631578947368421
15643;6297;0,021052631578947368421
15643;6627;0,021052631578947368421
15643;7605;0,031578947368421052631
15643;7713;0,010526315789473684210
15643;9047;0,021052631578947368421
15643;10359;0,010526315789473684210
15643;20235;0,021052631578947368421
15643;27887;0,010526315789473684210
15643;29085;0,021052631578947368421
15643;59841;0,021052631578947368421
15643;78108;0,010526315789473684210
15643;98841;0,010526315789473684210
15643;604246;0,021052631578947368421
15643;1064740;0,010526315789473684210
15975;9905;1,000000000000000000000
16497;1041;1,000000000000000000000
17248;428;0,500000000000000000000
17248;27852;0,500000000000000000000
17282;1107578;1,000000000000000000000
17585;17584;1,000000000000000000000
17603;7478;1,000000000000000000000
18247;6581;1,000000000000000000000
18258;5437;1,000000000000000000000
18641;59745;0,666666666666666666666
18641;131383;0,333333333333333333333
18979;3567;0,500000000000000000000
18979;22704;0,500000000000000000000
19402;4629;1,000000000000000000000
19419;923;1,000000000000000000000
19939;249;0,500000000000000000000
19939;1056888;0,500000000000000000000
20915;6940;1,000000000000000000000
20969;6581;1,000000000000000000000
21697;1107578;1,000000000000000000000
22298;116409;1,000000000000000000000
23775;17678;1,000000000000000000000
23930;1843;1,000000000000000000000
25229;6734;1,000000000000000000000
27141;918;1,000000000000000000000
27416;2130;1,000000000000000000000
27426;1107578;1,000000000000000000000
27478;2275;0,500000000000000000000
27478;377520;0,500000000000000000000
27557;16487;1,000000000000000000000
27672;101;1,000000000000000000000
27674;119;1,000000000000000000000
27931;191488;1,000000000000000000000
28397;35;0,500000000000000000000
28397;113;0,500000000000000000000
28528;854;1,000000000000000000000
28826;3222;1,000000000000000000000
31343;1873;1,000000000000000000000
31885;17273;1,000000000000000000000
38738;1864;1,000000000000000000000
40028;979;1,000000000000000000000
44336;2664;1,000000000000000000000
45924;964;1,000000000000000000000
57838;3141;1,000000000000000000000
59745;695;0,052631578947368421052
59745;984;0,105263157894736842105
59745;1042;0,052631578947368421052
59745;1169;0,210526315789473684210
59745;3523;0,052631578947368421052
59745;3802;0,052631578947368421052
59745;366089;0,315789473684210526315
59745;689181;0,052631578947368421052
59745;1173768;0,105263157894736842105
64082;5037;1,000000000000000000000
65998;538;0,062500000000000000000
65998;2175;0,375000000000000000000
65998;4145;0,187500000000000000000
65998;66075;0,375000000000000000000
67275;237;1,000000000000000000000
71411;748;1,000000000000000000000
74054;706;1,000000000000000000000
77678;887;1,000000000000000000000
78108;662;0,272727272727272727272
78108;984;0,090909090909090909090
78108;1897;0,090909090909090909090
78108;3523;0,272727272727272727272
78108;59745;0,181818181818181818181
78108;366089;0,090909090909090909090
89703;4942;1,000000000000000000000
95154;15471;1,000000000000000000000
98841;695;1,000000000000000000000
112062;475;0,043478260869565217391
112062;749;0,130434782608695652173
112062;826;0,521739130434782608695
112062;6213;0,043478260869565217391
112062;6962;0,130434782608695652173
112062;57838;0,086956521739130434782
112062;408414;0,043478260869565217391
113392;296;0,600000000000000000000
113392;2350;0,400000000000000000000
114536;437;1,000000000000000000000
116140;5679;0,200000000000000000000
116140;8253;0,600000000000000000000
116140;1080816;0,200000000000000000000
116409;1439;0,500000000000000000000
116409;11552;0,500000000000000000000
118234;368117;1,000000000000000000000
119483;688;0,333333333333333333333
119483;1206;0,666666666666666666666
140175;860;1,000000000000000000000
140271;3098;1,000000000000000000000
144425;4098;0,700000000000000000000
144425;5042;0,300000000000000000000
146462;1988;0,500000000000000000000
146462;4881;0,500000000000000000000
157551;13899;1,000000000000000000000
157662;302;1,000000000000000000000
189452;694;0,250000000000000000000
189452;8909;0,250000000000000000000
189452;9356;0,250000000000000000000
189452;307900;0,250000000000000000000
193005;845;0,500000000000000000000
193005;846;0,250000000000000000000
193005;1041;0,250000000000000000000
229072;1988;0,500000000000000000000
229072;2461;0,250000000000000000000
229072;1130242;0,250000000000000000000
239964;1713;1,000000000000000000000
239965;796;1,000000000000000000000
239969;239963;1,000000000000000000000
245879;1898;1,000000000000000000000
248832;347540;1,000000000000000000000
248834;5012;0,666666666666666666666
248834;1107305;0,333333333333333333333
248835;761;1,000000000000000000000
248836;6006;1,000000000000000000000
248838;761;0,166666666666666666666
248838;3374;0,666666666666666666666
248838;248835;0,166666666666666666666
248840;7626;1,000000000000000000000
251573;122;1,000000000000000000000
255726;5660;1,000000000000000000000
256951;5005;1,000000000000000000000
276695;813240;1,000000000000000000000
276963;1253;0,500000000000000000000
276963;4681;0,500000000000000000000
278351;706;1,000000000000000000000
281170;96;0,200000000000000000000
281170;615;0,200000000000000000000
281170;2523;0,600000000000000000000
283633;2302;1,000000000000000000000
283636;5042;1,000000000000000000000
284854;4500;0,500000000000000000000
284854;7759;0,500000000000000000000
306994;458;0,500000000000000000000
306994;713;0,250000000000000000000
306994;5626;0,250000000000000000000
308238;9208;1,000000000000000000000
321395;876;1,000000000000000000000
328526;9730;1,000000000000000000000
329272;11;0,333333333333333333333
329272;846;0,333333333333333333333
329272;8489;0,333333333333333333333
333184;65;1,000000000000000000000
335189;2794;1,000000000000000000000
336640;635;1,000000000000000000000
343074;2713;1,000000000000000000000
343358;115;1,000000000000000000000
349041;194;0,153846153846153846153
349041;628;0,076923076923076923076
349041;837;0,153846153846153846153
349041;1762;0,076923076923076923076
349041;1940;0,538461538461538461538
352262;7278;1,000000000000000000000
355594;5214;1,000000000000000000000
365533;609;1,000000000000000000000
366089;71;0,142857142857142857142
366089;194;0,142857142857142857142
366089;662;0,071428571428571428571
366089;1117;0,071428571428571428571
366089;1169;0,142857142857142857142
366089;59745;0,214285714285714285714
366089;408414;0,071428571428571428571
366089;906176;0,071428571428571428571
366089;1173768;0,071428571428571428571
366867;5603;1,000000000000000000000
368117;4876;0,333333333333333333333
368117;13899;0,333333333333333333333
368117;118234;0,333333333333333333333
374246;1094;0,333333333333333333333
374246;1939;0,333333333333333333333
374246;653504;0,333333333333333333333
377520;1771;0,600000000000000000000
377520;27478;0,400000000000000000000
381277;458;0,500000000000000000000
381277;713;0,500000000000000000000
383630;115;1,000000000000000000000
389498;8156;1,000000000000000000000
393418;2350;0,333333333333333333333
393418;6461;0,333333333333333333333
393418;113392;0,333333333333333333333
398786;229;0,120000000000000000000
398786;749;0,320000000000000000000
398786;980;0,040000000000000000000
398786;1310;0,040000000000000000000
398786;2054;0,040000000000000000000
398786;3146;0,040000000000000000000
398786;3209;0,040000000000000000000
398786;3857;0,040000000000000000000
398786;4625;0,040000000000000000000
398786;5001;0,040000000000000000000
398786;5174;0,040000000000000000000
398786;7626;0,040000000000000000000
398786;8447;0,040000000000000000000
398786;13886;0,040000000000000000000
398786;398787;0,080000000000000000000
398787;398786;1,000000000000000000000
403195;75827;1,000000000000000000000
403266;4021;1,000000000000000000000
408414;43;0,062500000000000000000
408414;138;0,062500000000000000000
408414;307;0,031250000000000000000
408414;475;0,031250000000000000000
408414;1169;0,312500000000000000000
408414;1329;0,031250000000000000000
408414;6962;0,062500000000000000000
408414;20235;0,031250000000000000000
408414;59745;0,093750000000000000000
408414;98068;0,031250000000000000000
408414;112062;0,031250000000000000000
408414;442813;0,031250000000000000000
408414;1051510;0,062500000000000000000
408414;1173768;0,125000000000000000000
432293;2664;1,000000000000000000000
442813;266;0,500000000000000000000
442813;3944;0,500000000000000000000
468947;2897;1,000000000000000000000
474028;72;0,333333333333333333333
474028;829;0,333333333333333333333
474028;1117;0,333333333333333333333
488062;2004;1,000000000000000000000
525330;887;1,000000000000000000000
529797;1840;1,000000000000000000000
547708;9660;1,000000000000000000000
547774;3650;1,000000000000000000000
559679;431565;1,000000000000000000000
584314;859;1,000000000000000000000
587053;970;1,000000000000000000000
604246;727;0,500000000000000000000
604246;59841;0,500000000000000000000
623129;1041;1,000000000000000000000
642255;452;0,153846153846153846153
642255;668;0,076923076923076923076
642255;754;0,230769230769230769230
642255;876;0,076923076923076923076
642255;1130;0,307692307692307692307
642255;1391;0,153846153846153846153
651431;980;1,000000000000000000000
653116;5638;1,000000000000000000000
653504;3235;1,000000000000000000000
665791;668;0,200000000000000000000
665791;754;0,600000000000000000000
665791;4173;0,200000000000000000000
693032;1370;0,500000000000000000000
693032;9258;0,500000000000000000000
704910;1117;0,333333333333333333333
704910;1122255;0,666666666666666666666
727998;423971;1,000000000000000000000
813240;249;0,153846153846153846153
813240;1342;0,230769230769230769230
813240;1898;0,230769230769230769230
813240;4747;0,076923076923076923076
813240;163510;0,076923076923076923076
813240;276695;0,076923076923076923076
813240;329272;0,153846153846153846153
834579;1162;1,000000000000000000000
851827;418;1,000000000000000000000
883847;157662;1,000000000000000000000
906176;71;0,100000000000000000000
906176;100;0,050000000000000000000
906176;695;0,200000000000000000000
906176;3523;0,450000000000000000000
906176;366089;0,200000000000000000000
931417;232;0,200000000000000000000
931417;934;0,200000000000000000000
931417;1609;0,200000000000000000000
931417;1700;0,200000000000000000000
931417;3768;0,200000000000000000000
940328;695;0,800000000000000000000
940328;906176;0,200000000000000000000
983252;1263;1,000000000000000000000
985164;4070;1,000000000000000000000
1031711;72;0,500000000000000000000
1031711;12817;0,500000000000000000000
1036379;1940;1,000000000000000000000
1048032;1107479;1,000000000000000000000
1048958;3099;0,250000000000000000000
1048958;1110539;0,750000000000000000000
1051510;59745;1,000000000000000000000
1080816;829;0,090909090909090909090
1080816;2364;0,090909090909090909090
1080816;2481;0,090909090909090909090
1080816;2500;0,181818181818181818181
1080816;2972;0,454545454545454545454
1080816;23954;0,090909090909090909090
1080900;2364;0,058823529411764705882
1080900;2481;0,058823529411764705882
1080900;3390;0,058823529411764705882
1080900;5117;0,058823529411764705882
1080900;13335;0,058823529411764705882
1080900;13396;0,117647058823529411764
1080900;23843;0,058823529411764705882
1080900;28092;0,058823529411764705882
1080900;431565;0,058823529411764705882
1080900;559679;0,058823529411764705882
1080900;896624;0,176470588235294117647
1080900;1122255;0,176470588235294117647
1082368;115;0,500000000000000000000
1082368;266;0,500000000000000000000
1082399;14151;1,000000000000000000000
1096171;61;0,166666666666666666666
1096171;3585;0,166666666666666666666
1096171;8000;0,166666666666666666666
1096171;8480;0,166666666666666666666
1096171;12596;0,166666666666666666666
1096171;77678;0,166666666666666666666
1101851;749;0,333333333333333333333
1101851;4621;0,333333333333333333333
1101851;9762;0,333333333333333333333
1107305;248834;0,500000000000000000000
1107305;248837;0,250000000000000000000
1107305;418454;0,250000000000000000000
1107578;122;0,153846153846153846153
1107578;3141;0,230769230769230769230
1107578;4821;0,076923076923076923076
1107578;17282;0,076923076923076923076
1107578;21697;0,076923076923076923076
1107578;27426;0,230769230769230769230
1107578;1142431;0,153846153846153846153
1110187;3496;1,000000000000000000000
1110539;1048958;0,666666666666666666666
1110539;1128679;0,333333333333333333333
1117102;265;1,000000000000000000000
1121004;964;1,000000000000000000000
1122255;1080900;1,000000000000000000000
1128679;1754;0,375000000000000000000
1128679;2697;0,125000000000000000000
1128679;257158;0,250000000000000000000
1128679;747808;0,250000000000000000000
1130242;229072;1,000000000000000000000
1142431;420;0,500000000000000000000
1142431;1107578;0,500000000000000000000
1142637;1048958;1,000000000000000000000
1173768;628;0,071428571428571428571
1173768;1169;0,285714285714285714285
1173768;2998;0,071428571428571428571
1173768;8465;0,071428571428571428571
1173768;59745;0,285714285714285714285
1173768;366089;0,142857142857142857142
1173768;408414;0,071428571428571428571
1173953;4359;1,000000000000000000000
