2;11863;1,000000000000000000000
7;1135;1,000000000000000000000
9;1121;1,000000000000000000000
22;190;1,000000000000000000000
48;4293;0,500000000000000000000
48;5464;0,500000000000000000000
54;658;0,090909090909090909090
54;1663;0,272727272727272727272
54;2817;0,090909090909090909090
54;5457;0,090909090909090909090
54;7128;0,090909090909090909090
54;12698;0,181818181818181818181
54;13720;0,181818181818181818181
57;890;1,000000000000000000000
69;4436;1,000000000000000000000
71;100;0,032258064516129032258
71;194;0,096774193548387096774
71;520;0,032258064516129032258
71;628;0,064516129032258064516
71;645;0,064516129032258064516
71;695;0,258064516129032258064
71;845;0,032258064516129032258
71;1276;0,032258064516129032258
71;1827;0,032258064516129032258
71;2355;0,032258064516129032258
71;3098;0,064516129032258064516
71;3235;0,032258064516129032258
71;4020;0,032258064516129032258
71;6505;0,032258064516129032258
71;12432;0,032258064516129032258
71;366089;0,032258064516129032258
71;759294;0,032258064516129032258
71;906176;0,064516129032258064516
74;2176;0,142857142857142857142
74;3096;0,285714285714285714285
74;5616;0,142857142857142857142
74;6440;0,285714285714285714285
74;38738;0,142857142857142857142
80;502;0,100000000000000000000
80;531;0,800000000000000000000
80;668;0,100000000000000000000
90;2146;1,000000000000000000000
96;249;0,068965517241379310344
96;615;0,103448275862068965517
96;845;0,034482758620689655172
96;1873;0,034482758620689655172
96;1988;0,034482758620689655172
96;2293;0,034482758620689655172
96;3219;0,137931034482758620689
96;3753;0,206896551724137931034
96;3857;0,034482758620689655172
96;4080;0,068965517241379310344
96;5628;0,103448275862068965517
96;13253;0,034482758620689655172
96;21697;0,034482758620689655172
96;31343;0,034482758620689655172
96;823709;0,034482758620689655172
100;71;0,076923076923076923076
100;194;0,230769230769230769230
100;360;0,230769230769230769230
100;815;0,230769230769230769230
100;4380;0,076923076923076923076
100;5289;0,076923076923076923076
100;940328;0,076923076923076923076
101;2422;0,500000000000000000000
101;2472;0,500000000000000000000
104;839;1,000000000000000000000
108;351;0,666666666666666666666
108;1340;0,333333333333333333333
115;23;0,066666666666666666666
115;490;0,066666666666666666666
115;1855;0,133333333333333333333
115;1949;0,066666666666666666666
115;6468;0,133333333333333333333
115;8818;0,066666666666666666666
115;9476;0,066666666666666666666
115;335189;0,133333333333333333333
115;343358;0,066666666666666666666
115;383630;0,133333333333333333333
115;484680;0,066666666666666666666
119;885;0,125000000000000000000
119;1079;0,125000000000000000000
119;1348;0,250000000000000000000
119;1663;0,125000000000000000000
119;3105;0,250000000000000000000
119;512469;0,125000000000000000000
120;3513;1,000000000000000000000
127;2825;0,500000000000000000000
127;2826;0,500000000000000000000
135;183;0,117647058823529411764
135;754;0,058823529411764705882
135;1092;0,117647058823529411764
135;1117;0,058823529411764705882
135;1316;0,058823529411764705882
135;1931;0,117647058823529411764
135;1939;0,058823529411764705882
135;1944;0,058823529411764705882
135;2054;0,058823529411764705882
135;2111;0,117647058823529411764
135;2445;0,117647058823529411764
135;7160;0,058823529411764705882
138;194;0,142857142857142857142
138;520;0,142857142857142857142
138;1322;0,142857142857142857142
138;4206;0,285714285714285714285
138;604246;0,285714285714285714285
148;1437;0,500000000000000000000
148;113392;0,500000000000000000000
162;273;1,000000000000000000000
163;5061;0,333333333333333333333
163;27584;0,333333333333333333333
163;591752;0,333333333333333333333
166;1055;1,000000000000000000000
179;37;1,000000000000000000000
180;863;1,000000000000000000000
183;135;0,790697674418604651162
183;1278;0,046511627906976744186
183;2054;0,023255813953488372093
183;3219;0,069767441860465116279
183;3802;0,069767441860465116279
189;1082;0,333333333333333333333
189;4576;0,666666666666666666666
190;2043;0,250000000000000000000
190;2052;0,125000000000000000000
190;8933;0,250000000000000000000
190;11213;0,250000000000000000000
190;366089;0,125000000000000000000
192;1109;0,500000000000000000000
192;13265;0,500000000000000000000
194;71;0,166666666666666666666
194;100;0,055555555555555555555
194;628;0,277777777777777777777
194;1754;0,111111111111111111111
194;1762;0,055555555555555555555
194;1939;0,055555555555555555555
194;1940;0,055555555555555555555
194;3256;0,055555555555555555555
194;59745;0,055555555555555555555
194;349041;0,055555555555555555555
194;366089;0,055555555555555555555
206;4070;0,500000000000000000000
206;9391;0,500000000000000000000
211;4355;1,000000000000000000000
213;747;0,200000000000000000000
213;75827;0,400000000000000000000
213;75828;0,200000000000000000000
213;403195;0,200000000000000000000
220;3564;1,000000000000000000000
229;398786;1,000000000000000000000
241;3872;0,333333333333333333333
241;4187;0,666666666666666666666
242;2738;0,333333333333333333333
242;3141;0,333333333333333333333
242;5691;0,333333333333333333333
249;96;0,062500000000000000000
249;237;0,062500000000000000000
249;283;0,250000000000000000000
249;1069;0,062500000000000000000
249;1142;0,062500000000000000000
249;1988;0,062500000000000000000
249;2293;0,125000000000000000000
249;3045;0,062500000000000000000
249;5628;0,062500000000000000000
249;13253;0,062500000000000000000
249;813240;0,125000000000000000000
250;7160;1,000000000000000000000
261;1364;1,000000000000000000000
263;360;0,166666666666666666666
263;420;0,333333333333333333333
263;829;0,166666666666666666666
263;311584;0,166666666666666666666
263;1142431;0,166666666666666666666
273;162;0,200000000000000000000
273;3450;0,400000000000000000000
273;8648;0,200000000000000000000
273;13398;0,200000000000000000000
279;1271;0,125000000000000000000
279;3429;0,500000000000000000000
279;7116;0,375000000000000000000
283;249;0,222222222222222222222
283;4313;0,222222222222222222222
283;4777;0,222222222222222222222
283;163510;0,111111111111111111111
283;813240;0,222222222222222222222
284;251;1,000000000000000000000
287;14;0,400000000000000000000
287;1262;0,400000000000000000000
287;1077888;0,200000000000000000000
289;1763;0,500000000000000000000
289;2498;0,500000000000000000000
291;59745;1,000000000000000000000
293;59841;1,000000000000000000000
295;297;1,000000000000000000000
299;1094;0,666666666666666666666
299;1164;0,333333333333333333333
302;669;0,333333333333333333333
302;2834;0,333333333333333333333
302;3122;0,333333333333333333333
303;291;1,000000000000000000000
306;1840;0,250000000000000000000
306;2850;0,500000000000000000000
306;6788;0,250000000000000000000
310;8539;1,000000000000000000000
315;12388;1,000000000000000000000
317;318;1,000000000000000000000
318;317;0,666666666666666666666
318;2445;0,333333333333333333333
320;2310;0,428571428571428571428
320;7209;0,571428571428571428571
324;1893;0,500000000000000000000
324;2518;0,500000000000000000000
334;1963;0,500000000000000000000
334;4215;0,500000000000000000000
341;742;0,761904761904761904761
341;3519;0,095238095238095238095
341;4293;0,142857142857142857142
347;3304;1,000000000000000000000
349;351;1,000000000000000000000
356;6903;0,750000000000000000000
356;184646;0,250000000000000000000
359;1945;1,000000000000000000000
379;2547;1,000000000000000000000
380;5464;1,000000000000000000000
389;12850;0,500000000000000000000
389;24769;0,500000000000000000000
391;1138;1,000000000000000000000
392;3513;0,500000000000000000000
392;13187;0,500000000000000000000
398;5536;0,666666666666666666666
398;21112;0,333333333333333333333
399;1723;0,166666666666666666666
399;4498;0,166666666666666666666
399;7341;0,500000000000000000000
399;367121;0,166666666666666666666
404;3747;0,500000000000000000000
404;7095;0,500000000000000000000
414;120;0,076923076923076923076
414;392;0,076923076923076923076
414;415;0,076923076923076923076
414;1127;0,076923076923076923076
414;1727;0,076923076923076923076
414;2140;0,076923076923076923076
414;2822;0,076923076923076923076
414;2877;0,076923076923076923076
414;3513;0,076923076923076923076
414;4078;0,153846153846153846153
414;6000;0,076923076923076923076
414;8566;0,076923076923076923076
420;3395;0,333333333333333333333
420;6960;0,333333333333333333333
420;12159;0,333333333333333333333
423;352;0,053333333333333333333
423;425;0,053333333333333333333
423;426;0,053333333333333333333
423;427;0,053333333333333333333
423;441;0,040000000000000000000
423;442;0,026666666666666666666
423;443;0,053333333333333333333
423;444;0,053333333333333333333
423;849;0,040000000000000000000
423;1117;0,026666666666666666666
423;1315;0,026666666666666666666
423;2500;0,053333333333333333333
423;2555;0,053333333333333333333
423;2561;0,040000000000000000000
423;3394;0,026666666666666666666
423;7605;0,053333333333333333333
423;12418;0,026666666666666666666
423;13335;0,040000000000000000000
423;13482;0,053333333333333333333
423;29085;0,040000000000000000000
423;48826;0,040000000000000000000
423;184646;0,026666666666666666666
423;511019;0,053333333333333333333
423;1080816;0,013333333333333333333
424;1122255;1,000000000000000000000
427;349041;1,000000000000000000000
428;470;0,333333333333333333333
428;1092;0,333333333333333333333
428;7572;0,333333333333333333333
441;3203;0,250000000000000000000
441;3395;0,250000000000000000000
441;4344;0,250000000000000000000
441;5077;0,250000000000000000000
442;20235;1,000000000000000000000
444;1574;0,500000000000000000000
444;5647;0,500000000000000000000
455;2175;0,400000000000000000000
455;4187;0,600000000000000000000
466;3591;0,666666666666666666666
466;9418;0,333333333333333333333
469;468;1,000000000000000000000
470;428;1,000000000000000000000
472;4313;0,500000000000000000000
472;349041;0,500000000000000000000
479;5013;0,166666666666666666666
479;8473;0,500000000000000000000
479;317905;0,166666666666666666666
479;1173768;0,166666666666666666666
485;512469;1,000000000000000000000
488;6915;0,500000000000000000000
488;28763;0,500000000000000000000
492;526;0,285714285714285714285
492;712;0,142857142857142857142
492;1402;0,142857142857142857142
492;1698;0,142857142857142857142
492;7994;0,285714285714285714285
496;497;0,250000000000000000000
496;766;0,750000000000000000000
497;496;0,166666666666666666666
497;622;0,083333333333333333333
497;766;0,250000000000000000000
497;6234;0,083333333333333333333
497;7759;0,166666666666666666666
497;9389;0,083333333333333333333
497;9402;0,083333333333333333333
497;20801;0,083333333333333333333
498;12;0,500000000000000000000
498;13;0,500000000000000000000
502;80;0,142857142857142857142
502;219;0,047619047619047619047
502;530;0,047619047619047619047
502;668;0,190476190476190476190
502;1248;0,095238095238095238095
502;1893;0,047619047619047619047
502;2518;0,047619047619047619047
502;3515;0,095238095238095238095
502;3625;0,142857142857142857142
502;321395;0,142857142857142857142
504;12356;0,500000000000000000000
504;17272;0,500000000000000000000
513;7135;1,000000000000000000000
520;71;0,111111111111111111111
520;138;0,111111111111111111111
520;528;0,222222222222222222222
520;793;0,111111111111111111111
520;1182;0,111111111111111111111
520;1778;0,333333333333333333333
521;520;0,083333333333333333333
521;528;0,083333333333333333333
521;966;0,083333333333333333333
521;1150;0,166666666666666666666
521;3188;0,083333333333333333333
521;3680;0,083333333333333333333
521;3800;0,166666666666666666666
521;7747;0,083333333333333333333
521;906176;0,166666666666666666666
524;3355;0,250000000000000000000
524;3356;0,500000000000000000000
524;7939;0,250000000000000000000
526;492;0,666666666666666666666
526;4262;0,333333333333333333333
527;613;0,142857142857142857142
527;3811;0,142857142857142857142
527;4108;0,142857142857142857142
527;4307;0,142857142857142857142
527;5093;0,142857142857142857142
527;6812;0,142857142857142857142
527;1123792;0,142857142857142857142
529;528;0,666666666666666666666
529;98841;0,333333333333333333333
543;886;0,200000000000000000000
543;1923;0,200000000000000000000
543;2469;0,200000000000000000000
543;3015;0,200000000000000000000
543;5061;0,200000000000000000000
545;3304;0,500000000000000000000
545;5915;0,500000000000000000000
550;596;0,666666666666666666666
550;3694;0,333333333333333333333
571;1124;0,666666666666666666666
571;1600;0,333333333333333333333
573;2484;1,000000000000000000000
612;39;1,000000000000000000000
615;96;0,250000000000000000000
615;678;0,166666666666666666666
615;1526;0,250000000000000000000
615;2761;0,083333333333333333333
615;4713;0,083333333333333333333
615;6535;0,083333333333333333333
615;281170;0,083333333333333333333
622;65;0,176470588235294117647
622;77;0,058823529411764705882
622;497;0,058823529411764705882
622;766;0,058823529411764705882
622;1066;0,058823529411764705882
622;1401;0,058823529411764705882
622;2054;0,176470588235294117647
622;2147;0,235294117647058823529
622;4765;0,058823529411764705882
622;9423;0,058823529411764705882
625;122;0,210526315789473684210
625;1154;0,052631578947368421052
625;2302;0,105263157894736842105
625;2741;0,368421052631578947368
625;3528;0,210526315789473684210
625;7160;0,052631578947368421052
628;71;0,115384615384615384615
628;194;0,230769230769230769230
628;359;0,038461538461538461538
628;360;0,192307692307692307692
628;567;0,038461538461538461538
628;1234;0,076923076923076923076
628;1940;0,115384615384615384615
628;3523;0,076923076923076923076
628;4313;0,076923076923076923076
628;1036379;0,038461538461538461538
635;625;0,500000000000000000000
635;336640;0,500000000000000000000
641;995;1,000000000000000000000
645;71;0,250000000000000000000
645;644;0,125000000000000000000
645;3098;0,125000000000000000000
645;3123;0,125000000000000000000
645;3128;0,125000000000000000000
645;5338;0,125000000000000000000
645;743544;0,125000000000000000000
652;4377;0,333333333333333333333
652;1104773;0,666666666666666666666
662;1122;0,200000000000000000000
662;3523;0,400000000000000000000
662;78108;0,400000000000000000000
668;80;0,023809523809523809523
668;502;0,095238095238095238095
668;530;0,119047619047619047619
668;531;0,023809523809523809523
668;819;0,023809523809523809523
668;876;0,166666666666666666666
668;1131;0,071428571428571428571
668;1248;0,047619047619047619047
668;3443;0,071428571428571428571
668;3515;0,095238095238095238095
668;3625;0,023809523809523809523
668;4173;0,047619047619047619047
668;13482;0,071428571428571428571
668;507180;0,119047619047619047619
669;24;0,250000000000000000000
669;1036;0,250000000000000000000
669;1225;0,125000000000000000000
669;2008;0,125000000000000000000
669;5175;0,250000000000000000000
670;2196;0,200000000000000000000
670;59745;0,800000000000000000000
671;1894;1,000000000000000000000
678;615;0,428571428571428571428
678;980;0,142857142857142857142
678;2523;0,142857142857142857142
678;2661;0,142857142857142857142
678;2684;0,142857142857142857142
682;681;1,000000000000000000000
683;681;0,750000000000000000000
683;6773;0,250000000000000000000
689;360;0,333333333333333333333
689;1250;0,666666666666666666666
695;71;0,352941176470588235294
695;249;0,117647058823529411764
695;1169;0,058823529411764705882
695;1925;0,117647058823529411764
695;3523;0,058823529411764705882
695;78108;0,058823529411764705882
695;906176;0,176470588235294117647
695;1064740;0,058823529411764705882
698;802;1,000000000000000000000
700;1110539;1,000000000000000000000
713;407;0,166666666666666666666
713;458;0,333333333333333333333
713;5626;0,166666666666666666666
713;306994;0,166666666666666666666
713;589508;0,166666666666666666666
740;1107578;1,000000000000000000000
744;845;0,666666666666666666666
744;846;0,333333333333333333333
748;75827;1,000000000000000000000
749;846;0,333333333333333333333
749;2054;0,166666666666666666666
749;112062;0,500000000000000000000
750;9729;1,000000000000000000000
758;8446;1,000000000000000000000
761;995;0,142857142857142857142
761;2374;0,285714285714285714285
761;4225;0,428571428571428571428
761;248838;0,142857142857142857142
768;475;1,000000000000000000000
781;281;1,000000000000000000000
787;36;0,250000000000000000000
787;285;0,500000000000000000000
787;3459;0,250000000000000000000
805;415;0,250000000000000000000
805;904;0,250000000000000000000
805;2822;0,250000000000000000000
805;3667;0,250000000000000000000
808;1227;0,333333333333333333333
808;9722;0,666666666666666666666
815;100;1,000000000000000000000
817;351;1,000000000000000000000
819;281;0,023809523809523809523
819;452;0,047619047619047619047
819;531;0,047619047619047619047
819;668;0,023809523809523809523
819;933;0,619047619047619047619
819;1130;0,047619047619047619047
819;1391;0,023809523809523809523
819;1647;0,095238095238095238095
819;1892;0,047619047619047619047
819;642255;0,023809523809523809523
829;12;0,384615384615384615384
829;263;0,076923076923076923076
829;1988;0,384615384615384615384
829;5142;0,076923076923076923076
829;8363;0,076923076923076923076
835;695;0,142857142857142857142
835;1152;0,285714285714285714285
835;5136;0,428571428571428571428
835;59841;0,142857142857142857142
837;1110539;1,000000000000000000000
839;1717;0,333333333333333333333
839;2445;0,333333333333333333333
839;4206;0,333333333333333333333
844;360;0,357142857142857142857
844;1719;0,214285714285714285714
844;2851;0,071428571428571428571
844;3508;0,071428571428571428571
844;3891;0,285714285714285714285
845;96;0,018181818181818181818
845;194;0,018181818181818181818
845;744;0,054545454545454545454
845;846;0,109090909090909090909
845;982;0,072727272727272727272
845;1041;0,090909090909090909090
845;1437;0,018181818181818181818
845;1724;0,181818181818181818181
845;2731;0,036363636363636363636
845;59841;0,018181818181818181818
845;131383;0,145454545454545454545
845;192866;0,036363636363636363636
845;193005;0,036363636363636363636
845;398787;0,072727272727272727272
845;623129;0,072727272727272727272
845;1107578;0,018181818181818181818
846;77;0,010000000000000000000
846;275;0,010000000000000000000
846;277;0,060000000000000000000
846;283;0,030000000000000000000
846;642;0,010000000000000000000
846;689;0,010000000000000000000
846;744;0,060000000000000000000
846;749;0,020000000000000000000
846;845;0,160000000000000000000
846;982;0,020000000000000000000
846;1041;0,010000000000000000000
846;1065;0,080000000000000000000
846;1263;0,010000000000000000000
846;1437;0,080000000000000000000
846;1681;0,020000000000000000000
846;1898;0,010000000000000000000
846;2147;0,010000000000000000000
846;2396;0,010000000000000000000
846;2435;0,010000000000000000000
846;2697;0,020000000000000000000
846;2731;0,010000000000000000000
846;2786;0,010000000000000000000
846;2834;0,040000000000000000000
846;3636;0,010000000000000000000
846;3683;0,030000000000000000000
846;5638;0,030000000000000000000
846;7130;0,010000000000000000000
846;8539;0,020000000000000000000
846;8715;0,010000000000000000000
846;23759;0,010000000000000000000
846;59841;0,020000000000000000000
846;190971;0,010000000000000000000
846;192866;0,070000000000000000000
846;193005;0,030000000000000000000
846;329272;0,010000000000000000000
846;533247;0,010000000000000000000
846;983252;0,020000000000000000000
854;2445;0,500000000000000000000
854;2972;0,250000000000000000000
854;28528;0,250000000000000000000
855;1843;0,500000000000000000000
855;1855;0,500000000000000000000
860;1156;0,500000000000000000000
860;11680;0,500000000000000000000
861;3045;0,333333333333333333333
861;4052;0,666666666666666666666
863;681;1,000000000000000000000
864;1288;1,000000000000000000000
866;466;0,142857142857142857142
866;1971;0,142857142857142857142
866;4901;0,285714285714285714285
866;5691;0,142857142857142857142
866;7564;0,285714285714285714285
867;485;1,000000000000000000000
877;9807;1,000000000000000000000
885;119;0,111111111111111111111
885;609;0,111111111111111111111
885;3551;0,111111111111111111111
885;8268;0,111111111111111111111
885;9376;0,111111111111111111111
885;9468;0,111111111111111111111
885;59841;0,333333333333333333333
887;877;0,333333333333333333333
887;27763;0,333333333333333333333
887;1110539;0,333333333333333333333
890;57;0,333333333333333333333
890;1231;0,666666666666666666666
925;6693;0,500000000000000000000
925;1071692;0,500000000000000000000
930;393;0,200000000000000000000
930;395;0,200000000000000000000
930;409;0,200000000000000000000
930;418;0,200000000000000000000
930;9340;0,200000000000000000000
933;452;0,100000000000000000000
933;819;0,700000000000000000000
933;876;0,100000000000000000000
933;642255;0,100000000000000000000
943;520;0,666666666666666666666
943;113459;0,333333333333333333333
955;1751;1,000000000000000000000
956;1751;0,500000000000000000000
956;4345;0,500000000000000000000
965;2147;1,000000000000000000000
966;521;0,166666666666666666666
966;1897;0,333333333333333333333
966;2054;0,333333333333333333333
966;2146;0,166666666666666666666
970;866;0,076923076923076923076
970;1286;0,153846153846153846153
970;1549;0,076923076923076923076
970;2213;0,076923076923076923076
970;587053;0,615384615384615384615
977;866;0,263157894736842105263
977;1744;0,052631578947368421052
977;2832;0,105263157894736842105
977;3798;0,157894736842105263157
977;5691;0,052631578947368421052
977;7747;0,052631578947368421052
977;9415;0,105263157894736842105
977;10649;0,105263157894736842105
977;27790;0,105263157894736842105
980;678;0,100000000000000000000
980;1234;0,300000000000000000000
980;1277;0,300000000000000000000
980;2684;0,200000000000000000000
980;3219;0,100000000000000000000
982;845;0,500000000000000000000
982;1080816;0,500000000000000000000
983;1169;0,200000000000000000000
983;2293;0,400000000000000000000
983;3753;0,300000000000000000000
983;21697;0,100000000000000000000
995;115;0,071428571428571428571
995;266;0,142857142857142857142
995;641;0,214285714285714285714
995;761;0,071428571428571428571
995;3557;0,142857142857142857142
995;4374;0,214285714285714285714
995;13814;0,142857142857142857142
1010;5470;0,500000000000000000000
1010;5635;0,500000000000000000000
1014;2196;0,800000000000000000000
1014;8590;0,200000000000000000000
1018;1010;1,000000000000000000000
1024;5647;0,285714285714285714285
1024;12817;0,714285714285714285714
1033;8363;1,000000000000000000000
1036;669;1,000000000000000000000
1041;845;0,071428571428571428571
1041;982;0,285714285714285714285
1041;2422;0,142857142857142857142
1041;623129;0,071428571428571428571
1041;767166;0,357142857142857142857
1041;1080816;0,071428571428571428571
1044;3145;1,000000000000000000000
1046;475;0,250000000000000000000
1046;1751;0,750000000000000000000
1058;859;0,750000000000000000000
1058;2204;0,250000000000000000000
1060;3271;1,000000000000000000000
1066;5440;1,000000000000000000000
1069;24;0,500000000000000000000
1069;249;0,125000000000000000000
1069;2961;0,375000000000000000000
1082;891;1,000000000000000000000
1085;860;1,000000000000000000000
1094;299;0,333333333333333333333
1094;6955;0,333333333333333333333
1094;25264;0,333333333333333333333
1101;1632;1,000000000000000000000
1109;192;0,142857142857142857142
1109;841;0,071428571428571428571
1109;1122;0,071428571428571428571
1109;1274;0,071428571428571428571
1109;2017;0,071428571428571428571
1109;2059;0,071428571428571428571
1109;2212;0,071428571428571428571
1109;2223;0,071428571428571428571
1109;2492;0,071428571428571428571
1109;5469;0,071428571428571428571
1109;7762;0,071428571428571428571
1109;9391;0,071428571428571428571
1109;9402;0,071428571428571428571
1117;71;0,125000000000000000000
1117;1569;0,125000000000000000000
1117;2547;0,062500000000000000000
1117;2972;0,312500000000000000000
1117;12817;0,062500000000000000000
1117;98841;0,062500000000000000000
1117;116140;0,125000000000000000000
1117;474028;0,062500000000000000000
1117;1080816;0,062500000000000000000
1121;9;0,055555555555555555555
1121;285;0,055555555555555555555
1121;878;0,055555555555555555555
1121;1122;0,055555555555555555555
1121;1274;0,055555555555555555555
1121;2017;0,055555555555555555555
1121;2064;0,055555555555555555555
1121;2146;0,111111111111111111111
1121;2385;0,055555555555555555555
1121;3800;0,111111111111111111111
1121;5367;0,055555555555555555555
1121;6316;0,111111111111111111111
1121;6624;0,111111111111111111111
1121;327858;0,055555555555555555555
1124;571;1,000000000000000000000
1131;668;0,750000000000000000000
1131;3443;0,250000000000000000000
1133;6250;1,000000000000000000000
1142;12391;1,000000000000000000000
1143;4024;0,500000000000000000000
1143;4853;0,500000000000000000000
1149;6535;1,000000000000000000000
1154;2741;0,500000000000000000000
1154;4890;0,500000000000000000000
1160;1513;0,250000000000000000000
1160;1889;0,250000000000000000000
1160;6535;0,500000000000000000000
1169;71;0,066666666666666666666
1169;100;0,066666666666666666666
1169;138;0,066666666666666666666
1169;479;0,011111111111111111111
1169;642;0,011111111111111111111
1169;695;0,066666666666666666666
1169;983;0,022222222222222222222
1169;1939;0,011111111111111111111
1169;1943;0,066666666666666666666
1169;1944;0,066666666666666666666
1169;1945;0,066666666666666666666
1169;4512;0,066666666666666666666
1169;13537;0,055555555555555555555
1169;59745;0,088888888888888888888
1169;59841;0,022222222222222222222
1169;78108;0,011111111111111111111
1169;98841;0,066666666666666666666
1169;131383;0,066666666666666666666
1169;366089;0,011111111111111111111
1169;408414;0,022222222222222222222
1169;1173768;0,066666666666666666666
1181;761;0,333333333333333333333
1181;1778;0,666666666666666666666
1187;2196;1,000000000000000000000
1196;3683;0,500000000000000000000
1196;4059;0,500000000000000000000
1206;6250;1,000000000000000000000
1225;669;1,000000000000000000000
1227;9722;1,000000000000000000000
1228;1457;0,200000000000000000000
1228;1487;0,200000000000000000000
1228;2131;0,200000000000000000000
1228;2318;0,200000000000000000000
1228;33843;0,200000000000000000000
1231;16;0,045454545454545454545
1231;890;0,045454545454545454545
1231;3141;0,181818181818181818181
1231;3394;0,136363636363636363636
1231;4159;0,318181818181818181818
1231;6234;0,045454545454545454545
1231;6503;0,227272727272727272727
1234;628;0,105263157894736842105
1234;911;0,052631578947368421052
1234;1235;0,157894736842105263157
1234;1263;0,052631578947368421052
1234;1277;0,368421052631578947368
1234;2181;0,105263157894736842105
1234;2825;0,105263157894736842105
1234;3188;0,052631578947368421052
1248;502;1,000000000000000000000
1250;689;1,000000000000000000000
1253;1596;0,833333333333333333333
1253;3088;0,166666666666666666666
1254;1344;0,166666666666666666666
1254;1867;0,166666666666666666666
1254;3694;0,166666666666666666666
1254;4744;0,166666666666666666666
1254;5149;0,166666666666666666666
1254;7111;0,166666666666666666666
1261;1620;0,333333333333333333333
1261;4552;0,333333333333333333333
1261;4890;0,333333333333333333333
1274;20307;1,000000000000000000000
1276;71;0,500000000000000000000
1276;1754;0,500000000000000000000
1277;980;0,260869565217391304347
1277;1234;0,434782608695652173913
1277;3802;0,086956521739130434782
1277;10188;0,217391304347826086956
1278;135;0,142857142857142857142
1278;528;0,142857142857142857142
1278;1591;0,428571428571428571428
1278;1814;0,142857142857142857142
1278;3392;0,142857142857142857142
1286;111;0,083333333333333333333
1286;452;0,083333333333333333333
1286;970;0,166666666666666666666
1286;7941;0,333333333333333333333
1286;10306;0,333333333333333333333
1288;2438;1,000000000000000000000
1307;4004;1,000000000000000000000
1319;2318;1,000000000000000000000
1321;2826;1,000000000000000000000
1322;138;0,333333333333333333333
1322;863;0,333333333333333333333
1322;20474;0,333333333333333333333
1326;1122;0,500000000000000000000
1326;1337;0,500000000000000000000
1340;108;0,333333333333333333333
1340;351;0,333333333333333333333
1340;1027;0,111111111111111111111
1340;2761;0,111111111111111111111
1340;54879;0,111111111111111111111
1344;119;0,250000000000000000000
1344;1254;0,250000000000000000000
1344;3105;0,250000000000000000000
1344;372528;0,250000000000000000000
1364;237;0,375000000000000000000
1364;261;0,625000000000000000000
1370;281;0,076923076923076923076
1370;452;0,153846153846153846153
1370;1116;0,384615384615384615384
1370;693032;0,076923076923076923076
1370;791903;0,307692307692307692307
1419;8623;1,000000000000000000000
1429;10338;1,000000000000000000000
1437;148;0,062500000000000000000
1437;845;0,187500000000000000000
1437;846;0,500000000000000000000
1437;1065;0,062500000000000000000
1437;7130;0,062500000000000000000
1437;192866;0,125000000000000000000
1439;1440;0,333333333333333333333
1439;3436;0,333333333333333333333
1439;8473;0,333333333333333333333
1445;1632;1,000000000000000000000
1451;930;0,333333333333333333333
1451;3697;0,666666666666666666666
1462;256;0,111111111111111111111
1462;486;0,111111111111111111111
1462;658;0,111111111111111111111
1462;1664;0,111111111111111111111
1462;1721;0,111111111111111111111
1462;3120;0,111111111111111111111
1462;5395;0,111111111111111111111
1462;13095;0,111111111111111111111
1462;18276;0,111111111111111111111
1464;1637;1,000000000000000000000
1479;6693;1,000000000000000000000
1487;909;1,000000000000000000000
1513;1160;0,666666666666666666666
1513;1520;0,333333333333333333333
1521;2664;1,000000000000000000000
1526;285;0,333333333333333333333
1526;615;0,666666666666666666666
1533;507;0,500000000000000000000
1533;5006;0,500000000000000000000
1544;520;0,076923076923076923076
1544;859;0,230769230769230769230
1544;943;0,461538461538461538461
1544;1065;0,076923076923076923076
1544;1314;0,076923076923076923076
1544;1848;0,076923076923076923076
1552;13599;1,000000000000000000000
1554;1845;1,000000000000000000000
1556;796;0,222222222222222222222
1556;1016;0,111111111111111111111
1556;1963;0,111111111111111111111
1556;3038;0,111111111111111111111
1556;3905;0,111111111111111111111
1556;6006;0,222222222222222222222
1556;12596;0,111111111111111111111
1561;4245;1,000000000000000000000
1565;2890;1,000000000000000000000
1567;2196;1,000000000000000000000
1569;1117;1,000000000000000000000
1570;267;0,142857142857142857142
1570;1448;0,142857142857142857142
1570;3234;0,142857142857142857142
1570;3381;0,142857142857142857142
1570;4376;0,142857142857142857142
1570;10020;0,142857142857142857142
1570;12907;0,142857142857142857142
1574;5647;1,000000000000000000000
1591;861;0,117647058823529411764
1591;1278;0,294117647058823529411
1591;2111;0,352941176470588235294
1591;3045;0,117647058823529411764
1591;10188;0,117647058823529411764
1596;452;0,090909090909090909090
1596;1253;0,272727272727272727272
1596;1391;0,090909090909090909090
1596;3905;0,181818181818181818181
1596;5440;0,181818181818181818181
1596;8000;0,181818181818181818181
1608;931417;1,000000000000000000000
1632;1445;1,000000000000000000000
1637;1464;0,083333333333333333333
1637;2712;0,500000000000000000000
1637;336640;0,416666666666666666666
1639;1033;0,166666666666666666666
1639;2375;0,333333333333333333333
1639;4553;0,166666666666666666666
1639;1198160;0,333333333333333333333
1644;183;0,285714285714285714285
1644;1277;0,071428571428571428571
1644;1278;0,428571428571428571428
1644;1591;0,214285714285714285714
1650;3665;1,000000000000000000000
1657;1022;0,142857142857142857142
1657;3852;0,142857142857142857142
1657;6501;0,285714285714285714285
1657;6502;0,142857142857142857142
1657;960642;0,142857142857142857142
1657;1107578;0,142857142857142857142
1662;1639;1,000000000000000000000
1663;54;0,666666666666666666666
1663;1943;0,166666666666666666666
1663;21161;0,166666666666666666666
1667;9720;1,000000000000000000000
1684;15048;1,000000000000000000000
1685;1705;0,500000000000000000000
1685;5071;0,500000000000000000000
1686;9955;1,000000000000000000000
1692;5071;1,000000000000000000000
1696;1974;0,500000000000000000000
1696;2731;0,500000000000000000000
1705;1685;0,500000000000000000000
1705;3359;0,500000000000000000000
1717;839;0,500000000000000000000
1717;4772;0,500000000000000000000
1723;399;0,333333333333333333333
1723;629364;0,666666666666666666666
1744;1401;0,333333333333333333333
1744;1856;0,333333333333333333333
1744;3414;0,333333333333333333333
1751;955;0,333333333333333333333
1751;956;0,333333333333333333333
1751;1046;0,333333333333333333333
1754;748;0,050000000000000000000
1754;1276;0,100000000000000000000
1754;1708;0,050000000000000000000
1754;4613;0,050000000000000000000
1754;4699;0,050000000000000000000
1754;114536;0,100000000000000000000
1754;335189;0,100000000000000000000
1754;1036379;0,150000000000000000000
1754;1128679;0,350000000000000000000
1762;452;1,000000000000000000000
1763;289;0,500000000000000000000
1763;2196;0,500000000000000000000
1771;16497;0,666666666666666666666
1771;377520;0,166666666666666666666
1771;387438;0,166666666666666666666
1778;520;0,750000000000000000000
1778;5935;0,250000000000000000000
1780;7759;1,000000000000000000000
1822;6;0,142857142857142857142
1822;3999;0,142857142857142857142
1822;4821;0,714285714285714285714
1831;9832;1,000000000000000000000
1840;306;0,200000000000000000000
1840;5053;0,400000000000000000000
1840;17678;0,200000000000000000000
1840;529797;0,200000000000000000000
1843;829;1,000000000000000000000
1853;37814;1,000000000000000000000
1854;3551;0,500000000000000000000
1854;19402;0,500000000000000000000
1855;23;0,200000000000000000000
1855;379;0,400000000000000000000
1855;4377;0,200000000000000000000
1855;8062;0,200000000000000000000
1856;14;1,000000000000000000000
1866;528;0,250000000000000000000
1866;3033;0,500000000000000000000
1866;5691;0,250000000000000000000
1873;96;0,250000000000000000000
1873;3753;0,250000000000000000000
1873;659899;0,250000000000000000000
1873;659902;0,250000000000000000000
1877;3968;0,571428571428571428571
1877;331627;0,285714285714285714285
1877;365532;0,142857142857142857142
1889;2713;0,833333333333333333333
1889;6440;0,166666666666666666666
1893;324;0,333333333333333333333
1893;2518;0,666666666666666666666
1894;671;1,000000000000000000000
1897;528;0,166666666666666666666
1897;964;0,083333333333333333333
1897;966;0,083333333333333333333
1897;1600;0,166666666666666666666
1897;3256;0,083333333333333333333
1897;3548;0,250000000000000000000
1897;4906;0,083333333333333333333
1897;6892;0,083333333333333333333
1898;615;0,125000000000000000000
1898;1342;0,250000000000000000000
1898;4747;0,125000000000000000000
1898;8489;0,125000000000000000000
1898;329272;0,250000000000000000000
1898;1173953;0,125000000000000000000
1902;5610;0,500000000000000000000
1902;5909;0,500000000000000000000
1910;46;1,000000000000000000000
1940;359;0,076923076923076923076
1940;628;0,307692307692307692307
1940;1827;0,076923076923076923076
1940;349041;0,153846153846153846153
1940;1036379;0,384615384615384615384
1945;360;0,800000000000000000000
1945;689;0,200000000000000000000
1948;71;0,333333333333333333333
1948;2355;0,500000000000000000000
1948;4853;0,166666666666666666666
1967;602;0,037037037037037037037
1967;1608;0,037037037037037037037
1967;2510;0,037037037037037037037
1967;3189;0,037037037037037037037
1967;4020;0,037037037037037037037
1967;6105;0,037037037037037037037
1967;6723;0,518518518518518518518
1967;29081;0,074074074074074074074
1967;75230;0,185185185185185185185
1974;113392;1,000000000000000000000
1988;96;0,041666666666666666666
1988;168;0,041666666666666666666
1988;249;0,041666666666666666666
1988;829;0,083333333333333333333
1988;860;0,041666666666666666666
1988;2515;0,083333333333333333333
1988;4881;0,666666666666666666666
1991;4427;0,333333333333333333333
1991;4431;0,333333333333333333333
1991;6517;0,333333333333333333333
1997;273;0,400000000000000000000
1997;738;0,200000000000000000000
1997;16076;0,200000000000000000000
1997;22123;0,200000000000000000000
2004;488062;1,000000000000000000000
2017;1109;0,285714285714285714285
2017;8623;0,714285714285714285714
2023;1457;1,000000000000000000000
2027;28;0,666666666666666666666
2027;669290;0,333333333333333333333
2046;5219;1,000000000000000000000
2052;190;0,333333333333333333333
2052;3781;0,166666666666666666666
2052;4086;0,333333333333333333333
2052;5264;0,166666666666666666666
2059;25849;1,000000000000000000000
2064;2017;1,000000000000000000000
2083;74;0,500000000000000000000
2083;38738;0,500000000000000000000
2098;356;1,000000000000000000000
2111;135;0,500000000000000000000
2111;1234;0,500000000000000000000
2112;7626;1,000000000000000000000
2130;24;1,000000000000000000000
2146;90;0,083333333333333333333
2146;965;0,250000000000000000000
2146;966;0,166666666666666666666
2146;1121;0,250000000000000000000
2146;2697;0,083333333333333333333
2146;5367;0,083333333333333333333
2146;533247;0,083333333333333333333
2150;1122;0,250000000000000000000
2150;286660;0,750000000000000000000
2156;2066;1,000000000000000000000
2164;1111;0,153846153846153846153
2164;2296;0,846153846153846153846
2175;455;0,111111111111111111111
2175;778;0,111111111111111111111
2175;4145;0,222222222222222222222
2175;65998;0,444444444444444444444
2175;547708;0,111111111111111111111
2176;2591;1,000000000000000000000
2191;1096;1,000000000000000000000
2196;289;0,051724137931034482758
2196;437;0,051724137931034482758
2196;1014;0,120689655172413793103
2196;1173;0,051724137931034482758
2196;1187;0,034482758620689655172
2196;1282;0,017241379310344827586
2196;1567;0,068965517241379310344
2196;1692;0,051724137931034482758
2196;1699;0,017241379310344827586
2196;1763;0,051724137931034482758
2196;1939;0,017241379310344827586
2196;6461;0,034482758620689655172
2196;8491;0,017241379310344827586
2196;8580;0,137931034482758620689
2196;8957;0,051724137931034482758
2196;10176;0,051724137931034482758
2196;27708;0,051724137931034482758
2196;59745;0,017241379310344827586
2196;324897;0,068965517241379310344
2196;408414;0,017241379310344827586
2196;1063091;0,017241379310344827586
2199;9476;0,500000000000000000000
2199;28569;0,500000000000000000000
2200;120;1,000000000000000000000
2210;3508;1,000000000000000000000
2212;26502;1,000000000000000000000
2218;529797;1,000000000000000000000
2223;127;0,500000000000000000000
2223;3158;0,500000000000000000000
2239;4299;1,000000000000000000000
2254;8071;1,000000000000000000000
2269;2133;1,000000000000000000000
2274;1589;0,500000000000000000000
2274;4892;0,500000000000000000000
2275;6918;1,000000000000000000000
2276;4472;1,000000000000000000000
2277;7660;1,000000000000000000000
2287;475;0,200000000000000000000
2287;2420;0,200000000000000000000
2287;2421;0,200000000000000000000
2287;408414;0,400000000000000000000
2293;249;0,125000000000000000000
2293;983;0,500000000000000000000
2293;3753;0,125000000000000000000
2293;4881;0,125000000000000000000
2293;5628;0,125000000000000000000
2310;320;1,000000000000000000000
2318;380;0,250000000000000000000
2318;1769;0,250000000000000000000
2318;3457;0,500000000000000000000
2349;9208;1,000000000000000000000
2350;891;0,600000000000000000000
2350;8636;0,200000000000000000000
2350;13452;0,200000000000000000000
2355;71;0,250000000000000000000
2355;1948;0,750000000000000000000
2364;431565;0,333333333333333333333
2364;1080900;0,333333333333333333333
2364;1122255;0,333333333333333333333
2372;2433;0,500000000000000000000
2372;8348;0,500000000000000000000
2374;689;0,333333333333333333333
2374;761;0,333333333333333333333
2374;248838;0,333333333333333333333
2379;3234;1,000000000000000000000
2422;101;0,250000000000000000000
2422;1041;0,750000000000000000000
2433;1082;0,250000000000000000000
2433;2372;0,250000000000000000000
2433;3968;0,500000000000000000000
2438;1288;0,333333333333333333333
2438;3071;0,333333333333333333333
2438;9159;0,333333333333333333333
2440;642;0,333333333333333333333
2440;8539;0,333333333333333333333
2440;191508;0,333333333333333333333
2445;527;0,117647058823529411764
2445;645;0,058823529411764705882
2445;854;0,058823529411764705882
2445;2099;0,235294117647058823529
2445;3235;0,176470588235294117647
2445;3802;0,352941176470588235294
2461;3753;1,000000000000000000000
2479;309;0,200000000000000000000
2479;3123;0,200000000000000000000
2479;3852;0,200000000000000000000
2479;3996;0,400000000000000000000
2481;13335;1,000000000000000000000
2484;1843;0,200000000000000000000
2484;4355;0,400000000000000000000
2484;5635;0,400000000000000000000
2487;57;0,500000000000000000000
2487;89;0,500000000000000000000
2489;2863;0,500000000000000000000
2489;7030;0,500000000000000000000
2494;983;0,500000000000000000000
2494;547708;0,500000000000000000000
2498;289;0,400000000000000000000
2498;3962;0,200000000000000000000
2498;10020;0,200000000000000000000
2498;14683;0,200000000000000000000
2503;383070;1,000000000000000000000
2504;8143;1,000000000000000000000
2509;2318;0,500000000000000000000
2509;20801;0,500000000000000000000
2515;1988;0,125000000000000000000
2515;3045;0,375000000000000000000
2515;3601;0,250000000000000000000
2515;4881;0,125000000000000000000
2515;398786;0,125000000000000000000
2516;219;1,000000000000000000000
2518;1893;1,000000000000000000000
2523;281170;1,000000000000000000000
2544;4522;1,000000000000000000000
2547;3523;0,200000000000000000000
2547;3664;0,400000000000000000000
2547;8253;0,200000000000000000000
2547;906176;0,200000000000000000000
2555;4627;0,333333333333333333333
2555;1142847;0,666666666666666666666
2561;431565;0,500000000000000000000
2561;1142637;0,500000000000000000000
2578;2704;0,500000000000000000000
2578;7650;0,500000000000000000000
2585;983;1,000000000000000000000
2591;2176;1,000000000000000000000
2596;3320;1,000000000000000000000
2600;4892;1,000000000000000000000
2657;520;1,000000000000000000000
2659;3697;1,000000000000000000000
2661;2713;0,500000000000000000000
2661;7160;0,500000000000000000000
2664;17208;1,000000000000000000000
2678;3618;0,125000000000000000000
2678;3978;0,250000000000000000000
2678;4821;0,062500000000000000000
2678;5915;0,062500000000000000000
2678;7859;0,312500000000000000000
2678;21697;0,125000000000000000000
2678;365536;0,062500000000000000000
2684;980;1,000000000000000000000
2697;846;0,090909090909090909090
2697;1066;0,545454545454545454545
2697;2146;0,090909090909090909090
2697;2147;0,181818181818181818181
2697;15643;0,090909090909090909090
2704;1210;0,500000000000000000000
2704;2578;0,500000000000000000000
2712;1637;1,000000000000000000000
2713;1160;0,090909090909090909090
2713;1889;0,363636363636363636363
2713;2661;0,272727272727272727272
2713;7160;0,272727272727272727272
2740;369262;1,000000000000000000000
2741;625;0,714285714285714285714
2741;2330;0,142857142857142857142
2741;813240;0,142857142857142857142
2761;1340;1,000000000000000000000
2778;3968;1,000000000000000000000
2779;2780;1,000000000000000000000
2780;2779;1,000000000000000000000
2788;24;1,000000000000000000000
2799;2008;1,000000000000000000000
2822;3513;1,000000000000000000000
2823;3141;1,000000000000000000000
2825;127;0,625000000000000000000
2825;2826;0,375000000000000000000
2826;127;0,230769230769230769230
2826;1321;0,384615384615384615384
2826;2825;0,230769230769230769230
2826;27719;0,153846153846153846153
2832;866;0,500000000000000000000
2832;5691;0,500000000000000000000
2834;468;0,250000000000000000000
2834;846;0,500000000000000000000
2834;2863;0,250000000000000000000
2850;306;0,200000000000000000000
2850;1307;0,200000000000000000000
2850;3911;0,600000000000000000000
2852;85;0,500000000000000000000
2852;1154;0,500000000000000000000
2884;8909;1,000000000000000000000
2897;1092;0,500000000000000000000
2897;468947;0,500000000000000000000
2916;2932;0,500000000000000000000
2916;2948;0,500000000000000000000
2950;13537;1,000000000000000000000
2972;1117;0,200000000000000000000
2972;8253;0,400000000000000000000
2972;98841;0,200000000000000000000
2972;1080816;0,200000000000000000000
2993;5617;1,000000000000000000000
3022;21112;1,000000000000000000000
3033;28617;1,000000000000000000000
3045;249;0,166666666666666666666
3045;861;0,333333333333333333333
3045;2515;0,333333333333333333333
3045;2655;0,166666666666666666666
3069;642;0,333333333333333333333
3069;1965;0,666666666666666666666
3071;2438;1,000000000000000000000
3087;38;1,000000000000000000000
3098;71;0,200000000000000000000
3098;835;0,400000000000000000000
3098;1663;0,200000000000000000000
3098;3123;0,200000000000000000000
3105;846;0,250000000000000000000
3105;1344;0,500000000000000000000
3105;512469;0,250000000000000000000
3123;71;0,037037037037037037037
3123;189;0,037037037037037037037
3123;309;0,037037037037037037037
3123;644;0,037037037037037037037
3123;835;0,037037037037037037037
3123;1022;0,037037037037037037037
3123;1276;0,037037037037037037037
3123;1657;0,037037037037037037037
3123;2414;0,037037037037037037037
3123;2479;0,037037037037037037037
3123;2736;0,037037037037037037037
3123;3098;0,074074074074074074074
3123;3141;0,037037037037037037037
3123;3852;0,037037037037037037037
3123;3996;0,037037037037037037037
3123;4159;0,037037037037037037037
3123;4501;0,037037037037037037037
3123;5306;0,037037037037037037037
3123;5338;0,037037037037037037037
3123;5659;0,037037037037037037037
3123;6496;0,037037037037037037037
3123;6497;0,037037037037037037037
3123;6514;0,037037037037037037037
3123;6515;0,037037037037037037037
3123;6517;0,037037037037037037037
3123;6523;0,037037037037037037037
3141;242;0,058823529411764705882
3141;1231;0,411764705882352941176
3141;2823;0,176470588235294117647
3141;4501;0,058823529411764705882
3141;6503;0,294117647058823529411
3142;4262;0,500000000000000000000
3142;9807;0,500000000000000000000
3143;3966;1,000000000000000000000
3145;1044;0,333333333333333333333
3145;2736;0,111111111111111111111
3145;6045;0,111111111111111111111
3145;6503;0,111111111111111111111
3145;23096;0,333333333333333333333
3158;22;0,166666666666666666666
3158;2223;0,333333333333333333333
3158;13026;0,333333333333333333333
3158;13369;0,166666666666666666666
3169;2648;0,500000000000000000000
3169;4991;0,500000000000000000000
3176;184987;1,000000000000000000000
3188;520;0,200000000000000000000
3188;521;0,600000000000000000000
3188;2204;0,200000000000000000000
3189;2731;1,000000000000000000000
3203;7135;1,000000000000000000000
3209;398786;1,000000000000000000000
3230;596;1,000000000000000000000
3233;295;0,125000000000000000000
3233;990;0,250000000000000000000
3233;2326;0,500000000000000000000
3233;5000;0,125000000000000000000
3235;135;0,500000000000000000000
3235;2445;0,500000000000000000000
3241;4906;1,000000000000000000000
3245;1873;0,111111111111111111111
3245;3633;0,111111111111111111111
3245;3753;0,111111111111111111111
3245;3857;0,111111111111111111111
3245;5578;0,111111111111111111111
3245;323416;0,111111111111111111111
3245;823709;0,111111111111111111111
3245;1082399;0,111111111111111111111
3245;1215007;0,111111111111111111111
3256;194;0,111111111111111111111
3256;1897;0,111111111111111111111
3256;2512;0,111111111111111111111
3256;8985;0,555555555555555555555
3256;666007;0,111111111111111111111
3271;1060;1,000000000000000000000
3296;3591;1,000000000000000000000
3304;545;1,000000000000000000000
3306;405;1,000000000000000000000
3320;527;0,600000000000000000000
3320;4307;0,200000000000000000000
3320;18695;0,200000000000000000000
3328;1122;0,500000000000000000000
3328;2504;0,500000000000000000000
3344;7275;1,000000000000000000000
3355;524;0,600000000000000000000
3355;4979;0,200000000000000000000
3355;330934;0,200000000000000000000
3356;524;0,571428571428571428571
3356;526;0,142857142857142857142
3356;2027;0,142857142857142857142
3356;7939;0,142857142857142857142
3359;934;0,333333333333333333333
3359;1402;0,333333333333333333333
3359;1705;0,333333333333333333333
3383;196;1,000000000000000000000
3393;122;0,500000000000000000000
3393;8363;0,500000000000000000000
3394;131;0,333333333333333333333
3394;1231;0,666666666666666666666
3395;435;0,250000000000000000000
3395;517;0,250000000000000000000
3395;5640;0,500000000000000000000
3403;6624;1,000000000000000000000
3414;4262;0,956521739130434782608
3414;4491;0,043478260869565217391
3418;4697;1,000000000000000000000
3420;8909;1,000000000000000000000
3427;8212;1,000000000000000000000
3429;279;0,500000000000000000000
3429;4299;0,166666666666666666666
3429;4613;0,166666666666666666666
3429;10020;0,166666666666666666666
3443;668;0,285714285714285714285
3443;876;0,571428571428571428571
3443;1131;0,142857142857142857142
3450;273;0,500000000000000000000
3450;738;0,500000000000000000000
3457;2318;0,500000000000000000000
3457;3458;0,500000000000000000000
3473;3429;1,000000000000000000000
3476;930;1,000000000000000000000
3496;1135;1,000000000000000000000
3500;3015;1,000000000000000000000
3513;392;1,000000000000000000000
3515;668;1,000000000000000000000
3518;331627;0,666666666666666666666
3518;365533;0,333333333333333333333
3523;628;0,028571428571428571428
3523;695;0,114285714285714285714
3523;2547;0,028571428571428571428
3523;59745;0,200000000000000000000
3523;78108;0,085714285714285714285
3523;98841;0,057142857142857142857
3523;408414;0,028571428571428571428
3523;604246;0,057142857142857142857
3523;906176;0,314285714285714285714
3523;940328;0,085714285714285714285
3528;625;0,800000000000000000000
3528;2291;0,200000000000000000000
3535;8156;1,000000000000000000000
3551;1293;0,333333333333333333333
3551;1854;0,333333333333333333333
3551;118234;0,333333333333333333333
3574;4024;0,333333333333333333333
3574;4853;0,333333333333333333333
3574;28119;0,333333333333333333333
3575;8539;1,000000000000000000000
3585;7699;0,666666666666666666666
3585;248834;0,333333333333333333333
3587;1938;1,000000000000000000000
3588;3587;1,000000000000000000000
3591;466;0,500000000000000000000
3591;3296;0,250000000000000000000
3591;9381;0,250000000000000000000
3601;2515;0,500000000000000000000
3601;4881;0,500000000000000000000
3618;1288;0,142857142857142857142
3618;2678;0,428571428571428571428
3618;3978;0,428571428571428571428
3625;502;1,000000000000000000000
3633;3857;1,000000000000000000000
3665;1650;0,750000000000000000000
3665;4497;0,250000000000000000000
3675;4772;0,500000000000000000000
3675;5014;0,500000000000000000000
3685;5627;0,333333333333333333333
3685;8267;0,333333333333333333333
3685;8306;0,333333333333333333333
3697;1451;1,000000000000000000000
3714;9026;1,000000000000000000000
3738;761;1,000000000000000000000
3748;5519;1,000000000000000000000
3753;96;0,076923076923076923076
3753;249;0,076923076923076923076
3753;983;0,076923076923076923076
3753;2293;0,076923076923076923076
3753;2461;0,307692307692307692307
3753;3857;0,076923076923076923076
3753;4825;0,153846153846153846153
3753;5578;0,076923076923076923076
3753;5628;0,076923076923076923076
3768;1906;1,000000000000000000000
3791;9729;1,000000000000000000000
3800;4237;1,000000000000000000000
3802;183;0,142857142857142857142
3802;1277;0,285714285714285714285
3802;2445;0,428571428571428571428
3802;10188;0,142857142857142857142
3809;1010;0,250000000000000000000
3809;13504;0,750000000000000000000
3811;527;1,000000000000000000000
3825;2494;1,000000000000000000000
3836;494;1,000000000000000000000
3857;1873;0,062500000000000000000
3857;3245;0,125000000000000000000
3857;3633;0,125000000000000000000
3857;3753;0,062500000000000000000
3857;5578;0,062500000000000000000
3857;5628;0,250000000000000000000
3857;276695;0,062500000000000000000
3857;323416;0,062500000000000000000
3857;823709;0,062500000000000000000
3857;1082399;0,062500000000000000000
3857;1215007;0,062500000000000000000
3864;14;1,000000000000000000000
3872;241;1,000000000000000000000
3891;1719;0,312500000000000000000
3891;2800;0,062500000000000000000
3891;2884;0,062500000000000000000
3891;3678;0,062500000000000000000
3891;4355;0,187500000000000000000
3891;5493;0,125000000000000000000
3891;8909;0,062500000000000000000
3891;38738;0,062500000000000000000
3891;834579;0,062500000000000000000
3911;2850;1,000000000000000000000
3962;3176;0,500000000000000000000
3962;184987;0,500000000000000000000
3968;1877;0,200000000000000000000
3968;2433;0,200000000000000000000
3968;368117;0,600000000000000000000
3971;934;0,250000000000000000000
3971;2607;0,250000000000000000000
3971;7994;0,250000000000000000000
3971;11232;0,250000000000000000000
3978;271;0,250000000000000000000
3978;3618;0,250000000000000000000
3978;15867;0,250000000000000000000
3978;1107304;0,250000000000000000000
3980;4374;1,000000000000000000000
3996;2479;0,333333333333333333333
3996;960642;0,666666666666666666666
3998;1122;0,333333333333333333333
3998;5441;0,333333333333333333333
3998;383070;0,333333333333333333333
3999;4821;1,000000000000000000000
4004;15643;0,750000000000000000000
4004;1029650;0,250000000000000000000
4020;1526;1,000000000000000000000
4024;71;1,000000000000000000000
4052;861;1,000000000000000000000
4059;1196;0,333333333333333333333
4059;4396;0,333333333333333333333
4059;8225;0,333333333333333333333
4070;9391;0,500000000000000000000
4070;985164;0,500000000000000000000
4078;414;1,000000000000000000000
4080;96;1,000000000000000000000
4132;27557;1,000000000000000000000
4148;59841;1,000000000000000000000
4159;277;0,076923076923076923076
4159;565;0,076923076923076923076
4159;1231;0,692307692307692307692
4159;2512;0,076923076923076923076
4159;2995;0,076923076923076923076
4173;111;0,040000000000000000000
4173;452;0,040000000000000000000
4173;531;0,040000000000000000000
4173;668;0,120000000000000000000
4173;754;0,120000000000000000000
4173;819;0,040000000000000000000
4173;876;0,160000000000000000000
4173;933;0,040000000000000000000
4173;1130;0,040000000000000000000
4173;507180;0,120000000000000000000
4173;642255;0,120000000000000000000
4173;665791;0,120000000000000000000
4179;12936;1,000000000000000000000
4187;241;0,400000000000000000000
4187;455;0,600000000000000000000
4213;4313;0,666666666666666666666
4213;13670;0,333333333333333333333
4215;334;1,000000000000000000000
4225;761;1,000000000000000000000
4237;5484;1,000000000000000000000
4240;9807;1,000000000000000000000
4262;911;0,041666666666666666666
4262;3414;0,916666666666666666666
4262;16644;0,041666666666666666666
4269;1077888;1,000000000000000000000
4280;4281;0,750000000000000000000
4280;18247;0,250000000000000000000
4281;1121;0,166666666666666666666
4281;4280;0,333333333333333333333
4281;5351;0,166666666666666666666
4281;9807;0,333333333333333333333
4299;2239;0,333333333333333333333
4299;3429;0,333333333333333333333
4299;10020;0,333333333333333333333
4307;2596;0,090909090909090909090
4307;3320;0,181818181818181818181
4307;3811;0,181818181818181818181
4307;5093;0,090909090909090909090
4307;5603;0,090909090909090909090
4307;6812;0,090909090909090909090
4307;12159;0,090909090909090909090
4307;17248;0,181818181818181818181
4313;11;0,333333333333333333333
4313;283;0,166666666666666666666
4313;472;0,166666666666666666666
4313;628;0,166666666666666666666
4313;4213;0,166666666666666666666
4334;4247;1,000000000000000000000
4344;1574;1,000000000000000000000
4355;211;0,166666666666666666666
4355;1855;0,083333333333333333333
4355;2484;0,166666666666666666666
4355;2661;0,083333333333333333333
4355;3891;0,166666666666666666666
4355;5493;0,083333333333333333333
4355;110738;0,250000000000000000000
4359;5628;0,200000000000000000000
4359;8489;0,200000000000000000000
4359;163510;0,100000000000000000000
4359;813240;0,500000000000000000000
4364;2213;1,000000000000000000000
4377;652;0,333333333333333333333
4377;1855;0,333333333333333333333
4377;1104773;0,333333333333333333333
4432;3411;1,000000000000000000000
4435;20476;1,000000000000000000000
4437;10352;1,000000000000000000000
4472;13428;1,000000000000000000000
4486;3532;1,000000000000000000000
4491;3414;1,000000000000000000000
4518;6072;1,000000000000000000000
4522;2544;1,000000000000000000000
4552;41;0,473684210526315789473
4552;1261;0,473684210526315789473
4552;1866;0,052631578947368421052
4553;1981;0,500000000000000000000
4553;5383;0,500000000000000000000
4561;528;1,000000000000000000000
4572;8489;1,000000000000000000000
4576;5053;1,000000000000000000000
4592;101;0,200000000000000000000
4592;5719;0,200000000000000000000
4592;393418;0,600000000000000000000
4598;1639;1,000000000000000000000
4613;3429;1,000000000000000000000
4627;2555;1,000000000000000000000
4639;1089;0,250000000000000000000
4639;3499;0,250000000000000000000
4639;13796;0,250000000000000000000
4639;28602;0,250000000000000000000
4681;955;0,500000000000000000000
4681;276963;0,500000000000000000000
4697;492;0,500000000000000000000
4697;3418;0,500000000000000000000
4713;615;1,000000000000000000000
4715;1401;0,200000000000000000000
4715;1744;0,200000000000000000000
4715;4240;0,200000000000000000000
4715;7221;0,200000000000000000000
4715;8723;0,200000000000000000000
4719;4293;0,500000000000000000000
4719;5464;0,500000000000000000000
4750;23563;1,000000000000000000000
4772;649;0,250000000000000000000
4772;1717;0,500000000000000000000
4772;3675;0,250000000000000000000
4777;283;1,000000000000000000000
4821;1822;1,000000000000000000000
4935;2288;1,000000000000000000000
4979;2780;0,500000000000000000000
4979;3356;0,500000000000000000000
5053;4576;0,666666666666666666666
5053;7756;0,333333333333333333333
5054;9367;0,500000000000000000000
5054;12826;0,500000000000000000000
5061;163;0,250000000000000000000
5061;543;0,250000000000000000000
5061;5613;0,250000000000000000000
5061;8062;0,250000000000000000000
5071;854;0,083333333333333333333
5071;990;0,083333333333333333333
5071;1180;0,083333333333333333333
5071;1391;0,250000000000000000000
5071;1692;0,083333333333333333333
5071;1705;0,083333333333333333333
5071;1769;0,083333333333333333333
5071;3905;0,083333333333333333333
5071;12596;0,166666666666666666666
5077;12591;1,000000000000000000000
5083;1180;1,000000000000000000000
5093;273;0,500000000000000000000
5093;3811;0,500000000000000000000
5125;7906;1,000000000000000000000
5142;829;0,166666666666666666666
5142;7160;0,333333333333333333333
5142;10109;0,166666666666666666666
5142;1056888;0,166666666666666666666
5142;1198160;0,166666666666666666666
5167;190;0,500000000000000000000
5167;4262;0,500000000000000000000
5168;1137;0,500000000000000000000
5168;41565;0,500000000000000000000
5177;4621;1,000000000000000000000
5180;1839;1,000000000000000000000
5219;2046;1,000000000000000000000
5232;17727;1,000000000000000000000
5264;2052;0,666666666666666666666
5264;5350;0,333333333333333333333
5289;100;0,500000000000000000000
5289;285;0,500000000000000000000
5309;4538;0,500000000000000000000
5309;6681;0,500000000000000000000
5338;71;0,250000000000000000000
5338;644;0,250000000000000000000
5338;2739;0,250000000000000000000
5338;3098;0,250000000000000000000
5350;5264;1,000000000000000000000
5351;4281;1,000000000000000000000
5354;5960;1,000000000000000000000
5415;320;1,000000000000000000000
5440;1066;0,333333333333333333333
5440;1596;0,333333333333333333333
5440;2434;0,166666666666666666666
5440;2851;0,166666666666666666666
5464;48;0,100000000000000000000
5464;178;0,100000000000000000000
5464;380;0,200000000000000000000
5464;2166;0,100000000000000000000
5464;4293;0,200000000000000000000
5464;4719;0,300000000000000000000
5469;1109;1,000000000000000000000
5519;5922;1,000000000000000000000
5530;9184;1,000000000000000000000
5578;249;0,500000000000000000000
5578;3753;0,500000000000000000000
5603;4307;1,000000000000000000000
5610;740;0,333333333333333333333
5610;1902;0,333333333333333333333
5610;5909;0,333333333333333333333
5613;23;0,100000000000000000000
5613;306;0,025000000000000000000
5613;1855;0,075000000000000000000
5613;2199;0,025000000000000000000
5613;2851;0,550000000000000000000
5613;5061;0,050000000000000000000
5613;8062;0,075000000000000000000
5613;8909;0,025000000000000000000
5613;9476;0,025000000000000000000
5613;13907;0,025000000000000000000
5613;17584;0,025000000000000000000
5617;3465;0,166666666666666666666
5617;13704;0,500000000000000000000
5617;189452;0,333333333333333333333
5623;706;0,500000000000000000000
5623;876;0,500000000000000000000
5626;2585;1,000000000000000000000
5628;42;0,021276595744680851063
5628;96;0,127659574468085106382
5628;237;0,021276595744680851063
5628;249;0,021276595744680851063
5628;261;0,042553191489361702127
5628;1141;0,021276595744680851063
5628;1156;0,021276595744680851063
5628;1364;0,021276595744680851063
5628;1873;0,021276595744680851063
5628;1988;0,021276595744680851063
5628;2145;0,021276595744680851063
5628;2293;0,021276595744680851063
5628;2461;0,021276595744680851063
5628;3000;0,021276595744680851063
5628;3174;0,021276595744680851063
5628;3219;0,021276595744680851063
5628;3245;0,021276595744680851063
5628;3633;0,021276595744680851063
5628;3753;0,042553191489361702127
5628;3857;0,042553191489361702127
5628;4323;0,021276595744680851063
5628;4881;0,021276595744680851063
5628;5578;0,021276595744680851063
5628;6113;0,021276595744680851063
5628;6666;0,021276595744680851063
5628;9805;0,021276595744680851063
5628;17720;0,021276595744680851063
5628;19939;0,021276595744680851063
5628;24668;0,021276595744680851063
5628;67275;0,021276595744680851063
5628;137801;0,021276595744680851063
5628;229072;0,021276595744680851063
5628;276695;0,021276595744680851063
5628;323416;0,021276595744680851063
5628;823709;0,021276595744680851063
5628;1082399;0,021276595744680851063
5628;1130242;0,021276595744680851063
5628;1215007;0,021276595744680851063
5628;1215008;0,021276595744680851063
5635;2484;1,000000000000000000000
5638;28783;1,000000000000000000000
5640;829;0,142857142857142857142
5640;3395;0,428571428571428571428
5640;8253;0,285714285714285714285
5640;474028;0,142857142857142857142
5647;7135;1,000000000000000000000
5693;997;1,000000000000000000000
5852;66075;1,000000000000000000000
5909;1902;1,000000000000000000000
5922;5519;1,000000000000000000000
5960;5354;1,000000000000000000000
6000;120;1,000000000000000000000
6027;6509;1,000000000000000000000
6045;3145;1,000000000000000000000
6072;4518;1,000000000000000000000
6130;1254;1,000000000000000000000
6169;1938;1,000000000000000000000
6203;85;0,400000000000000000000
6203;1154;0,400000000000000000000
6203;2852;0,200000000000000000000
6234;1121;0,500000000000000000000
6234;1231;0,500000000000000000000
6316;1121;1,000000000000000000000
6347;2472;1,000000000000000000000
6440;74;0,500000000000000000000
6440;38738;0,500000000000000000000
6447;488062;1,000000000000000000000
6461;568;0,333333333333333333333
6461;2196;0,666666666666666666666
6465;2385;1,000000000000000000000
6496;59841;1,000000000000000000000
6501;644;0,500000000000000000000
6501;1657;0,500000000000000000000
6503;1231;0,333333333333333333333
6503;3141;0,666666666666666666666
6505;71;1,000000000000000000000
6509;4501;0,400000000000000000000
6509;6027;0,200000000000000000000
6509;6504;0,400000000000000000000
6535;615;0,333333333333333333333
6535;1149;0,333333333333333333333
6535;1160;0,333333333333333333333
6543;2852;1,000000000000000000000
6624;3403;1,000000000000000000000
6681;5309;1,000000000000000000000
6693;7650;1,000000000000000000000
6694;545;0,200000000000000000000
6694;1596;0,200000000000000000000
6694;5915;0,400000000000000000000
6694;9159;0,200000000000000000000
6723;435;0,200000000000000000000
6723;829;0,100000000000000000000
6723;1156;0,200000000000000000000
6723;1967;0,200000000000000000000
6723;9288;0,100000000000000000000
6723;75230;0,200000000000000000000
6746;4098;1,000000000000000000000
6765;25230;1,000000000000000000000
6773;682;0,500000000000000000000
6773;394755;0,500000000000000000000
6788;306;0,400000000000000000000
6788;571;0,200000000000000000000
6788;9729;0,200000000000000000000
6788;1087033;0,200000000000000000000
6812;527;0,750000000000000000000
6812;4307;0,250000000000000000000
6828;22;1,000000000000000000000
6918;1042;1,000000000000000000000
6940;1609;1,000000000000000000000
7030;2489;0,500000000000000000000
7030;59841;0,500000000000000000000
7049;267;0,041666666666666666666
7049;861;0,041666666666666666666
7049;1570;0,166666666666666666666
7049;1583;0,375000000000000000000
7049;10020;0,208333333333333333333
7049;12907;0,166666666666666666666
7095;404;0,166666666666666666666
7095;519;0,166666666666666666666
7095;704;0,166666666666666666666
7095;3318;0,166666666666666666666
7095;9288;0,333333333333333333333
7116;279;1,000000000000000000000
7128;54;1,000000000000000000000
7130;845;0,250000000000000000000
7130;846;0,250000000000000000000
7130;1065;0,250000000000000000000
7130;1437;0,250000000000000000000
7131;9905;1,000000000000000000000
7135;441;0,333333333333333333333
7135;12591;0,666666666666666666666
7160;135;0,055555555555555555555
7160;250;0,055555555555555555555
7160;625;0,111111111111111111111
7160;2661;0,222222222222222222222
7160;2713;0,222222222222222222222
7160;5142;0,111111111111111111111
7160;408414;0,222222222222222222222
7209;320;1,000000000000000000000
7221;466;0,500000000000000000000
7221;1744;0,500000000000000000000
7341;399;1,000000000000000000000
7418;1344;1,000000000000000000000
7543;1454;0,016393442622950819672
7543;1898;0,065573770491803278688
7543;2743;0,065573770491803278688
7543;2786;0,016393442622950819672
7543;3007;0,065573770491803278688
7543;3256;0,016393442622950819672
7543;3420;0,032786885245901639344
7543;3685;0,016393442622950819672
7543;4587;0,049180327868852459016
7543;5136;0,032786885245901639344
7543;7717;0,049180327868852459016
7543;7975;0,032786885245901639344
7543;8212;0,016393442622950819672
7543;12959;0,032786885245901639344
7543;27613;0,049180327868852459016
7543;152027;0,377049180327868852459
7543;329272;0,065573770491803278688
7564;2066;1,000000000000000000000
7572;2596;1,000000000000000000000
7574;131383;1,000000000000000000000
7578;1182;0,250000000000000000000
7578;8440;0,750000000000000000000
7626;975;0,666666666666666666666
7626;398786;0,333333333333333333333
7650;6693;0,500000000000000000000
7650;9402;0,500000000000000000000
7672;642;1,000000000000000000000
7738;3656;0,500000000000000000000
7738;10175;0,500000000000000000000
7747;2054;1,000000000000000000000
7748;5635;1,000000000000000000000
7759;497;0,333333333333333333333
7759;1780;0,333333333333333333333
7759;9208;0,333333333333333333333
7859;2678;1,000000000000000000000
7886;4625;1,000000000000000000000
7939;524;1,000000000000000000000
7968;475;1,000000000000000000000
7994;174;0,166666666666666666666
7994;492;0,083333333333333333333
7994;1453;0,083333333333333333333
7994;1697;0,083333333333333333333
7994;1705;0,166666666666666666666
7994;3823;0,083333333333333333333
7994;3971;0,166666666666666666666
7994;5753;0,083333333333333333333
7994;529797;0,083333333333333333333
8009;8281;1,000000000000000000000
8017;6000;1,000000000000000000000
8062;1855;0,200000000000000000000
8062;5061;0,400000000000000000000
8062;5613;0,400000000000000000000
8106;4293;1,000000000000000000000
8162;275;1,000000000000000000000
8175;13;0,500000000000000000000
8175;291;0,500000000000000000000
8212;1171;0,500000000000000000000
8212;3427;0,500000000000000000000
8229;891;0,333333333333333333333
8229;2350;0,333333333333333333333
8229;5627;0,333333333333333333333
8281;59;1,000000000000000000000
8306;2512;0,500000000000000000000
8306;113392;0,500000000000000000000
8373;66075;1,000000000000000000000
8440;7578;1,000000000000000000000
8441;35;1,000000000000000000000
8442;8473;1,000000000000000000000
8446;3563;0,333333333333333333333
8446;5011;0,666666666666666666666
8447;525;0,200000000000000000000
8447;3209;0,200000000000000000000
8447;7478;0,200000000000000000000
8447;398786;0,200000000000000000000
8447;418454;0,200000000000000000000
8465;66;0,006993006993006993006
8465;240;0,013986013986013986013
8465;362;0,013986013986013986013
8465;475;0,272727272727272727272
8465;479;0,013986013986013986013
8465;520;0,013986013986013986013
8465;525;0,013986013986013986013
8465;706;0,013986013986013986013
8465;793;0,013986013986013986013
8465;852;0,013986013986013986013
8465;1107;0,013986013986013986013
8465;1171;0,013986013986013986013
8465;1313;0,013986013986013986013
8465;1314;0,013986013986013986013
8465;1315;0,013986013986013986013
8465;1748;0,013986013986013986013
8465;1938;0,013986013986013986013
8465;2306;0,013986013986013986013
8465;2490;0,013986013986013986013
8465;2491;0,013986013986013986013
8465;2815;0,013986013986013986013
8465;3038;0,013986013986013986013
8465;3374;0,013986013986013986013
8465;3590;0,013986013986013986013
8465;4219;0,013986013986013986013
8465;4242;0,013986013986013986013
8465;4497;0,013986013986013986013
8465;4706;0,013986013986013986013
8465;4835;0,013986013986013986013
8465;4991;0,013986013986013986013
8465;4995;0,013986013986013986013
8465;4998;0,013986013986013986013
8465;4999;0,013986013986013986013
8465;5001;0,013986013986013986013
8465;5002;0,013986013986013986013
8465;5003;0,013986013986013986013
8465;5005;0,013986013986013986013
8465;5011;0,013986013986013986013
8465;5013;0,020979020979020979020
8465;5019;0,013986013986013986013
8465;5666;0,013986013986013986013
8465;5935;0,013986013986013986013
8465;8438;0,013986013986013986013
8465;8442;0,013986013986013986013
8465;8449;0,013986013986013986013
8465;8458;0,013986013986013986013
8465;8460;0,013986013986013986013
8465;8462;0,013986013986013986013
8465;8470;0,013986013986013986013
8465;8473;0,013986013986013986013
8465;8476;0,013986013986013986013
8465;21271;0,013986013986013986013
8465;310049;0,013986013986013986013
8473;479;0,666666666666666666666
8473;1439;0,333333333333333333333
8489;469;0,166666666666666666666
8489;1898;0,166666666666666666666
8489;2741;0,166666666666666666666
8489;2852;0,166666666666666666666
8489;4359;0,166666666666666666666
8489;5872;0,166666666666666666666
8580;1282;0,500000000000000000000
8580;2196;0,500000000000000000000
8590;1014;1,000000000000000000000
8623;1419;0,250000000000000000000
8623;2017;0,666666666666666666666
8623;14151;0,083333333333333333333
8648;266;0,333333333333333333333
8648;273;0,333333333333333333333
8648;4885;0,333333333333333333333
8666;990;1,000000000000000000000
8723;4240;1,000000000000000000000
8749;1462;0,666666666666666666666
8749;329279;0,333333333333333333333
8820;373677;1,000000000000000000000
8909;2884;0,250000000000000000000
8909;3420;0,250000000000000000000
8909;5613;0,250000000000000000000
8909;665791;0,250000000000000000000
8931;28464;0,250000000000000000000
8931;547708;0,750000000000000000000
8933;190;1,000000000000000000000
8985;3256;0,500000000000000000000
8985;8253;0,500000000000000000000
9026;526;0,333333333333333333333
9026;3356;0,666666666666666666666
9159;2438;0,500000000000000000000
9159;6694;0,500000000000000000000
9184;2280;1,000000000000000000000
9208;2349;0,500000000000000000000
9208;7759;0,166666666666666666666
9208;308238;0,333333333333333333333
9234;484;1,000000000000000000000
9367;295;0,200000000000000000000
9367;1100;0,400000000000000000000
9367;13335;0,100000000000000000000
9367;14124;0,300000000000000000000
9381;3591;1,000000000000000000000
9384;2023;1,000000000000000000000
9391;528;0,200000000000000000000
9391;1066;0,200000000000000000000
9391;1109;0,200000000000000000000
9391;1263;0,200000000000000000000
9391;4070;0,200000000000000000000
9392;3998;1,000000000000000000000
9402;1101;0,333333333333333333333
9402;1109;0,333333333333333333333
9402;7650;0,333333333333333333333
9440;14;1,000000000000000000000
9476;2199;1,000000000000000000000
9483;557;1,000000000000000000000
9657;285;1,000000000000000000000
9720;964;0,142857142857142857142
9720;1520;0,142857142857142857142
9720;1667;0,285714285714285714285
9720;3237;0,142857142857142857142
9720;3877;0,142857142857142857142
9720;4268;0,142857142857142857142
9722;808;0,500000000000000000000
9722;1227;0,500000000000000000000
9729;266;0,035714285714285714285
9729;527;0,035714285714285714285
9729;750;0,035714285714285714285
9729;1600;0,035714285714285714285
9729;2605;0,035714285714285714285
9729;3791;0,035714285714285714285
9729;3811;0,035714285714285714285
9729;3944;0,035714285714285714285
9729;4307;0,035714285714285714285
9729;4681;0,035714285714285714285
9729;6788;0,035714285714285714285
9729;6913;0,035714285714285714285
9729;8350;0,035714285714285714285
9729;8648;0,035714285714285714285
9729;9762;0,071428571428571428571
9729;9940;0,035714285714285714285
9729;12159;0,035714285714285714285
9729;13398;0,035714285714285714285
9729;13814;0,035714285714285714285
9729;17426;0,035714285714285714285
9729;28763;0,035714285714285714285
9729;81163;0,035714285714285714285
9729;276963;0,035714285714285714285
9729;328526;0,035714285714285714285
9729;343424;0,071428571428571428571
9729;388810;0,035714285714285714285
9730;488;1,000000000000000000000
9762;9722;0,333333333333333333333
9762;9729;0,333333333333333333333
9762;1101851;0,333333333333333333333
9807;526;0,333333333333333333333
9807;877;0,333333333333333333333
9807;4240;0,166666666666666666666
9807;4281;0,166666666666666666666
9832;1831;0,500000000000000000000
9832;12938;0,500000000000000000000
9940;964;1,000000000000000000000
9951;749;1,000000000000000000000
10000;3116;1,000000000000000000000
10020;2498;0,142857142857142857142
10020;3429;0,428571428571428571428
10020;4299;0,428571428571428571428
10085;1824;1,000000000000000000000
10109;85;0,200000000000000000000
10109;1639;0,200000000000000000000
10109;1056888;0,200000000000000000000
10109;1198160;0,400000000000000000000
10188;135;0,111111111111111111111
10188;1277;0,222222222222222222222
10188;1591;0,055555555555555555555
10188;2111;0,500000000000000000000
10188;3802;0,055555555555555555555
10188;1080816;0,055555555555555555555
10338;1164;0,500000000000000000000
10338;1785;0,500000000000000000000
10352;4437;1,000000000000000000000
10435;1606;1,000000000000000000000
10649;749;0,111111111111111111111
10649;977;0,444444444444444444444
10649;9395;0,111111111111111111111
10649;112062;0,333333333333333333333
10763;1164;1,000000000000000000000
11213;190;1,000000000000000000000
11536;3355;1,000000000000000000000
11695;2543;1,000000000000000000000
11966;5616;1,000000000000000000000
12156;853;0,083333333333333333333
12156;1319;0,083333333333333333333
12156;1717;0,083333333333333333333
12156;4430;0,083333333333333333333
12156;4470;0,083333333333333333333
12156;4772;0,083333333333333333333
12156;5526;0,083333333333333333333
12156;8873;0,083333333333333333333
12156;9090;0,083333333333333333333
12156;13622;0,083333333333333333333
12156;27862;0,083333333333333333333
12156;122436;0,083333333333333333333
12159;1092;0,454545454545454545454
12159;1600;0,090909090909090909090
12159;2897;0,090909090909090909090
12159;3222;0,181818181818181818181
12159;4307;0,090909090909090909090
12159;5093;0,090909090909090909090
12176;13799;1,000000000000000000000
12391;1142;1,000000000000000000000
12430;255899;1,000000000000000000000
12591;5077;0,833333333333333333333
12591;7135;0,166666666666666666666
12596;1016;0,142857142857142857142
12596;1180;0,571428571428571428571
12596;1556;0,142857142857142857142
12596;5071;0,142857142857142857142
12698;54;1,000000000000000000000
12768;564;1,000000000000000000000
12775;13253;1,000000000000000000000
12817;1117;1,000000000000000000000
12876;798;1,000000000000000000000
12936;4179;1,000000000000000000000
12938;9832;1,000000000000000000000
13253;96;0,041666666666666666666
13253;249;0,041666666666666666666
13253;285;0,041666666666666666666
13253;882;0,020833333333333333333
13253;1048;0,020833333333333333333
13253;1141;0,020833333333333333333
13253;1156;0,020833333333333333333
13253;1495;0,020833333333333333333
13253;1868;0,020833333333333333333
13253;1873;0,020833333333333333333
13253;1988;0,208333333333333333333
13253;2375;0,020833333333333333333
13253;2474;0,020833333333333333333
13253;2515;0,041666666666666666666
13253;2742;0,020833333333333333333
13253;3000;0,020833333333333333333
13253;3005;0,020833333333333333333
13253;3459;0,020833333333333333333
13253;3857;0,020833333333333333333
13253;3872;0,020833333333333333333
13253;4553;0,020833333333333333333
13253;4881;0,041666666666666666666
13253;5223;0,020833333333333333333
13253;5578;0,020833333333333333333
13253;6666;0,020833333333333333333
13253;12775;0,041666666666666666666
13253;22211;0,020833333333333333333
13253;67275;0,020833333333333333333
13253;229072;0,020833333333333333333
13253;257563;0,020833333333333333333
13253;276695;0,020833333333333333333
13253;281170;0,020833333333333333333
13253;355336;0,020833333333333333333
13265;7650;0,500000000000000000000
13265;9217;0,500000000000000000000
13335;423;0,062500000000000000000
13335;2481;0,062500000000000000000
13335;4344;0,250000000000000000000
13335;5117;0,062500000000000000000
13335;9367;0,250000000000000000000
13335;13396;0,062500000000000000000
13335;14742;0,187500000000000000000
13335;1122255;0,062500000000000000000
13369;3158;1,000000000000000000000
13396;852;1,000000000000000000000
13419;8199;1,000000000000000000000
13452;7636;1,000000000000000000000
13504;3809;1,000000000000000000000
13537;1554;0,181818181818181818181
13537;2825;0,181818181818181818181
13537;2950;0,363636363636363636363
13537;4206;0,090909090909090909090
13537;5440;0,090909090909090909090
13537;604246;0,090909090909090909090
13720;54;1,000000000000000000000
13814;266;1,000000000000000000000
13907;5613;1,000000000000000000000
14010;113;0,750000000000000000000
14010;8017;0,250000000000000000000
14124;9367;1,000000000000000000000
14151;38;0,012820512820512820512
14151;54;0,012820512820512820512
14151;96;0,038461538461538461538
14151;140;0,012820512820512820512
14151;249;0,051282051282051282051
14151;285;0,012820512820512820512
14151;346;0,012820512820512820512
14151;375;0,025641025641025641025
14151;407;0,025641025641025641025
14151;527;0,012820512820512820512
14151;652;0,025641025641025641025
14151;796;0,012820512820512820512
14151;1111;0,012820512820512820512
14151;1154;0,038461538461538461538
14151;1162;0,051282051282051282051
14151;1419;0,025641025641025641025
14151;1464;0,012820512820512820512
14151;1637;0,012820512820512820512
14151;2041;0,038461538461538461538
14151;2054;0,038461538461538461538
14151;2129;0,012820512820512820512
14151;2182;0,012820512820512820512
14151;2515;0,012820512820512820512
14151;2780;0,025641025641025641025
14151;3142;0,012820512820512820512
14151;3753;0,025641025641025641025
14151;3811;0,012820512820512820512
14151;4307;0,012820512820512820512
14151;4345;0,025641025641025641025
14151;4377;0,012820512820512820512
14151;4598;0,025641025641025641025
14151;5009;0,012820512820512820512
14151;5578;0,025641025641025641025
14151;5657;0,012820512820512820512
14151;6913;0,012820512820512820512
14151;8623;0,025641025641025641025
14151;9729;0,025641025641025641025
14151;9730;0,025641025641025641025
14151;10390;0,012820512820512820512
14151;12159;0,012820512820512820512
14151;21750;0,025641025641025641025
14151;27862;0,012820512820512820512
14151;54440;0,012820512820512820512
14151;83231;0,051282051282051282051
14151;239963;0,012820512820512820512
14151;239969;0,012820512820512820512
14151;286988;0,012820512820512820512
14151;328526;0,012820512820512820512
14323;3446;1,000000000000000000000
14826;5029;1,000000000000000000000
15048;1684;1,000000000000000000000
15471;275;0,142857142857142857142
15471;282;0,142857142857142857142
15471;477;0,142857142857142857142
15471;731;0,142857142857142857142
15471;5138;0,142857142857142857142
15471;173893;0,142857142857142857142
15471;282773;0,142857142857142857142
15643;277;0,041666666666666666666
15643;425;0,041666666666666666666
15643;427;0,041666666666666666666
15643;443;0,041666666666666666666
15643;749;0,041666666666666666666
15643;1118;0,041666666666666666666
15643;1180;0,041666666666666666666
15643;1366;0,041666666666666666666
15643;1946;0,041666666666666666666
15643;2697;0,083333333333333333333
15643;3607;0,041666666666666666666
15643;3685;0,041666666666666666666
15643;4004;0,083333333333333333333
15643;4344;0,041666666666666666666
15643;5071;0,041666666666666666666
15643;6627;0,041666666666666666666
15643;7605;0,083333333333333333333
15643;9047;0,041666666666666666666
15643;20235;0,041666666666666666666
15643;28569;0,083333333333333333333
15887;7418;1,000000000000000000000
15975;9905;1,000000000000000000000
16076;1997;1,000000000000000000000
16497;1041;0,250000000000000000000
16497;1771;0,750000000000000000000
16644;3414;1,000000000000000000000
17047;307;1,000000000000000000000
17248;3256;0,500000000000000000000
17248;4307;0,500000000000000000000
17268;25488;1,000000000000000000000
17281;66075;1,000000000000000000000
17678;1840;1,000000000000000000000
17727;5232;1,000000000000000000000
17918;3174;0,333333333333333333333
17918;38738;0,333333333333333333333
17918;42210;0,333333333333333333333
18247;3241;0,333333333333333333333
18247;4280;0,333333333333333333333
18247;4281;0,333333333333333333333
18398;13579;1,000000000000000000000
18641;283;0,071428571428571428571
18641;296;0,071428571428571428571
18641;2697;0,071428571428571428571
18641;2744;0,071428571428571428571
18641;2863;0,071428571428571428571
18641;2916;0,071428571428571428571
18641;3123;0,071428571428571428571
18641;3256;0,071428571428571428571
18641;3427;0,071428571428571428571
18641;3683;0,071428571428571428571
18641;5149;0,071428571428571428571
18641;7975;0,071428571428571428571
18641;8715;0,071428571428571428571
18641;26705;0,071428571428571428571
19402;4629;1,000000000000000000000
20235;442;0,500000000000000000000
20235;443;0,125000000000000000000
20235;5557;0,125000000000000000000
20235;9184;0,125000000000000000000
20235;15643;0,125000000000000000000
20393;27615;1,000000000000000000000
20474;1322;1,000000000000000000000
20476;4435;1,000000000000000000000
20843;3099;1,000000000000000000000
20915;17720;1,000000000000000000000
21112;14010;1,000000000000000000000
21268;706;1,000000000000000000000
21697;96;0,250000000000000000000
21697;2678;0,750000000000000000000
22123;488;0,500000000000000000000
22123;738;0,500000000000000000000
23096;3145;1,000000000000000000000
23173;3664;1,000000000000000000000
23563;4750;1,000000000000000000000
23720;281;0,250000000000000000000
23720;791903;0,750000000000000000000
23930;1843;1,000000000000000000000
24113;959966;1,000000000000000000000
24254;738;1,000000000000000000000
24668;5628;0,500000000000000000000
24668;8353;0,500000000000000000000
24839;1162;1,000000000000000000000
25264;781;1,000000000000000000000
25488;17268;1,000000000000000000000
26070;704;0,500000000000000000000
26070;945;0,500000000000000000000
27349;2098;1,000000000000000000000
27416;983;1,000000000000000000000
27652;4586;0,500000000000000000000
27652;26566;0,500000000000000000000
27674;119;1,000000000000000000000
27719;2826;1,000000000000000000000
27790;977;1,000000000000000000000
27852;1171;0,500000000000000000000
27852;2512;0,500000000000000000000
27862;140;0,750000000000000000000
27862;4892;0,250000000000000000000
27902;28;1,000000000000000000000
27966;20476;1,000000000000000000000
27984;7660;1,000000000000000000000
28130;27349;1,000000000000000000000
28337;389;0,600000000000000000000
28337;1178;0,200000000000000000000
28337;3867;0,200000000000000000000
28397;2648;0,500000000000000000000
28397;5484;0,500000000000000000000
28464;519;1,000000000000000000000
28528;854;1,000000000000000000000
28567;1663;1,000000000000000000000
28569;2199;0,666666666666666666666
28569;15643;0,333333333333333333333
28657;4090;1,000000000000000000000
28970;1348;1,000000000000000000000
30696;2704;0,200000000000000000000
30696;2850;0,800000000000000000000
30811;37814;1,000000000000000000000
31343;96;0,333333333333333333333
31343;2461;0,333333333333333333333
31343;4825;0,333333333333333333333
37814;30811;1,000000000000000000000
38589;625;0,500000000000000000000
38589;6203;0,500000000000000000000
38738;652;1,000000000000000000000
40028;979;1,000000000000000000000
45924;428;0,500000000000000000000
45924;7572;0,500000000000000000000
48255;66;1,000000000000000000000
54879;10926;1,000000000000000000000
55134;1574;1,000000000000000000000
59745;695;0,027777777777777777777
59745;1169;0,361111111111111111111
59745;1939;0,027777777777777777777
59745;3523;0,166666666666666666666
59745;59841;0,027777777777777777777
59745;349041;0,055555555555555555555
59745;366089;0,166666666666666666666
59745;408414;0,027777777777777777777
59745;604246;0,027777777777777777777
59745;1173768;0,111111111111111111111
59841;283;0,021739130434782608695
59841;293;0,021739130434782608695
59841;296;0,021739130434782608695
59841;419;0,021739130434782608695
59841;845;0,021739130434782608695
59841;846;0,065217391304347826086
59841;885;0,043478260869565217391
59841;1065;0,021739130434782608695
59841;1066;0,021739130434782608695
59841;1142;0,021739130434782608695
59841;1563;0,021739130434782608695
59841;2697;0,021739130434782608695
59841;2731;0,021739130434782608695
59841;2744;0,021739130434782608695
59841;2863;0,021739130434782608695
59841;3123;0,021739130434782608695
59841;3256;0,021739130434782608695
59841;3683;0,043478260869565217391
59841;4148;0,108695652173913043478
59841;5149;0,021739130434782608695
59841;5245;0,021739130434782608695
59841;5638;0,021739130434782608695
59841;5789;0,021739130434782608695
59841;6496;0,021739130434782608695
59841;6497;0,021739130434782608695
59841;7660;0,021739130434782608695
59841;8268;0,021739130434782608695
59841;8715;0,021739130434782608695
59841;9019;0,021739130434782608695
59841;12959;0,043478260869565217391
59841;13502;0,021739130434782608695
59841;59745;0,021739130434782608695
59841;366089;0,021739130434782608695
59841;604246;0,043478260869565217391
59841;764124;0,021739130434782608695
59841;813240;0,021739130434782608695
66075;3197;0,142857142857142857142
66075;5852;0,285714285714285714285
66075;8223;0,142857142857142857142
66075;17280;0,142857142857142857142
66075;17281;0,142857142857142857142
66075;715172;0,142857142857142857142
71411;747;0,125000000000000000000
71411;75827;0,625000000000000000000
71411;325599;0,250000000000000000000
75230;1967;1,000000000000000000000
78108;695;0,090909090909090909090
78108;3523;0,363636363636363636363
78108;59745;0,181818181818181818181
78108;366089;0,181818181818181818181
78108;906176;0,090909090909090909090
78108;1064740;0,090909090909090909090
89703;191488;1,000000000000000000000
98068;408414;1,000000000000000000000
98841;354;0,250000000000000000000
98841;1122;0,250000000000000000000
98841;1945;0,250000000000000000000
98841;59745;0,250000000000000000000
110738;4355;1,000000000000000000000
112062;475;0,285714285714285714285
112062;528;0,047619047619047619047
112062;749;0,190476190476190476190
112062;10649;0,238095238095238095238
112062;408414;0,190476190476190476190
112062;764124;0,047619047619047619047
113392;1974;0,428571428571428571428
113392;2350;0,428571428571428571428
113392;3212;0,142857142857142857142
113459;3683;1,000000000000000000000
114536;174;0,200000000000000000000
114536;437;0,100000000000000000000
114536;846;0,100000000000000000000
114536;1754;0,100000000000000000000
114536;2512;0,200000000000000000000
114536;1173953;0,300000000000000000000
116140;704910;0,500000000000000000000
116140;1122255;0,500000000000000000000
118234;3551;1,000000000000000000000
119483;1206;1,000000000000000000000
131383;695;0,166666666666666666666
131383;845;0,166666666666666666666
131383;18641;0,500000000000000000000
131383;623129;0,166666666666666666666
136664;5148;0,033333333333333333333
136664;1063091;0,966666666666666666666
140175;5628;0,500000000000000000000
140175;306994;0,500000000000000000000
144425;4098;1,000000000000000000000
146462;1988;0,500000000000000000000
146462;4881;0,500000000000000000000
160268;1182;0,083333333333333333333
160268;1748;0,083333333333333333333
160268;1778;0,083333333333333333333
160268;2306;0,166666666666666666666
160268;4108;0,083333333333333333333
160268;4225;0,083333333333333333333
160268;4379;0,083333333333333333333
160268;5935;0,083333333333333333333
160268;8440;0,166666666666666666666
160268;8442;0,083333333333333333333
163510;283;0,500000000000000000000
163510;860;0,500000000000000000000
173893;1065;0,250000000000000000000
173893;15471;0,250000000000000000000
173893;1129394;0,500000000000000000000
184646;356;0,400000000000000000000
184646;1048958;0,200000000000000000000
184646;1080816;0,200000000000000000000
184646;1142637;0,200000000000000000000
184987;3176;0,600000000000000000000
184987;3986;0,200000000000000000000
184987;17280;0,200000000000000000000
189452;174;0,250000000000000000000
189452;2799;0,250000000000000000000
189452;3381;0,250000000000000000000
189452;5617;0,250000000000000000000
190971;749;0,333333333333333333333
190971;846;0,333333333333333333333
190971;1171;0,333333333333333333333
191488;89703;1,000000000000000000000
192866;845;0,250000000000000000000
192866;846;0,250000000000000000000
192866;193005;0,500000000000000000000
193005;845;0,153846153846153846153
193005;846;0,461538461538461538461
193005;1041;0,076923076923076923076
193005;192866;0,307692307692307692307
238453;796;1,000000000000000000000
248832;347540;1,000000000000000000000
248834;5012;0,454545454545454545454
248834;7699;0,363636363636363636363
248834;248831;0,090909090909090909090
248834;1107305;0,090909090909090909090
248837;525;1,000000000000000000000
248838;2374;0,333333333333333333333
248838;4293;0,333333333333333333333
248838;248835;0,333333333333333333333
248840;975;0,500000000000000000000
248840;7626;0,500000000000000000000
248841;66;0,250000000000000000000
248841;1556;0,500000000000000000000
248841;5005;0,250000000000000000000
255899;682;1,000000000000000000000
256951;5484;1,000000000000000000000
257158;1697;1,000000000000000000000
276963;4681;1,000000000000000000000
278351;706;0,975000000000000000000
278351;1142;0,025000000000000000000
279623;367121;1,000000000000000000000
281170;615;0,166666666666666666666
281170;2523;0,500000000000000000000
281170;1208269;0,333333333333333333333
282900;1301;1,000000000000000000000
282958;275;0,500000000000000000000
282958;5534;0,250000000000000000000
282958;282773;0,250000000000000000000
283633;2302;1,000000000000000000000
283635;100;1,000000000000000000000
286660;995;0,333333333333333333333
286660;1122;0,333333333333333333333
286660;2150;0,333333333333333333333
306994;713;0,500000000000000000000
306994;140175;0,500000000000000000000
308238;9208;1,000000000000000000000
311584;360;0,500000000000000000000
311584;622466;0,500000000000000000000
323416;261;1,000000000000000000000
327858;3748;1,000000000000000000000
328526;9729;1,000000000000000000000
329272;846;1,000000000000000000000
331627;37;0,333333333333333333333
331627;1877;0,333333333333333333333
331627;3518;0,333333333333333333333
335189;1754;0,400000000000000000000
335189;6468;0,200000000000000000000
335189;8818;0,200000000000000000000
335189;383630;0,200000000000000000000
336640;635;0,400000000000000000000
336640;1637;0,600000000000000000000
343424;9729;1,000000000000000000000
347540;1556;0,500000000000000000000
347540;248832;0,500000000000000000000
349041;194;0,120000000000000000000
349041;359;0,040000000000000000000
349041;427;0,040000000000000000000
349041;472;0,120000000000000000000
349041;628;0,120000000000000000000
349041;1939;0,040000000000000000000
349041;1940;0,240000000000000000000
349041;59745;0,160000000000000000000
349041;1036379;0,120000000000000000000
352262;2359;1,000000000000000000000
352420;911;1,000000000000000000000
355594;379234;1,000000000000000000000
365531;1877;1,000000000000000000000
366089;190;0,142857142857142857142
366089;1169;0,428571428571428571428
366089;59745;0,142857142857142857142
366089;59841;0,142857142857142857142
366089;408414;0,142857142857142857142
366867;1182;0,250000000000000000000
366867;1600;0,500000000000000000000
366867;389498;0,250000000000000000000
368117;3968;1,000000000000000000000
372528;1344;0,250000000000000000000
372528;2182;0,250000000000000000000
372528;3104;0,250000000000000000000
372528;54440;0,250000000000000000000
373677;8820;1,000000000000000000000
374246;520;0,285714285714285714285
374246;851;0,285714285714285714285
374246;1340;0,142857142857142857142
374246;38738;0,142857142857142857142
374246;653504;0,142857142857142857142
377026;2853;1,000000000000000000000
377520;1771;1,000000000000000000000
379234;355594;1,000000000000000000000
381277;458;0,500000000000000000000
381277;713;0,500000000000000000000
383070;2503;1,000000000000000000000
383630;115;1,000000000000000000000
393418;37;0,100000000000000000000
393418;288;0,100000000000000000000
393418;4592;0,400000000000000000000
393418;6461;0,200000000000000000000
393418;7968;0,100000000000000000000
393418;8636;0,100000000000000000000
398786;229;0,117647058823529411764
398786;427;0,058823529411764705882
398786;749;0,117647058823529411764
398786;980;0,058823529411764705882
398786;1310;0,058823529411764705882
398786;2054;0,058823529411764705882
398786;2515;0,058823529411764705882
398786;3146;0,058823529411764705882
398786;3209;0,058823529411764705882
398786;4625;0,058823529411764705882
398786;5174;0,058823529411764705882
398786;7418;0,058823529411764705882
398786;7626;0,117647058823529411764
398786;8447;0,058823529411764705882
398787;749;1,000000000000000000000
403195;213;1,000000000000000000000
408414;475;0,138888888888888888888
408414;826;0,027777777777777777777
408414;1169;0,111111111111111111111
408414;2196;0,027777777777777777777
408414;2287;0,111111111111111111111
408414;6962;0,027777777777777777777
408414;7160;0,111111111111111111111
408414;8460;0,027777777777777777777
408414;27198;0,027777777777777777777
408414;59745;0,027777777777777777777
408414;112062;0,166666666666666666666
408414;589508;0,027777777777777777777
408414;1173768;0,166666666666666666666
431565;2561;0,200000000000000000000
431565;4988;0,200000000000000000000
431565;5643;0,200000000000000000000
431565;20648;0,200000000000000000000
431565;1080816;0,200000000000000000000
440497;1094;0,333333333333333333333
440497;4667;0,333333333333333333333
440497;25264;0,333333333333333333333
442813;13814;0,500000000000000000000
442813;471750;0,500000000000000000000
471750;266;0,333333333333333333333
471750;91818;0,666666666666666666666
474028;71;0,142857142857142857142
474028;854;0,142857142857142857142
474028;1569;0,142857142857142857142
474028;2277;0,142857142857142857142
474028;2972;0,142857142857142857142
474028;5054;0,142857142857142857142
474028;1031711;0,142857142857142857142
507180;668;0,750000000000000000000
507180;642255;0,250000000000000000000
511019;1024;0,875000000000000000000
511019;1574;0,125000000000000000000
512469;119;0,500000000000000000000
512469;3105;0,500000000000000000000
529797;306;0,166666666666666666666
529797;1840;0,166666666666666666666
529797;2218;0,333333333333333333333
529797;7994;0,333333333333333333333
533247;846;0,400000000000000000000
533247;965;0,400000000000000000000
533247;1066;0,200000000000000000000
547708;3515;0,333333333333333333333
547708;8931;0,333333333333333333333
547708;17282;0,333333333333333333333
547774;3650;1,000000000000000000000
559679;1122255;1,000000000000000000000
584314;21268;1,000000000000000000000
584969;485;1,000000000000000000000
587053;970;1,000000000000000000000
587057;1234;1,000000000000000000000
589508;408414;1,000000000000000000000
591752;163;0,500000000000000000000
591752;606743;0,500000000000000000000
604246;727;0,100000000000000000000
604246;3523;0,300000000000000000000
604246;4206;0,200000000000000000000
604246;59841;0,300000000000000000000
604246;366089;0,100000000000000000000
622466;311584;1,000000000000000000000
623129;744;0,200000000000000000000
623129;845;0,500000000000000000000
623129;982;0,100000000000000000000
623129;1041;0,050000000000000000000
623129;1107578;0,150000000000000000000
629364;1723;1,000000000000000000000
642255;43;0,058823529411764705882
642255;111;0,235294117647058823529
642255;452;0,058823529411764705882
642255;819;0,176470588235294117647
642255;876;0,176470588235294117647
642255;933;0,117647058823529411764
642255;1116;0,058823529411764705882
642255;1391;0,117647058823529411764
653504;249;0,333333333333333333333
653504;3235;0,333333333333333333333
653504;374246;0,333333333333333333333
669290;28;1,000000000000000000000
693032;241;0,066666666666666666666
693032;281;0,066666666666666666666
693032;719;0,133333333333333333333
693032;781;0,066666666666666666666
693032;873;0,066666666666666666666
693032;1129;0,066666666666666666666
693032;1370;0,066666666666666666666
693032;1710;0,066666666666666666666
693032;2398;0,066666666666666666666
693032;3838;0,066666666666666666666
693032;6105;0,066666666666666666666
693032;9258;0,066666666666666666666
693032;23720;0,066666666666666666666
693032;791903;0,066666666666666666666
701610;725179;1,000000000000000000000
715172;2175;0,200000000000000000000
715172;65998;0,200000000000000000000
715172;66075;0,600000000000000000000
725179;1124;0,500000000000000000000
725179;701610;0,500000000000000000000
727998;423971;1,000000000000000000000
743909;945;1,000000000000000000000
764124;112062;1,000000000000000000000
765984;550;0,500000000000000000000
765984;2206;0,500000000000000000000
791903;281;0,200000000000000000000
791903;876;0,200000000000000000000
791903;1370;0,200000000000000000000
791903;23720;0,400000000000000000000
813240;249;0,125000000000000000000
813240;268;0,041666666666666666666
813240;283;0,125000000000000000000
813240;1342;0,041666666666666666666
813240;1898;0,250000000000000000000
813240;2741;0,041666666666666666666
813240;3753;0,041666666666666666666
813240;4359;0,041666666666666666666
813240;59841;0,041666666666666666666
813240;329272;0,250000000000000000000
823709;96;1,000000000000000000000
891311;8465;1,000000000000000000000
906176;71;0,066666666666666666666
906176;521;0,033333333333333333333
906176;695;0,100000000000000000000
906176;2547;0,033333333333333333333
906176;3523;0,366666666666666666666
906176;78108;0,300000000000000000000
906176;366089;0,033333333333333333333
906176;408414;0,033333333333333333333
906176;940328;0,033333333333333333333
931417;232;0,333333333333333333333
931417;1608;0,166666666666666666666
931417;1700;0,166666666666666666666
931417;11476;0,166666666666666666666
931417;21396;0,166666666666666666666
985164;4070;1,000000000000000000000
1036379;1754;0,187500000000000000000
1036379;1940;0,750000000000000000000
1036379;349041;0,062500000000000000000
1048032;859;0,666666666666666666666
1048032;1065;0,333333333333333333333
1048958;1169;0,181818181818181818181
1048958;3716;0,363636363636363636363
1048958;184646;0,181818181818181818181
1048958;408414;0,181818181818181818181
1048958;1110539;0,090909090909090909090
1051510;408414;1,000000000000000000000
1056888;85;0,250000000000000000000
1056888;5142;0,250000000000000000000
1056888;10109;0,250000000000000000000
1056888;1198160;0,250000000000000000000
1063091;1692;0,083333333333333333333
1063091;136664;0,916666666666666666666
1064740;1118;1,000000000000000000000
1080816;423;0,125000000000000000000
1080816;1041;0,125000000000000000000
1080816;1117;0,125000000000000000000
1080816;2972;0,375000000000000000000
1080816;27615;0,125000000000000000000
1080816;431565;0,125000000000000000000
1080900;2364;0,500000000000000000000
1080900;431565;0,250000000000000000000
1080900;1122255;0,250000000000000000000
1082368;115;1,000000000000000000000
1087033;6788;1,000000000000000000000
1096171;61;0,250000000000000000000
1096171;3033;0,250000000000000000000
1096171;3905;0,250000000000000000000
1096171;248834;0,250000000000000000000
1101247;2054;0,500000000000000000000
1101247;4486;0,500000000000000000000
1104773;652;0,666666666666666666666
1104773;4377;0,333333333333333333333
1107304;3978;1,000000000000000000000
1107305;3551;1,000000000000000000000
1107578;24;0,090909090909090909090
1107578;740;0,181818181818181818181
1107578;845;0,090909090909090909090
1107578;1468;0,090909090909090909090
1107578;1657;0,181818181818181818181
1107578;21697;0,090909090909090909090
1107578;27416;0,181818181818181818181
1107578;623129;0,090909090909090909090
1107670;7906;1,000000000000000000000
1110187;6930;1,000000000000000000000
1110539;1048958;1,000000000000000000000
1121004;3256;0,500000000000000000000
1121004;9729;0,500000000000000000000
1122255;424;1,000000000000000000000
1123962;2139;1,000000000000000000000
1128679;1754;0,375000000000000000000
1128679;26347;0,250000000000000000000
1128679;114536;0,125000000000000000000
1128679;1110539;0,250000000000000000000
1129394;173893;1,000000000000000000000
1142431;263;0,500000000000000000000
1142431;1107578;0,500000000000000000000
1142637;2561;0,500000000000000000000
1142637;184646;0,500000000000000000000
1142847;2555;1,000000000000000000000
1173768;13;0,058823529411764705882
1173768;475;0,088235294117647058823
1173768;479;0,058823529411764705882
1173768;1169;0,264705882352941176470
1173768;3802;0,088235294117647058823
1173768;6962;0,029411764705882352941
1173768;59745;0,117647058823529411764
1173768;408414;0,294117647058823529411
1173953;835;0,333333333333333333333
1173953;114536;0,333333333333333333333
1173953;813240;0,333333333333333333333
1201199;28;1,000000000000000000000
1206339;7478;1,000000000000000000000
1208269;281170;1,000000000000000000000
1211346;2512;0,500000000000000000000
1211346;7057;0,500000000000000000000
