2;27966;1,000000000000000000000
9;8623;1,000000000000000000000
48;4293;0,666666666666666666666
48;4831;0,333333333333333333333
74;5016;1,000000000000000000000
80;531;0,100000000000000000000
80;668;0,200000000000000000000
80;876;0,100000000000000000000
80;1129;0,200000000000000000000
80;1131;0,100000000000000000000
80;2516;0,100000000000000000000
80;2518;0,100000000000000000000
80;321395;0,100000000000000000000
96;3045;0,125000000000000000000
96;3080;0,375000000000000000000
96;3219;0,250000000000000000000
96;24460;0,250000000000000000000
99;247;1,000000000000000000000
115;4269;0,500000000000000000000
115;6468;0,500000000000000000000
119;109;0,045454545454545454545
119;256;0,045454545454545454545
119;277;0,045454545454545454545
119;435;0,045454545454545454545
119;485;0,045454545454545454545
119;550;0,045454545454545454545
119;576;0,045454545454545454545
119;596;0,045454545454545454545
119;669;0,045454545454545454545
119;1348;0,136363636363636363636
119;1455;0,045454545454545454545
119;3372;0,045454545454545454545
119;5789;0,045454545454545454545
119;8081;0,045454545454545454545
119;12466;0,045454545454545454545
119;13721;0,045454545454545454545
119;18641;0,045454545454545454545
119;151929;0,090909090909090909090
119;510908;0,045454545454545454545
135;13;0,040000000000000000000
135;183;0,080000000000000000000
135;332;0,040000000000000000000
135;362;0,040000000000000000000
135;992;0,200000000000000000000
135;1196;0,040000000000000000000
135;1234;0,040000000000000000000
135;1278;0,120000000000000000000
135;1925;0,040000000000000000000
135;2111;0,200000000000000000000
135;5679;0,160000000000000000000
138;798;0,333333333333333333333
138;4205;0,333333333333333333333
138;4206;0,333333333333333333333
155;967;0,333333333333333333333
155;983;0,333333333333333333333
155;6554;0,333333333333333333333
163;18046;1,000000000000000000000
183;1234;0,333333333333333333333
183;1286;0,333333333333333333333
183;7577;0,333333333333333333333
190;5679;1,000000000000000000000
194;71;0,166666666666666666666
194;628;0,166666666666666666666
194;837;0,166666666666666666666
194;1754;0,166666666666666666666
194;349041;0,333333333333333333333
199;3105;0,500000000000000000000
199;5679;0,500000000000000000000
206;2046;0,090909090909090909090
206;4070;0,090909090909090909090
206;9391;0,818181818181818181818
213;747;0,250000000000000000000
213;1637;0,250000000000000000000
213;1976;0,125000000000000000000
213;2712;0,250000000000000000000
213;71411;0,125000000000000000000
220;1402;1,000000000000000000000
226;3429;0,500000000000000000000
226;4398;0,500000000000000000000
228;1425;0,500000000000000000000
228;1506;0,500000000000000000000
232;8902;1,000000000000000000000
235;2697;1,000000000000000000000
242;841;0,250000000000000000000
242;2434;0,250000000000000000000
242;2736;0,500000000000000000000
247;1779;1,000000000000000000000
256;208;1,000000000000000000000
263;420;0,500000000000000000000
263;1263;0,500000000000000000000
266;1600;0,250000000000000000000
266;3944;0,250000000000000000000
266;5603;0,250000000000000000000
266;8648;0,250000000000000000000
267;5289;0,500000000000000000000
267;27416;0,500000000000000000000
269;1967;0,666666666666666666666
269;2510;0,333333333333333333333
276;695;0,333333333333333333333
276;3395;0,333333333333333333333
276;41776;0,333333333333333333333
289;1321;0,500000000000000000000
289;1566;0,500000000000000000000
290;5679;0,800000000000000000000
290;8636;0,200000000000000000000
291;288;1,000000000000000000000
295;5679;1,000000000000000000000
313;13360;1,000000000000000000000
317;318;1,000000000000000000000
318;2445;1,000000000000000000000
320;5395;0,200000000000000000000
320;5415;0,200000000000000000000
320;7209;0,600000000000000000000
324;219;0,200000000000000000000
324;455;0,100000000000000000000
324;1893;0,300000000000000000000
324;2516;0,200000000000000000000
324;2518;0,200000000000000000000
332;111;0,029411764705882352941
332;135;0,058823529411764705882
332;281;0,029411764705882352941
332;452;0,147058823529411764705
332;530;0,029411764705882352941
332;531;0,029411764705882352941
332;668;0,029411764705882352941
332;675;0,029411764705882352941
332;718;0,029411764705882352941
332;719;0,029411764705882352941
332;754;0,029411764705882352941
332;819;0,029411764705882352941
332;876;0,029411764705882352941
332;933;0,058823529411764705882
332;1025;0,029411764705882352941
332;1116;0,029411764705882352941
332;1129;0,029411764705882352941
332;1130;0,058823529411764705882
332;1174;0,029411764705882352941
332;1370;0,029411764705882352941
332;1391;0,029411764705882352941
332;1647;0,029411764705882352941
332;1745;0,029411764705882352941
332;2436;0,029411764705882352941
332;4173;0,029411764705882352941
332;23720;0,029411764705882352941
332;65193;0,029411764705882352941
334;1986;0,500000000000000000000
334;3557;0,333333333333333333333
334;4215;0,166666666666666666666
356;4627;0,500000000000000000000
356;10306;0,500000000000000000000
359;945;1,000000000000000000000
365;3143;1,000000000000000000000
402;410;0,666666666666666666666
402;3513;0,333333333333333333333
411;5168;1,000000000000000000000
415;504;1,000000000000000000000
418;2140;1,000000000000000000000
420;11;0,026315789473684210526
420;24;0,026315789473684210526
420;113;0,026315789473684210526
420;131;0,026315789473684210526
420;263;0,026315789473684210526
420;275;0,026315789473684210526
420;369;0,026315789473684210526
420;425;0,052631578947368421052
420;427;0,026315789473684210526
420;485;0,026315789473684210526
420;531;0,026315789473684210526
420;567;0,026315789473684210526
420;643;0,026315789473684210526
420;738;0,026315789473684210526
420;934;0,026315789473684210526
420;982;0,052631578947368421052
420;1041;0,026315789473684210526
420;1130;0,026315789473684210526
420;1138;0,026315789473684210526
420;1355;0,026315789473684210526
420;1583;0,026315789473684210526
420;1669;0,026315789473684210526
420;1681;0,026315789473684210526
420;1974;0,026315789473684210526
420;2176;0,026315789473684210526
420;2803;0,026315789473684210526
420;2851;0,026315789473684210526
420;3111;0,026315789473684210526
420;3417;0,026315789473684210526
420;3570;0,026315789473684210526
420;3575;0,026315789473684210526
420;4424;0,026315789473684210526
420;4440;0,026315789473684210526
420;4890;0,026315789473684210526
420;9234;0,026315789473684210526
420;319757;0,026315789473684210526
453;839;0,300000000000000000000
453;1498;0,100000000000000000000
453;1717;0,300000000000000000000
453;4432;0,300000000000000000000
454;6349;1,000000000000000000000
466;5214;0,333333333333333333333
466;5679;0,333333333333333333333
466;9442;0,333333333333333333333
468;667;0,250000000000000000000
468;1717;0,250000000000000000000
468;4428;0,250000000000000000000
468;8489;0,250000000000000000000
470;1996;1,000000000000000000000
472;1620;0,500000000000000000000
472;1754;0,500000000000000000000
479;240;0,111111111111111111111
479;1182;0,111111111111111111111
479;3169;0,111111111111111111111
479;4222;0,111111111111111111111
479;5679;0,444444444444444444444
479;8460;0,111111111111111111111
484;1831;0,500000000000000000000
484;2647;0,500000000000000000000
485;119;0,500000000000000000000
485;551;0,250000000000000000000
485;4890;0,250000000000000000000
488;151929;1,000000000000000000000
492;1321;1,000000000000000000000
498;5679;1,000000000000000000000
502;80;0,111111111111111111111
502;1131;0,111111111111111111111
502;1248;0,111111111111111111111
502;3443;0,222222222222222222222
502;3515;0,111111111111111111111
502;3625;0,222222222222222222222
502;321395;0,111111111111111111111
504;8223;1,000000000000000000000
512;11536;1,000000000000000000000
520;362;0,055555555555555555555
520;521;0,055555555555555555555
520;522;0,055555555555555555555
520;523;0,055555555555555555555
520;524;0,055555555555555555555
520;525;0,055555555555555555555
520;526;0,055555555555555555555
520;527;0,055555555555555555555
520;528;0,055555555555555555555
520;529;0,055555555555555555555
520;2306;0,055555555555555555555
520;4379;0,111111111111111111111
520;4991;0,055555555555555555555
520;5679;0,222222222222222222222
522;151929;1,000000000000000000000
523;4421;1,000000000000000000000
527;17248;1,000000000000000000000
545;763;0,500000000000000000000
545;6694;0,500000000000000000000
550;132;0,263157894736842105263
550;596;0,105263157894736842105
550;658;0,157894736842105263157
550;1319;0,105263157894736842105
550;2882;0,105263157894736842105
550;3230;0,105263157894736842105
550;256804;0,157894736842105263157
551;3694;1,000000000000000000000
558;794;0,096774193548387096774
558;851;0,096774193548387096774
558;1035;0,096774193548387096774
558;1596;0,096774193548387096774
558;2657;0,096774193548387096774
558;2825;0,129032258064516129032
558;5440;0,096774193548387096774
558;7132;0,096774193548387096774
558;7866;0,096774193548387096774
558;374246;0,096774193548387096774
594;1780;0,142857142857142857142
594;2825;0,142857142857142857142
594;2826;0,142857142857142857142
594;3696;0,142857142857142857142
594;5679;0,428571428571428571428
602;13;1,000000000000000000000
608;609;1,000000000000000000000
612;9762;1,000000000000000000000
613;3811;1,000000000000000000000
615;283636;1,000000000000000000000
626;700;0,166666666666666666666
626;798;0,333333333333333333333
626;1154;0,166666666666666666666
626;1639;0,333333333333333333333
628;71;0,062500000000000000000
628;183;0,062500000000000000000
628;749;0,062500000000000000000
628;1762;0,062500000000000000000
628;1940;0,125000000000000000000
628;2825;0,062500000000000000000
628;3176;0,062500000000000000000
628;4627;0,062500000000000000000
628;59745;0,125000000000000000000
628;59841;0,062500000000000000000
628;349041;0,250000000000000000000
632;1117;0,166666666666666666666
632;2547;0,166666666666666666666
632;5679;0,666666666666666666666
635;2712;1,000000000000000000000
667;468;1,000000000000000000000
668;80;0,125000000000000000000
668;502;0,125000000000000000000
668;1248;0,125000000000000000000
668;3443;0,125000000000000000000
668;3515;0,125000000000000000000
668;3625;0,125000000000000000000
668;507180;0,250000000000000000000
675;1370;1,000000000000000000000
678;1889;0,250000000000000000000
678;2661;0,250000000000000000000
678;7116;0,250000000000000000000
678;7160;0,250000000000000000000
683;681;1,000000000000000000000
689;1945;1,000000000000000000000
694;363;1,000000000000000000000
700;352262;1,000000000000000000000
724;4376;1,000000000000000000000
744;845;1,000000000000000000000
747;213;0,666666666666666666666
747;76428;0,333333333333333333333
749;5679;1,000000000000000000000
761;1180;1,000000000000000000000
774;1162;0,250000000000000000000
774;3091;0,250000000000000000000
774;3829;0,250000000000000000000
774;20307;0,250000000000000000000
787;3459;1,000000000000000000000
815;1780;1,000000000000000000000
819;452;1,000000000000000000000
835;3123;0,200000000000000000000
835;5679;0,800000000000000000000
837;194;0,333333333333333333333
837;700;0,666666666666666666666
839;172;0,500000000000000000000
839;1476;0,500000000000000000000
841;242;0,500000000000000000000
841;2823;0,500000000000000000000
844;360;0,166666666666666666666
844;1719;0,333333333333333333333
844;3508;0,166666666666666666666
844;9338;0,166666666666666666666
844;13178;0,166666666666666666666
845;274;0,034482758620689655172
845;360;0,034482758620689655172
845;420;0,034482758620689655172
845;744;0,241379310344827586206
845;846;0,137931034482758620689
845;1234;0,034482758620689655172
845;1437;0,137931034482758620689
845;1724;0,068965517241379310344
845;3636;0,034482758620689655172
845;192866;0,137931034482758620689
845;193005;0,034482758620689655172
845;398787;0,068965517241379310344
846;131;0,111111111111111111111
846;263;0,111111111111111111111
846;744;0,111111111111111111111
846;845;0,222222222222222222222
846;1263;0,111111111111111111111
846;1437;0,222222222222222222222
846;192866;0,111111111111111111111
861;1583;1,000000000000000000000
864;296;1,000000000000000000000
865;945;1,000000000000000000000
885;4309;1,000000000000000000000
886;885;1,000000000000000000000
898;2467;1,000000000000000000000
911;1401;1,000000000000000000000
930;346;1,000000000000000000000
933;332;0,666666666666666666666
933;4173;0,333333333333333333333
945;396;0,125000000000000000000
945;1140;0,375000000000000000000
945;5679;0,500000000000000000000
956;522;0,333333333333333333333
956;527;0,333333333333333333333
956;1092;0,333333333333333333333
972;4553;1,000000000000000000000
979;1347;1,000000000000000000000
980;96;0,500000000000000000000
980;3219;0,500000000000000000000
982;425;1,000000000000000000000
983;24;0,500000000000000000000
983;4821;0,500000000000000000000
992;135;0,166666666666666666666
992;1647;0,166666666666666666666
992;1931;0,333333333333333333333
992;2684;0,333333333333333333333
995;351;0,076923076923076923076
995;628;0,384615384615384615384
995;700;0,076923076923076923076
995;719;0,076923076923076923076
995;1754;0,307692307692307692307
995;3823;0,076923076923076923076
1024;28752;1,000000000000000000000
1030;290;0,200000000000000000000
1030;3685;0,800000000000000000000
1036;4085;1,000000000000000000000
1041;373677;1,000000000000000000000
1042;1771;0,750000000000000000000
1042;1892;0,250000000000000000000
1043;122;0,500000000000000000000
1043;2291;0,500000000000000000000
1053;1949;1,000000000000000000000
1060;3271;1,000000000000000000000
1064;174;0,333333333333333333333
1064;1563;0,333333333333333333333
1064;4518;0,333333333333333333333
1079;13799;1,000000000000000000000
1082;609;0,500000000000000000000
1082;1434;0,500000000000000000000
1085;2591;0,250000000000000000000
1085;3610;0,250000000000000000000
1085;8756;0,250000000000000000000
1085;9296;0,250000000000000000000
1114;2153;1,000000000000000000000
1117;131;0,200000000000000000000
1117;2547;0,600000000000000000000
1117;8253;0,200000000000000000000
1118;354;0,166666666666666666666
1118;5679;0,500000000000000000000
1118;18641;0,166666666666666666666
1118;59841;0,166666666666666666666
1131;1248;0,500000000000000000000
1131;3515;0,500000000000000000000
1135;3176;0,500000000000000000000
1135;184987;0,500000000000000000000
1141;1988;1,000000000000000000000
1142;4313;1,000000000000000000000
1143;71;0,500000000000000000000
1143;6505;0,500000000000000000000
1149;1967;0,500000000000000000000
1149;4592;0,500000000000000000000
1154;222;0,333333333333333333333
1154;1981;0,166666666666666666666
1154;2302;0,166666666666666666666
1154;3436;0,166666666666666666666
1154;4553;0,166666666666666666666
1165;3829;0,333333333333333333333
1165;14826;0,333333333333333333333
1165;105800;0,333333333333333333333
1169;71;0,061224489795918367346
1169;100;0,061224489795918367346
1169;138;0,061224489795918367346
1169;276;0,061224489795918367346
1169;695;0,061224489795918367346
1169;1942;0,061224489795918367346
1169;1943;0,061224489795918367346
1169;1944;0,061224489795918367346
1169;1945;0,061224489795918367346
1169;1946;0,061224489795918367346
1169;3523;0,061224489795918367346
1169;4512;0,061224489795918367346
1169;59745;0,102040816326530612244
1169;98841;0,061224489795918367346
1169;131383;0,061224489795918367346
1169;366089;0,040816326530612244897
1173;2825;0,333333333333333333333
1173;2826;0,333333333333333333333
1173;3564;0,333333333333333333333
1174;531;0,400000000000000000000
1174;1391;0,200000000000000000000
1174;2436;0,200000000000000000000
1174;4173;0,200000000000000000000
1178;393;1,000000000000000000000
1190;15686;1,000000000000000000000
1205;747;0,500000000000000000000
1205;81648;0,500000000000000000000
1206;5329;1,000000000000000000000
1220;2445;0,125000000000000000000
1220;6641;0,500000000000000000000
1220;11826;0,125000000000000000000
1220;27066;0,250000000000000000000
1234;190;0,090909090909090909090
1234;528;0,090909090909090909090
1234;845;0,090909090909090909090
1234;964;0,090909090909090909090
1234;1235;0,454545454545454545454
1234;1237;0,090909090909090909090
1234;2181;0,090909090909090909090
1235;1234;0,600000000000000000000
1235;3393;0,200000000000000000000
1235;21154;0,200000000000000000000
1236;1235;1,000000000000000000000
1254;1171;0,090909090909090909090
1254;1508;0,090909090909090909090
1254;2131;0,090909090909090909090
1254;2318;0,090909090909090909090
1254;2882;0,090909090909090909090
1254;4744;0,090909090909090909090
1254;5617;0,090909090909090909090
1254;17611;0,090909090909090909090
1254;28602;0,090909090909090909090
1254;33843;0,090909090909090909090
1254;415767;0,090909090909090909090
1278;1591;1,000000000000000000000
1286;183;0,166666666666666666666
1286;242;0,166666666666666666666
1286;524;0,166666666666666666666
1286;9806;0,166666666666666666666
1286;28686;0,166666666666666666666
1286;57838;0,166666666666666666666
1305;4104;1,000000000000000000000
1307;4309;1,000000000000000000000
1310;1868;0,333333333333333333333
1310;2991;0,333333333333333333333
1310;3975;0,333333333333333333333
1316;545;0,111111111111111111111
1316;1361;0,111111111111111111111
1316;2547;0,444444444444444444444
1316;4274;0,111111111111111111111
1316;5338;0,111111111111111111111
1316;7577;0,111111111111111111111
1319;550;1,000000000000000000000
1321;289;0,333333333333333333333
1321;492;0,666666666666666666666
1326;1335;1,000000000000000000000
1327;2425;1,000000000000000000000
1333;378;1,000000000000000000000
1335;1326;0,666666666666666666666
1335;4281;0,333333333333333333333
1348;54;1,000000000000000000000
1364;96;0,500000000000000000000
1364;1988;0,500000000000000000000
1370;281;0,333333333333333333333
1370;675;0,333333333333333333333
1370;1130;0,333333333333333333333
1406;8910;1,000000000000000000000
1429;826;1,000000000000000000000
1437;845;0,250000000000000000000
1437;846;0,500000000000000000000
1437;192866;0,250000000000000000000
1439;5679;0,800000000000000000000
1439;28819;0,200000000000000000000
1451;3697;1,000000000000000000000
1453;2825;1,000000000000000000000
1462;2792;0,333333333333333333333
1462;4172;0,333333333333333333333
1462;12706;0,333333333333333333333
1487;909;1,000000000000000000000
1500;557;0,166666666666666666666
1500;9483;0,166666666666666666666
1500;12442;0,166666666666666666666
1500;16112;0,166666666666666666666
1500;16654;0,166666666666666666666
1500;19734;0,166666666666666666666
1510;35;0,200000000000000000000
1510;4954;0,200000000000000000000
1510;8441;0,200000000000000000000
1510;10926;0,400000000000000000000
1516;4841;1,000000000000000000000
1533;2512;1,000000000000000000000
1544;240;0,076923076923076923076
1544;520;0,230769230769230769230
1544;943;0,076923076923076923076
1544;1065;0,076923076923076923076
1544;1313;0,076923076923076923076
1544;1556;0,076923076923076923076
1544;1848;0,076923076923076923076
1544;5679;0,307692307692307692307
1556;2728;0,250000000000000000000
1556;5681;0,750000000000000000000
1567;1845;1,000000000000000000000
1570;5679;1,000000000000000000000
1574;24113;0,500000000000000000000
1574;46996;0,500000000000000000000
1589;39;0,700000000000000000000
1589;738;0,300000000000000000000
1591;1278;0,200000000000000000000
1591;2379;0,200000000000000000000
1591;2714;0,200000000000000000000
1591;3234;0,200000000000000000000
1591;5289;0,200000000000000000000
1613;4434;1,000000000000000000000
1616;984;0,500000000000000000000
1616;1118;0,500000000000000000000
1637;213;0,357142857142857142857
1637;635;0,142857142857142857142
1637;1471;0,071428571428571428571
1637;2712;0,357142857142857142857
1637;47352;0,071428571428571428571
1639;254;0,333333333333333333333
1639;626;0,666666666666666666666
1681;733;0,312500000000000000000
1681;1771;0,062500000000000000000
1681;2923;0,312500000000000000000
1681;282900;0,312500000000000000000
1696;891;1,000000000000000000000
1705;2825;1,000000000000000000000
1710;9258;1,000000000000000000000
1717;839;0,500000000000000000000
1717;366089;0,500000000000000000000
1725;4636;1,000000000000000000000
1754;194;0,250000000000000000000
1754;472;0,250000000000000000000
1754;1940;0,125000000000000000000
1754;576277;0,375000000000000000000
1771;1042;0,500000000000000000000
1771;1681;0,250000000000000000000
1771;2425;0,250000000000000000000
1778;1182;0,500000000000000000000
1778;4622;0,500000000000000000000
1780;594;0,142857142857142857142
1780;766;0,142857142857142857142
1780;815;0,142857142857142857142
1780;3271;0,142857142857142857142
1780;4500;0,142857142857142857142
1780;5698;0,142857142857142857142
1780;6548;0,142857142857142857142
1799;5776;1,000000000000000000000
1824;9114;0,500000000000000000000
1824;10085;0,500000000000000000000
1831;484;0,250000000000000000000
1831;658;0,250000000000000000000
1831;3096;0,250000000000000000000
1831;12938;0,250000000000000000000
1839;5679;1,000000000000000000000
1840;7756;1,000000000000000000000
1853;37814;1,000000000000000000000
1889;2661;0,600000000000000000000
1889;7160;0,400000000000000000000
1910;6234;1,000000000000000000000
1913;8873;0,333333333333333333333
1913;284852;0,333333333333333333333
1913;334473;0,333333333333333333333
1940;695;1,000000000000000000000
1942;1122;0,200000000000000000000
1942;5679;0,800000000000000000000
1945;689;1,000000000000000000000
1946;16665;1,000000000000000000000
1949;23;0,066666666666666666666
1949;547;0,033333333333333333333
1949;579;0,033333333333333333333
1949;652;0,033333333333333333333
1949;988;0,033333333333333333333
1949;1053;0,033333333333333333333
1949;2440;0,066666666666666666666
1949;3164;0,033333333333333333333
1949;3480;0,033333333333333333333
1949;3815;0,033333333333333333333
1949;4101;0,066666666666666666666
1949;4102;0,033333333333333333333
1949;4377;0,033333333333333333333
1949;4933;0,066666666666666666666
1949;5172;0,033333333333333333333
1949;5350;0,033333333333333333333
1949;5856;0,033333333333333333333
1949;6557;0,033333333333333333333
1949;7920;0,033333333333333333333
1949;12577;0,033333333333333333333
1949;13907;0,033333333333333333333
1949;17727;0,033333333333333333333
1949;22880;0,033333333333333333333
1949;24837;0,033333333333333333333
1949;24838;0,033333333333333333333
1949;367451;0,033333333333333333333
1967;2009;1,000000000000000000000
1983;2133;0,500000000000000000000
1983;283636;0,500000000000000000000
1988;860;0,500000000000000000000
1988;1141;0,250000000000000000000
1988;4881;0,250000000000000000000
1991;999;1,000000000000000000000
1996;8253;1,000000000000000000000
1997;3334;1,000000000000000000000
2004;488062;1,000000000000000000000
2015;2210;1,000000000000000000000
2039;2046;0,500000000000000000000
2039;2054;0,500000000000000000000
2080;39;0,025641025641025641025
2080;40;0,051282051282051282051
2080;74;0,025641025641025641025
2080;214;0,025641025641025641025
2080;747;0,025641025641025641025
2080;882;0,025641025641025641025
2080;1077;0,025641025641025641025
2080;1085;0,025641025641025641025
2080;1192;0,051282051282051282051
2080;1406;0,025641025641025641025
2080;1429;0,025641025641025641025
2080;1471;0,025641025641025641025
2080;1637;0,025641025641025641025
2080;1785;0,025641025641025641025
2080;2083;0,025641025641025641025
2080;2734;0,025641025641025641025
2080;3096;0,025641025641025641025
2080;3610;0,025641025641025641025
2080;3797;0,025641025641025641025
2080;4621;0,025641025641025641025
2080;5449;0,025641025641025641025
2080;7911;0,025641025641025641025
2080;8003;0,051282051282051282051
2080;8516;0,025641025641025641025
2080;10338;0,051282051282051282051
2080;22211;0,025641025641025641025
2080;25488;0,051282051282051282051
2080;40961;0,025641025641025641025
2080;42210;0,025641025641025641025
2080;47352;0,025641025641025641025
2080;50332;0,025641025641025641025
2080;50959;0,025641025641025641025
2080;90666;0,025641025641025641025
2080;357817;0,025641025641025641025
2086;5679;1,000000000000000000000
2099;2445;1,000000000000000000000
2137;945;1,000000000000000000000
2140;418;0,500000000000000000000
2140;1727;0,500000000000000000000
2164;1111;0,666666666666666666666
2164;3426;0,166666666666666666666
2164;4699;0,166666666666666666666
2195;5367;0,500000000000000000000
2195;11427;0,500000000000000000000
2203;3394;0,333333333333333333333
2203;3395;0,333333333333333333333
2203;474028;0,333333333333333333333
2210;2015;1,000000000000000000000
2218;248141;1,000000000000000000000
2239;2578;1,000000000000000000000
2269;2742;1,000000000000000000000
2271;13360;1,000000000000000000000
2275;1042;0,250000000000000000000
2275;4598;0,250000000000000000000
2275;15222;0,250000000000000000000
2275;373677;0,250000000000000000000
2287;1041;0,500000000000000000000
2287;25229;0,500000000000000000000
2330;3393;0,500000000000000000000
2330;6723;0,500000000000000000000
2335;999;1,000000000000000000000
2337;2438;1,000000000000000000000
2352;37815;1,000000000000000000000
2355;827;1,000000000000000000000
2369;7767;1,000000000000000000000
2379;3234;1,000000000000000000000
2421;127;0,500000000000000000000
2421;283636;0,500000000000000000000
2422;1041;1,000000000000000000000
2433;4430;0,333333333333333333333
2433;6461;0,666666666666666666666
2434;242;1,000000000000000000000
2436;7713;1,000000000000000000000
2438;2337;0,500000000000000000000
2438;3304;0,500000000000000000000
2440;1949;0,500000000000000000000
2440;8513;0,500000000000000000000
2445;1220;0,285714285714285714285
2445;1448;0,142857142857142857142
2445;2099;0,285714285714285714285
2445;3802;0,285714285714285714285
2467;898;1,000000000000000000000
2474;2523;0,500000000000000000000
2474;3869;0,500000000000000000000
2484;2825;1,000000000000000000000
2487;57;1,000000000000000000000
2498;10020;1,000000000000000000000
2516;876;0,666666666666666666666
2516;2518;0,333333333333333333333
2547;352;0,500000000000000000000
2547;379;0,500000000000000000000
2554;3876;0,500000000000000000000
2554;4424;0,500000000000000000000
2555;3876;0,555555555555555555555
2555;5679;0,444444444444444444444
2569;297;1,000000000000000000000
2591;74;0,066666666666666666666
2591;972;0,066666666666666666666
2591;1085;0,066666666666666666666
2591;1406;0,066666666666666666666
2591;1503;0,066666666666666666666
2591;2176;0,066666666666666666666
2591;2559;0,066666666666666666666
2591;3096;0,066666666666666666666
2591;3610;0,066666666666666666666
2591;3859;0,066666666666666666666
2591;4179;0,066666666666666666666
2591;8756;0,066666666666666666666
2591;9296;0,066666666666666666666
2591;12936;0,066666666666666666666
2591;22211;0,066666666666666666666
2600;266;0,500000000000000000000
2600;3334;0,500000000000000000000
2642;4268;1,000000000000000000000
2657;374246;1,000000000000000000000
2661;1889;0,500000000000000000000
2661;4355;0,062500000000000000000
2661;7160;0,437500000000000000000
2664;432293;1,000000000000000000000
2697;1066;0,500000000000000000000
2697;2786;0,500000000000000000000
2712;213;0,200000000000000000000
2712;1637;0,800000000000000000000
2713;4513;0,500000000000000000000
2713;7116;0,500000000000000000000
2739;2737;0,500000000000000000000
2739;333343;0,500000000000000000000
2756;85;1,000000000000000000000
2786;13795;1,000000000000000000000
2792;1237;1,000000000000000000000
2796;4890;1,000000000000000000000
2803;16;0,012578616352201257861
2803;57;0,012578616352201257861
2803;71;0,012578616352201257861
2803;82;0,012578616352201257861
2803;89;0,012578616352201257861
2803;129;0,012578616352201257861
2803;234;0,012578616352201257861
2803;309;0,012578616352201257861
2803;369;0,012578616352201257861
2803;644;0,012578616352201257861
2803;645;0,012578616352201257861
2803;827;0,012578616352201257861
2803;835;0,012578616352201257861
2803;890;0,012578616352201257861
2803;1022;0,012578616352201257861
2803;1040;0,012578616352201257861
2803;1143;0,012578616352201257861
2803;1152;0,012578616352201257861
2803;1231;0,012578616352201257861
2803;1276;0,012578616352201257861
2803;1612;0,012578616352201257861
2803;1657;0,012578616352201257861
2803;1948;0,012578616352201257861
2803;2355;0,012578616352201257861
2803;2414;0,012578616352201257861
2803;2479;0,012578616352201257861
2803;2487;0,012578616352201257861
2803;2736;0,012578616352201257861
2803;2802;0,012578616352201257861
2803;3098;0,012578616352201257861
2803;3123;0,012578616352201257861
2803;3128;0,012578616352201257861
2803;3141;0,012578616352201257861
2803;3145;0,012578616352201257861
2803;3237;0,012578616352201257861
2803;3399;0,012578616352201257861
2803;3574;0,012578616352201257861
2803;3852;0,012578616352201257861
2803;3953;0,012578616352201257861
2803;3967;0,012578616352201257861
2803;4024;0,012578616352201257861
2803;4159;0,012578616352201257861
2803;4160;0,012578616352201257861
2803;4306;0,012578616352201257861
2803;4501;0,012578616352201257861
2803;4695;0,012578616352201257861
2803;4853;0,012578616352201257861
2803;5136;0,012578616352201257861
2803;5306;0,012578616352201257861
2803;5338;0,012578616352201257861
2803;5607;0,012578616352201257861
2803;6045;0,012578616352201257861
2803;6495;0,012578616352201257861
2803;6496;0,012578616352201257861
2803;6497;0,012578616352201257861
2803;6498;0,006289308176100628930
2803;6499;0,012578616352201257861
2803;6501;0,012578616352201257861
2803;6502;0,012578616352201257861
2803;6503;0,012578616352201257861
2803;6504;0,012578616352201257861
2803;6505;0,012578616352201257861
2803;6506;0,012578616352201257861
2803;6509;0,012578616352201257861
2803;6511;0,012578616352201257861
2803;6512;0,012578616352201257861
2803;6513;0,012578616352201257861
2803;6514;0,018867924528301886792
2803;6515;0,012578616352201257861
2803;6517;0,012578616352201257861
2803;6518;0,012578616352201257861
2803;6520;0,012578616352201257861
2803;6523;0,012578616352201257861
2803;6524;0,012578616352201257861
2803;6527;0,012578616352201257861
2803;6543;0,006289308176100628930
2803;7686;0,012578616352201257861
2803;8238;0,012578616352201257861
2803;44211;0,012578616352201257861
2803;140271;0,012578616352201257861
2825;1453;0,500000000000000000000
2825;7873;0,500000000000000000000
2826;1173;1,000000000000000000000
2919;733;0,500000000000000000000
2919;2942;0,500000000000000000000
2961;1447;1,000000000000000000000
3005;251;1,000000000000000000000
3015;886;1,000000000000000000000
3045;96;0,250000000000000000000
3045;249;0,250000000000000000000
3045;861;0,250000000000000000000
3045;7116;0,250000000000000000000
3049;13360;1,000000000000000000000
3105;7111;1,000000000000000000000
3123;293;0,500000000000000000000
3123;1948;0,500000000000000000000
3141;2736;0,625000000000000000000
3141;16786;0,125000000000000000000
3141;333343;0,250000000000000000000
3164;7920;1,000000000000000000000
3169;479;0,500000000000000000000
3169;6929;0,500000000000000000000
3182;5464;1,000000000000000000000
3203;7135;1,000000000000000000000
3222;12159;1,000000000000000000000
3230;132;0,500000000000000000000
3230;2509;0,500000000000000000000
3245;3633;1,000000000000000000000
3250;7624;1,000000000000000000000
3251;59;1,000000000000000000000
3265;1713;1,000000000000000000000
3271;1060;1,000000000000000000000
3315;1014;0,100000000000000000000
3315;1563;0,100000000000000000000
3315;1700;0,100000000000000000000
3315;2890;0,100000000000000000000
3315;4570;0,100000000000000000000
3315;6940;0,300000000000000000000
3315;27696;0,100000000000000000000
3315;27734;0,100000000000000000000
3318;131;0,500000000000000000000
3318;3417;0,500000000000000000000
3320;527;1,000000000000000000000
3325;3143;1,000000000000000000000
3334;1997;0,111111111111111111111
3334;11534;0,888888888888888888888
3340;5679;1,000000000000000000000
3359;1321;0,166666666666666666666
3359;1402;0,166666666666666666666
3359;2195;0,666666666666666666666
3383;196;0,500000000000000000000
3383;285;0,500000000000000000000
3393;1235;0,666666666666666666666
3393;2330;0,333333333333333333333
3395;2203;0,500000000000000000000
3395;20843;0,500000000000000000000
3403;887;0,500000000000000000000
3403;1044;0,500000000000000000000
3420;5513;0,500000000000000000000
3420;11138;0,500000000000000000000
3427;1064;0,500000000000000000000
3427;114536;0,500000000000000000000
3429;284;0,333333333333333333333
3429;937;0,333333333333333333333
3429;3608;0,333333333333333333333
3443;502;1,000000000000000000000
3450;470;1,000000000000000000000
3473;2139;0,666666666666666666666
3473;5500;0,333333333333333333333
3485;5042;1,000000000000000000000
3515;502;0,500000000000000000000
3515;1131;0,500000000000000000000
3574;309;1,000000000000000000000
3591;5214;1,000000000000000000000
3601;281170;1,000000000000000000000
3625;668;1,000000000000000000000
3665;5484;1,000000000000000000000
3685;1293;1,000000000000000000000
3753;5578;1,000000000000000000000
3791;389498;1,000000000000000000000
3802;4078;0,500000000000000000000
3802;499117;0,500000000000000000000
3811;613;0,333333333333333333333
3811;4307;0,666666666666666666666
3829;1165;0,500000000000000000000
3829;105800;0,500000000000000000000
3842;770;0,111111111111111111111
3842;8165;0,111111111111111111111
3842;12441;0,777777777777777777777
3859;50332;1,000000000000000000000
3869;2474;1,000000000000000000000
3872;281067;1,000000000000000000000
3876;2555;1,000000000000000000000
3983;528;0,500000000000000000000
3983;4906;0,500000000000000000000
4004;727;0,500000000000000000000
4004;1307;0,500000000000000000000
4020;5679;0,800000000000000000000
4020;6723;0,200000000000000000000
4039;955;0,500000000000000000000
4039;3395;0,500000000000000000000
4058;2287;0,500000000000000000000
4058;12430;0,500000000000000000000
4073;27965;1,000000000000000000000
4080;937;0,500000000000000000000
4080;4350;0,500000000000000000000
4081;10175;1,000000000000000000000
4108;520;1,000000000000000000000
4117;2655;1,000000000000000000000
4145;419;0,045454545454545454545
4145;2004;0,045454545454545454545
4145;2005;0,045454545454545454545
4145;2175;0,272727272727272727272
4145;2264;0,045454545454545454545
4145;65998;0,272727272727272727272
4145;66075;0,272727272727272727272
4172;1462;1,000000000000000000000
4173;531;1,000000000000000000000
4215;334;0,333333333333333333333
4215;3029;0,333333333333333333333
4215;3557;0,333333333333333333333
4268;2642;0,500000000000000000000
4268;6749;0,500000000000000000000
4280;4281;1,000000000000000000000
4281;190;0,100000000000000000000
4281;1326;0,100000000000000000000
4281;1335;0,100000000000000000000
4281;3116;0,100000000000000000000
4281;4280;0,200000000000000000000
4281;5679;0,300000000000000000000
4281;9433;0,100000000000000000000
4299;3429;1,000000000000000000000
4307;3811;1,000000000000000000000
4317;5679;1,000000000000000000000
4376;455;0,034482758620689655172
4376;724;0,034482758620689655172
4376;861;0,103448275862068965517
4376;933;0,379310344827586206896
4376;1827;0,172413793103448275862
4376;2761;0,034482758620689655172
4376;5289;0,034482758620689655172
4376;14465;0,206896551724137931034
4430;2433;1,000000000000000000000
4434;1613;1,000000000000000000000
4435;2001;1,000000000000000000000
4436;1613;1,000000000000000000000
4471;8928;1,000000000000000000000
4472;104;0,250000000000000000000
4472;1498;0,250000000000000000000
4472;1598;0,250000000000000000000
4472;3328;0,250000000000000000000
4483;524;0,500000000000000000000
4483;1606;0,500000000000000000000
4510;12817;1,000000000000000000000
4553;1154;0,250000000000000000000
4553;1981;0,250000000000000000000
4553;2302;0,250000000000000000000
4553;283638;0,250000000000000000000
4576;9707;0,176470588235294117647
4576;11734;0,764705882352941176470
4576;128325;0,058823529411764705882
4592;3459;0,750000000000000000000
4592;5782;0,250000000000000000000
4598;2275;1,000000000000000000000
4621;1429;1,000000000000000000000
4622;1778;1,000000000000000000000
4625;8090;1,000000000000000000000
4627;397;1,000000000000000000000
4638;13;0,500000000000000000000
4638;14;0,500000000000000000000
4677;771;1,000000000000000000000
4692;285;1,000000000000000000000
4729;2742;0,333333333333333333333
4729;9414;0,333333333333333333333
4729;14465;0,333333333333333333333
4777;2834;1,000000000000000000000
4794;415;1,000000000000000000000
4841;1516;1,000000000000000000000
4877;1293;1,000000000000000000000
4933;1949;1,000000000000000000000
5061;1406;1,000000000000000000000
5071;2293;0,142857142857142857142
5071;3022;0,857142857142857142857
5077;4052;0,333333333333333333333
5077;12591;0,666666666666666666666
5089;2200;0,333333333333333333333
5089;4355;0,333333333333333333333
5089;4522;0,333333333333333333333
5177;3436;0,500000000000000000000
5177;4621;0,500000000000000000000
5214;192;0,125000000000000000000
5214;466;0,250000000000000000000
5214;3591;0,375000000000000000000
5214;5564;0,250000000000000000000
5219;815;0,333333333333333333333
5219;1780;0,333333333333333333333
5219;3268;0,333333333333333333333
5338;4274;1,000000000000000000000
5351;18247;0,333333333333333333333
5351;20969;0,666666666666666666666
5519;5564;1,000000000000000000000
5564;2223;0,166666666666666666666
5564;4222;0,166666666666666666666
5564;5214;0,333333333333333333333
5564;5519;0,166666666666666666666
5564;6548;0,166666666666666666666
5578;3753;1,000000000000000000000
5613;23;0,100000000000000000000
5613;1855;0,300000000000000000000
5613;2851;0,200000000000000000000
5613;5679;0,400000000000000000000
5616;5679;1,000000000000000000000
5617;293;0,500000000000000000000
5617;5679;0,500000000000000000000
5627;277;0,100000000000000000000
5627;283;0,100000000000000000000
5627;293;0,100000000000000000000
5627;846;0,100000000000000000000
5627;2744;0,100000000000000000000
5627;2863;0,100000000000000000000
5627;3683;0,100000000000000000000
5627;5149;0,100000000000000000000
5627;5638;0,200000000000000000000
5629;5679;1,000000000000000000000
5643;5679;1,000000000000000000000
5651;643;1,000000000000000000000
5776;310;1,000000000000000000000
5790;3105;0,500000000000000000000
5790;12706;0,500000000000000000000
6130;20307;1,000000000000000000000
6213;57838;1,000000000000000000000
6267;997;1,000000000000000000000
6297;3905;1,000000000000000000000
6320;1109;1,000000000000000000000
6461;2433;1,000000000000000000000
6505;1143;1,000000000000000000000
6511;2099;1,000000000000000000000
6523;2487;1,000000000000000000000
6543;2803;1,000000000000000000000
6581;20969;1,000000000000000000000
6641;1220;1,000000000000000000000
6664;928;1,000000000000000000000
6681;5309;1,000000000000000000000
6694;545;1,000000000000000000000
6701;609;1,000000000000000000000
6749;4268;1,000000000000000000000
6788;9762;1,000000000000000000000
6918;1771;0,166666666666666666666
6918;3716;0,166666666666666666666
6918;11369;0,166666666666666666666
6918;19627;0,166666666666666666666
6918;23180;0,166666666666666666666
6918;25224;0,166666666666666666666
6929;8441;1,000000000000000000000
6930;1135;1,000000000000000000000
6992;28119;1,000000000000000000000
7030;293;1,000000000000000000000
7049;1583;1,000000000000000000000
7072;2140;1,000000000000000000000
7116;268;0,066666666666666666666
7116;279;0,200000000000000000000
7116;678;0,066666666666666666666
7116;1271;0,066666666666666666666
7116;1889;0,066666666666666666666
7116;2139;0,066666666666666666666
7116;2706;0,066666666666666666666
7116;3045;0,200000000000000000000
7116;3429;0,066666666666666666666
7116;3701;0,066666666666666666666
7116;321112;0,066666666666666666666
7160;1889;0,583333333333333333333
7160;2661;0,416666666666666666666
7209;320;0,833333333333333333333
7209;2206;0,166666666666666666666
7543;152027;1,000000000000000000000
7686;645;0,500000000000000000000
7686;6511;0,500000000000000000000
7711;138;1,000000000000000000000
7759;815;1,000000000000000000000
7788;352420;1,000000000000000000000
7920;5172;1,000000000000000000000
8062;306;1,000000000000000000000
8090;423622;1,000000000000000000000
8095;1889;1,000000000000000000000
8383;470;1,000000000000000000000
8440;1182;1,000000000000000000000
8441;1510;0,125000000000000000000
8441;2648;0,125000000000000000000
8441;3169;0,125000000000000000000
8441;4137;0,125000000000000000000
8441;5007;0,125000000000000000000
8441;6929;0,125000000000000000000
8441;8459;0,125000000000000000000
8441;28397;0,125000000000000000000
8461;434663;1,000000000000000000000
8464;3169;1,000000000000000000000
8633;498;0,500000000000000000000
8633;526;0,500000000000000000000
8648;266;1,000000000000000000000
8749;5395;1,000000000000000000000
8820;2275;1,000000000000000000000
8827;10390;1,000000000000000000000
8912;485;1,000000000000000000000
8928;4471;1,000000000000000000000
9069;3097;0,500000000000000000000
9069;8820;0,500000000000000000000
9309;6297;1,000000000000000000000
9338;360;0,333333333333333333333
9338;844;0,666666666666666666666
9356;22211;1,000000000000000000000
9382;90;1,000000000000000000000
9391;206;0,833333333333333333333
9391;2046;0,166666666666666666666
9409;2280;1,000000000000000000000
9429;8090;1,000000000000000000000
9483;1500;1,000000000000000000000
9707;4576;1,000000000000000000000
9721;1600;0,666666666666666666666
9721;3256;0,333333333333333333333
9722;5918;1,000000000000000000000
9762;3791;0,142857142857142857142
9762;3811;0,142857142857142857142
9762;4307;0,142857142857142857142
9762;6788;0,142857142857142857142
9762;6913;0,142857142857142857142
9762;8156;0,142857142857142857142
9762;389498;0,142857142857142857142
9806;1286;0,166666666666666666666
9806;2832;0,166666666666666666666
9806;7747;0,166666666666666666666
9806;8090;0,166666666666666666666
9806;9807;0,166666666666666666666
9806;13545;0,166666666666666666666
9807;878;0,200000000000000000000
9807;2214;0,200000000000000000000
9807;2503;0,400000000000000000000
9807;5530;0,200000000000000000000
9831;12938;1,000000000000000000000
10020;4376;1,000000000000000000000
10093;1321;1,000000000000000000000
10175;4081;0,500000000000000000000
10175;283636;0,500000000000000000000
10338;190971;1,000000000000000000000
10341;128325;1,000000000000000000000
10523;2001;1,000000000000000000000
10649;151009;1,000000000000000000000
10763;85;1,000000000000000000000
11734;4576;1,000000000000000000000
11826;1220;1,000000000000000000000
11902;7037;1,000000000000000000000
12159;1092;1,000000000000000000000
12400;904;1,000000000000000000000
12433;12436;1,000000000000000000000
12497;2697;1,000000000000000000000
12528;5635;1,000000000000000000000
12534;504;1,000000000000000000000
12706;1462;1,000000000000000000000
12964;7738;0,500000000000000000000
12964;8666;0,500000000000000000000
13074;1912;1,000000000000000000000
13265;2697;1,000000000000000000000
13310;3496;1,000000000000000000000
13396;12591;1,000000000000000000000
13623;5682;1,000000000000000000000
13799;1079;1,000000000000000000000
14151;13584;0,333333333333333333333
14151;23096;0,333333333333333333333
14151;373924;0,333333333333333333333
15207;1806;1,000000000000000000000
15686;1190;1,000000000000000000000
17248;527;1,000000000000000000000
17611;2993;1,000000000000000000000
17678;9707;0,400000000000000000000
17678;13452;0,200000000000000000000
17678;28615;0,200000000000000000000
17678;28629;0,200000000000000000000
17727;2440;1,000000000000000000000
18641;119;0,027777777777777777777
18641;240;0,027777777777777777777
18641;277;0,027777777777777777777
18641;419;0,027777777777777777777
18641;886;0,027777777777777777777
18641;1065;0,027777777777777777777
18641;1066;0,027777777777777777777
18641;1142;0,027777777777777777777
18641;1321;0,027777777777777777777
18641;1406;0,027777777777777777777
18641;1563;0,027777777777777777777
18641;1569;0,027777777777777777777
18641;1696;0,027777777777777777777
18641;1771;0,027777777777777777777
18641;1894;0,027777777777777777777
18641;1925;0,027777777777777777777
18641;1942;0,027777777777777777777
18641;2083;0,027777777777777777777
18641;2932;0,027777777777777777777
18641;3208;0,027777777777777777777
18641;3465;0,027777777777777777777
18641;4091;0,027777777777777777777
18641;4313;0,027777777777777777777
18641;5245;0,027777777777777777777
18641;5338;0,027777777777777777777
18641;5632;0,027777777777777777777
18641;5789;0,027777777777777777777
18641;6496;0,027777777777777777777
18641;7968;0,027777777777777777777
18641;8268;0,027777777777777777777
18641;9721;0,027777777777777777777
18641;13074;0,027777777777777777777
18641;13502;0,027777777777777777777
18641;23562;0,027777777777777777777
18641;26705;0,027777777777777777777
18641;37815;0,027777777777777777777
20666;3940;1,000000000000000000000
20969;5351;0,666666666666666666666
20969;6581;0,333333333333333333333
21005;13122;1,000000000000000000000
21154;1235;0,500000000000000000000
21154;3393;0,500000000000000000000
21396;1608;0,500000000000000000000
21396;1700;0,500000000000000000000
21684;20307;1,000000000000000000000
23058;3395;1,000000000000000000000
23720;1370;0,333333333333333333333
23720;2237;0,333333333333333333333
23720;11377;0,333333333333333333333
24460;96;0,500000000000000000000
24460;1135;0,500000000000000000000
25220;2275;1,000000000000000000000
25229;2287;1,000000000000000000000
27066;1220;0,500000000000000000000
27066;2275;0,500000000000000000000
27592;4587;1,000000000000000000000
27862;27938;1,000000000000000000000
28034;12395;1,000000000000000000000
28092;12591;1,000000000000000000000
28130;602;1,000000000000000000000
28171;4274;1,000000000000000000000
28235;5437;1,000000000000000000000
28397;35;1,000000000000000000000
28601;7;0,500000000000000000000
28601;17678;0,500000000000000000000
28629;9707;1,000000000000000000000
28930;551;0,058823529411764705882
28930;1344;0,058823529411764705882
28930;1454;0,058823529411764705882
28930;1898;0,058823529411764705882
28930;3420;0,058823529411764705882
28930;3685;0,058823529411764705882
28930;5136;0,058823529411764705882
28930;7975;0,058823529411764705882
28930;8212;0,058823529411764705882
28930;12959;0,058823529411764705882
28930;152027;0,352941176470588235294
28930;329272;0,058823529411764705882
29082;8590;1,000000000000000000000
30723;5506;1,000000000000000000000
37815;1623;0,250000000000000000000
37815;2352;0,500000000000000000000
37815;81648;0,250000000000000000000
47352;1637;1,000000000000000000000
50332;3859;1,000000000000000000000
53012;5227;1,000000000000000000000
59745;240;0,090909090909090909090
59745;424;0,090909090909090909090
59745;628;0,181818181818181818181
59745;1042;0,090909090909090909090
59745;1157;0,090909090909090909090
59745;366089;0,272727272727272727272
59745;499117;0,181818181818181818181
59841;628;1,000000000000000000000
66075;48862;1,000000000000000000000
67275;237;1,000000000000000000000
84925;1967;0,500000000000000000000
84925;2510;0,500000000000000000000
113459;943;1,000000000000000000000
114536;1171;1,000000000000000000000
116140;8253;1,000000000000000000000
140271;835;0,166666666666666666666
140271;2736;0,166666666666666666666
140271;5679;0,666666666666666666666
144425;783;0,333333333333333333333
144425;4098;0,666666666666666666666
151009;10649;1,000000000000000000000
190971;10338;1,000000000000000000000
219255;5441;1,000000000000000000000
238453;796;1,000000000000000000000
239964;335189;1,000000000000000000000
239970;28523;0,500000000000000000000
239970;321112;0,500000000000000000000
245879;1154;0,333333333333333333333
245879;2293;0,333333333333333333333
245879;3045;0,333333333333333333333
248836;6006;1,000000000000000000000
248841;66;1,000000000000000000000
281067;3872;1,000000000000000000000
281170;2515;1,000000000000000000000
321112;239970;1,000000000000000000000
324897;46;0,083333333333333333333
324897;433;0,083333333333333333333
324897;712;0,083333333333333333333
324897;1910;0,083333333333333333333
324897;2367;0,083333333333333333333
324897;3323;0,083333333333333333333
324897;8590;0,083333333333333333333
324897;8899;0,083333333333333333333
324897;9261;0,083333333333333333333
324897;29082;0,083333333333333333333
324897;283281;0,083333333333333333333
324897;327099;0,083333333333333333333
328526;3793;0,125000000000000000000
328526;24536;0,125000000000000000000
328526;248838;0,125000000000000000000
328526;276505;0,125000000000000000000
328526;284854;0,125000000000000000000
328526;343424;0,125000000000000000000
328526;352262;0,125000000000000000000
328526;367121;0,125000000000000000000
329272;245879;1,000000000000000000000
333343;3145;1,000000000000000000000
335189;239964;1,000000000000000000000
343087;2195;1,000000000000000000000
349041;194;0,200000000000000000000
349041;628;0,600000000000000000000
349041;1940;0,200000000000000000000
352262;700;1,000000000000000000000
353698;1160;0,500000000000000000000
353698;3513;0,500000000000000000000
366089;1169;1,000000000000000000000
366867;955;0,666666666666666666666
366867;4237;0,333333333333333333333
373677;1041;1,000000000000000000000
374246;59745;1,000000000000000000000
383068;1220;1,000000000000000000000
389498;39;0,400000000000000000000
389498;612;0,400000000000000000000
389498;3791;0,200000000000000000000
398786;1446;0,666666666666666666666
398786;84925;0,333333333333333333333
408414;1169;1,000000000000000000000
423971;2547;1,000000000000000000000
434991;54879;1,000000000000000000000
442813;266;1,000000000000000000000
474028;12;0,142857142857142857142
474028;1261;0,142857142857142857142
474028;1262;0,285714285714285714285
474028;2203;0,142857142857142857142
474028;3395;0,285714285714285714285
499117;628;0,250000000000000000000
499117;59745;0,250000000000000000000
499117;366089;0,250000000000000000000
499117;408414;0,250000000000000000000
529797;1316;1,000000000000000000000
576277;1754;1,000000000000000000000
