48;4293;1,000000000000000000000
54;119;0,062500000000000000000
54;281;0,062500000000000000000
54;1663;0,062500000000000000000
54;1867;0,062500000000000000000
54;1891;0,125000000000000000000
54;1943;0,062500000000000000000
54;2021;0,062500000000000000000
54;2131;0,062500000000000000000
54;2990;0,062500000000000000000
54;4150;0,062500000000000000000
54;4244;0,062500000000000000000
54;5149;0,062500000000000000000
54;13720;0,187500000000000000000
72;1946;1,000000000000000000000
77;6320;0,333333333333333333333
77;286660;0,666666666666666666666
80;531;0,200000000000000000000
80;668;0,600000000000000000000
80;3515;0,200000000000000000000
96;1156;1,000000000000000000000
108;1340;1,000000000000000000000
135;13;0,030303030303030303030
135;183;0,030303030303030303030
135;452;0,030303030303030303030
135;980;0,030303030303030303030
135;1025;0,030303030303030303030
135;1278;0,030303030303030303030
135;1316;0,060606060606060606060
135;1391;0,060606060606060606060
135;1939;0,121212121212121212121
135;2111;0,030303030303030303030
135;2850;0,151515151515151515151
135;3395;0,030303030303030303030
135;4020;0,060606060606060606060
135;5679;0,030303030303030303030
135;7577;0,060606060606060606060
135;8163;0,060606060606060606060
135;8539;0,030303030303030303030
135;9651;0,060606060606060606060
135;12816;0,030303030303030303030
135;1031916;0,030303030303030303030
138;3100;1,000000000000000000000
149;2196;1,000000000000000000000
151;7586;1,000000000000000000000
166;5679;1,000000000000000000000
183;362;0,166666666666666666666
183;1370;0,166666666666666666666
183;3802;0,666666666666666666666
189;1083;0,666666666666666666666
189;4576;0,333333333333333333333
190;5679;1,000000000000000000000
194;54;0,025000000000000000000
194;240;0,025000000000000000000
194;249;0,025000000000000000000
194;396;0,025000000000000000000
194;472;0,025000000000000000000
194;520;0,025000000000000000000
194;628;0,100000000000000000000
194;891;0,025000000000000000000
194;990;0,025000000000000000000
194;995;0,025000000000000000000
194;1064;0,025000000000000000000
194;1122;0,025000000000000000000
194;1142;0,025000000000000000000
194;1169;0,050000000000000000000
194;1406;0,025000000000000000000
194;1563;0,025000000000000000000
194;1724;0,025000000000000000000
194;1754;0,050000000000000000000
194;1925;0,025000000000000000000
194;1939;0,025000000000000000000
194;2112;0,025000000000000000000
194;3096;0,025000000000000000000
194;3100;0,025000000000000000000
194;3141;0,050000000000000000000
194;3208;0,025000000000000000000
194;4640;0,025000000000000000000
194;5632;0,025000000000000000000
194;5789;0,025000000000000000000
194;8268;0,025000000000000000000
194;9721;0,025000000000000000000
194;13502;0,025000000000000000000
194;349041;0,075000000000000000000
213;71411;0,333333333333333333333
213;75827;0,333333333333333333333
213;403195;0,333333333333333333333
220;140;0,500000000000000000000
220;1563;0,500000000000000000000
242;2736;1,000000000000000000000
249;1988;0,333333333333333333333
249;2293;0,333333333333333333333
249;813240;0,333333333333333333333
261;237;1,000000000000000000000
263;131;0,066666666666666666666
263;420;0,466666666666666666666
263;829;0,266666666666666666666
263;846;0,133333333333333333333
263;474028;0,066666666666666666666
266;3944;0,333333333333333333333
266;13814;0,333333333333333333333
266;442814;0,333333333333333333333
269;251;0,500000000000000000000
269;1967;0,250000000000000000000
269;4713;0,250000000000000000000
271;15867;1,000000000000000000000
276;135;0,285714285714285714285
276;695;0,285714285714285714285
276;3604;0,142857142857142857142
276;59745;0,285714285714285714285
290;5679;1,000000000000000000000
291;311;1,000000000000000000000
295;5679;1,000000000000000000000
296;2350;1,000000000000000000000
299;6955;1,000000000000000000000
309;1948;0,500000000000000000000
309;3098;0,500000000000000000000
310;1799;0,142857142857142857142
310;2851;0,714285714285714285714
310;5776;0,142857142857142857142
317;318;1,000000000000000000000
318;2099;0,500000000000000000000
318;2445;0,500000000000000000000
320;2310;0,833333333333333333333
320;2792;0,166666666666666666666
324;219;0,500000000000000000000
324;1893;0,500000000000000000000
359;1945;1,000000000000000000000
379;837;0,500000000000000000000
379;1754;0,500000000000000000000
380;2318;1,000000000000000000000
393;1178;1,000000000000000000000
395;418;1,000000000000000000000
397;21112;1,000000000000000000000
407;458;0,444444444444444444444
407;713;0,222222222222222222222
407;2585;0,111111111111111111111
407;3475;0,111111111111111111111
407;5012;0,111111111111111111111
418;1178;0,875000000000000000000
418;1663;0,125000000000000000000
420;263;0,230769230769230769230
420;360;0,307692307692307692307
420;1263;0,230769230769230769230
420;7130;0,076923076923076923076
420;1080816;0,076923076923076923076
420;1142431;0,076923076923076923076
441;2364;0,333333333333333333333
441;3394;0,333333333333333333333
441;7135;0,333333333333333333333
443;5449;0,500000000000000000000
443;7605;0,500000000000000000000
479;3169;0,285714285714285714285
479;5013;0,142857142857142857142
479;8473;0,571428571428571428571
485;2817;0,333333333333333333333
485;3105;0,333333333333333333333
485;4931;0,333333333333333333333
492;526;0,200000000000000000000
492;2008;0,600000000000000000000
492;4281;0,200000000000000000000
498;12;0,333333333333333333333
498;13;0,333333333333333333333
498;5679;0,333333333333333333333
517;982;1,000000000000000000000
518;765;1,000000000000000000000
520;527;0,250000000000000000000
520;1182;0,250000000000000000000
520;1778;0,250000000000000000000
520;4225;0,250000000000000000000
524;9110;1,000000000000000000000
526;492;1,000000000000000000000
527;2596;0,500000000000000000000
527;17248;0,500000000000000000000
547;923;1,000000000000000000000
550;596;0,500000000000000000000
550;3230;0,500000000000000000000
558;794;0,100000000000000000000
558;851;0,100000000000000000000
558;1035;0,100000000000000000000
558;1596;0,100000000000000000000
558;2657;0,100000000000000000000
558;2825;0,100000000000000000000
558;5440;0,100000000000000000000
558;7132;0,100000000000000000000
558;7866;0,100000000000000000000
558;374246;0,100000000000000000000
571;1897;1,000000000000000000000
573;172;0,142857142857142857142
573;2484;0,428571428571428571428
573;4885;0,142857142857142857142
573;9090;0,142857142857142857142
573;42908;0,142857142857142857142
585;266;1,000000000000000000000
600;7130;1,000000000000000000000
608;609;1,000000000000000000000
613;527;0,333333333333333333333
613;4307;0,333333333333333333333
613;59745;0,333333333333333333333
628;71;0,142857142857142857142
628;360;0,285714285714285714285
628;689;0,142857142857142857142
628;1234;0,285714285714285714285
628;38738;0,142857142857142857142
667;295;0,166666666666666666666
667;468;0,166666666666666666666
667;469;0,166666666666666666666
667;2569;0,166666666666666666666
667;3905;0,166666666666666666666
667;10207;0,166666666666666666666
668;80;0,133333333333333333333
668;502;0,033333333333333333333
668;530;0,233333333333333333333
668;531;0,066666666666666666666
668;876;0,166666666666666666666
668;933;0,033333333333333333333
668;1131;0,066666666666666666666
668;1248;0,033333333333333333333
668;3515;0,033333333333333333333
668;3625;0,033333333333333333333
668;4173;0,033333333333333333333
668;507180;0,066666666666666666666
668;642255;0,033333333333333333333
668;665791;0,033333333333333333333
669;2008;0,500000000000000000000
669;7968;0,500000000000000000000
678;285;0,500000000000000000000
678;5223;0,500000000000000000000
683;1829;1,000000000000000000000
689;360;1,000000000000000000000
695;4512;1,000000000000000000000
700;837;0,017241379310344827586
700;1110539;0,982758620689655172413
713;407;1,000000000000000000000
744;845;0,500000000000000000000
744;846;0,333333333333333333333
744;4052;0,166666666666666666666
749;1939;0,300000000000000000000
749;2112;0,100000000000000000000
749;5679;0,500000000000000000000
749;112062;0,100000000000000000000
772;1717;0,500000000000000000000
772;308968;0,500000000000000000000
774;3420;0,666666666666666666666
774;3829;0,333333333333333333333
777;966;1,000000000000000000000
778;7095;1,000000000000000000000
791;2254;1,000000000000000000000
805;337;0,500000000000000000000
805;13187;0,500000000000000000000
819;452;0,250000000000000000000
819;531;0,500000000000000000000
819;876;0,250000000000000000000
827;2355;0,833333333333333333333
827;6027;0,166666666666666666666
829;131;0,272727272727272727272
829;263;0,181818181818181818181
829;420;0,090909090909090909090
829;846;0,090909090909090909090
829;1182;0,090909090909090909090
829;5691;0,090909090909090909090
829;7578;0,090909090909090909090
829;474028;0,090909090909090909090
835;5679;1,000000000000000000000
837;194;0,166666666666666666666
837;1110539;0,833333333333333333333
841;373;0,500000000000000000000
841;1234;0,500000000000000000000
844;1719;1,000000000000000000000
845;846;0,333333333333333333333
845;1041;0,333333333333333333333
845;623129;0,333333333333333333333
846;131;0,043478260869565217391
846;277;0,043478260869565217391
846;283;0,043478260869565217391
846;744;0,130434782608695652173
846;845;0,086956521739130434782
846;1066;0,043478260869565217391
846;1263;0,086956521739130434782
846;1589;0,043478260869565217391
846;2697;0,043478260869565217391
846;2731;0,043478260869565217391
846;2786;0,043478260869565217391
846;2834;0,043478260869565217391
846;3256;0,043478260869565217391
846;4148;0,043478260869565217391
846;59841;0,043478260869565217391
846;131383;0,043478260869565217391
846;329272;0,043478260869565217391
846;398787;0,043478260869565217391
846;533247;0,043478260869565217391
849;423;0,250000000000000000000
849;441;0,250000000000000000000
849;1117;0,250000000000000000000
849;3395;0,250000000000000000000
861;1310;1,000000000000000000000
865;851827;1,000000000000000000000
866;621;0,333333333333333333333
866;1971;0,666666666666666666666
911;9807;0,500000000000000000000
911;13006;0,500000000000000000000
980;135;0,250000000000000000000
980;1277;0,250000000000000000000
980;2684;0,250000000000000000000
980;13579;0,250000000000000000000
983;1141;0,500000000000000000000
983;1154;0,500000000000000000000
995;351;0,166666666666666666666
995;1018;0,333333333333333333333
995;1945;0,166666666666666666666
995;2269;0,166666666666666666666
995;4486;0,166666666666666666666
997;681;0,500000000000000000000
997;5693;0,500000000000000000000
1004;6892;1,000000000000000000000
1010;2001;0,666666666666666666666
1010;3809;0,333333333333333333333
1041;845;0,222222222222222222222
1041;982;0,444444444444444444444
1041;2422;0,111111111111111111111
1041;767166;0,222222222222222222222
1048;13253;1,000000000000000000000
1058;48255;1,000000000000000000000
1064;1563;1,000000000000000000000
1066;533247;1,000000000000000000000
1079;600;1,000000000000000000000
1085;8756;1,000000000000000000000
1094;1831;1,000000000000000000000
1117;3212;0,166666666666666666666
1117;8253;0,500000000000000000000
1117;704910;0,333333333333333333333
1118;5679;1,000000000000000000000
1131;668;1,000000000000000000000
1141;2145;0,333333333333333333333
1141;2293;0,333333333333333333333
1141;3633;0,333333333333333333333
1143;6505;1,000000000000000000000
1149;15643;1,000000000000000000000
1154;1988;1,000000000000000000000
1160;1513;1,000000000000000000000
1169;71;0,022727272727272727272
1169;100;0,068181818181818181818
1169;138;0,068181818181818181818
1169;194;0,022727272727272727272
1169;276;0,068181818181818181818
1169;695;0,068181818181818181818
1169;983;0,022727272727272727272
1169;1942;0,068181818181818181818
1169;1943;0,068181818181818181818
1169;1945;0,068181818181818181818
1169;4512;0,068181818181818181818
1169;41776;0,068181818181818181818
1169;59745;0,159090909090909090909
1169;131383;0,068181818181818181818
1169;408414;0,022727272727272727272
1169;604246;0,022727272727272727272
1169;1173768;0,045454545454545454545
1178;393;0,166666666666666666666
1178;409;0,083333333333333333333
1178;418;0,666666666666666666666
1178;28337;0,083333333333333333333
1196;1264;0,500000000000000000000
1196;4059;0,500000000000000000000
1198;14652;1,000000000000000000000
1228;1457;1,000000000000000000000
1231;3141;1,000000000000000000000
1234;628;0,250000000000000000000
1234;841;0,125000000000000000000
1234;1263;0,125000000000000000000
1234;1277;0,125000000000000000000
1234;10188;0,250000000000000000000
1234;587053;0,125000000000000000000
1261;41;0,250000000000000000000
1261;642;0,250000000000000000000
1261;1106;0,250000000000000000000
1261;968202;0,250000000000000000000
1278;183;1,000000000000000000000
1282;2543;0,500000000000000000000
1282;8590;0,500000000000000000000
1286;111;0,071428571428571428571
1286;242;0,071428571428571428571
1286;2434;0,357142857142857142857
1286;2586;0,071428571428571428571
1286;3085;0,071428571428571428571
1286;4020;0,071428571428571428571
1286;7941;0,142857142857142857142
1286;10306;0,071428571428571428571
1286;17502;0,071428571428571428571
1288;2322;1,000000000000000000000
1301;3390;1,000000000000000000000
1321;3427;1,000000000000000000000
1337;749;1,000000000000000000000
1344;2115;0,043478260869565217391
1344;2318;0,043478260869565217391
1344;3230;0,043478260869565217391
1344;3301;0,043478260869565217391
1344;3457;0,043478260869565217391
1344;3458;0,043478260869565217391
1344;3499;0,043478260869565217391
1344;3657;0,043478260869565217391
1344;5180;0,043478260869565217391
1344;5679;0,043478260869565217391
1344;6986;0,043478260869565217391
1344;7418;0,043478260869565217391
1344;7774;0,043478260869565217391
1344;11330;0,043478260869565217391
1344;12176;0,043478260869565217391
1344;13713;0,043478260869565217391
1344;13796;0,043478260869565217391
1344;13799;0,043478260869565217391
1344;54440;0,043478260869565217391
1344;179346;0,043478260869565217391
1344;256804;0,043478260869565217391
1344;372528;0,043478260869565217391
1344;1086504;0,043478260869565217391
1364;237;0,500000000000000000000
1364;276695;0,500000000000000000000
1370;23720;0,333333333333333333333
1370;693032;0,666666666666666666666
1379;591752;1,000000000000000000000
1397;1069;0,500000000000000000000
1397;2961;0,500000000000000000000
1432;17549;1,000000000000000000000
1437;846;1,000000000000000000000
1439;5177;0,200000000000000000000
1439;5679;0,200000000000000000000
1439;9356;0,200000000000000000000
1439;28826;0,200000000000000000000
1439;50959;0,200000000000000000000
1454;174;1,000000000000000000000
1457;2131;1,000000000000000000000
1479;50;0,250000000000000000000
1479;2105;0,250000000000000000000
1479;7713;0,250000000000000000000
1479;8165;0,250000000000000000000
1487;909;1,000000000000000000000
1545;1967;1,000000000000000000000
1554;240;0,333333333333333333333
1554;793;0,333333333333333333333
1554;1845;0,333333333333333333333
1556;1180;1,000000000000000000000
1570;5679;1,000000000000000000000
1574;96;0,250000000000000000000
1574;9721;0,750000000000000000000
1581;38;1,000000000000000000000
1589;846;0,500000000000000000000
1589;666007;0,500000000000000000000
1609;6940;1,000000000000000000000
1610;1609;0,500000000000000000000
1610;1906;0,500000000000000000000
1662;1639;1,000000000000000000000
1663;54;0,333333333333333333333
1663;418;0,666666666666666666666
1667;192;0,500000000000000000000
1667;9389;0,500000000000000000000
1671;419;1,000000000000000000000
1681;744;0,200000000000000000000
1681;846;0,400000000000000000000
1681;2834;0,200000000000000000000
1681;7130;0,200000000000000000000
1700;6940;1,000000000000000000000
1710;9258;1,000000000000000000000
1717;772;0,500000000000000000000
1717;4772;0,500000000000000000000
1769;380;0,250000000000000000000
1769;492;0,250000000000000000000
1769;1282;0,250000000000000000000
1769;2008;0,250000000000000000000
1778;520;1,000000000000000000000
1780;7759;1,000000000000000000000
1799;2851;1,000000000000000000000
1824;9114;1,000000000000000000000
1839;5679;1,000000000000000000000
1850;4278;1,000000000000000000000
1864;3235;1,000000000000000000000
1866;9399;1,000000000000000000000
1877;3968;1,000000000000000000000
1891;54;1,000000000000000000000
1897;571;1,000000000000000000000
1912;47032;1,000000000000000000000
1931;877;1,000000000000000000000
1940;628;0,500000000000000000000
1940;349041;0,500000000000000000000
1942;135;0,500000000000000000000
1942;5679;0,500000000000000000000
1945;135;0,076923076923076923076
1945;276;0,076923076923076923076
1945;354;0,076923076923076923076
1945;359;0,153846153846153846153
1945;360;0,461538461538461538461
1945;1250;0,076923076923076923076
1945;15643;0,076923076923076923076
1949;115;0,500000000000000000000
1949;4101;0,500000000000000000000
1967;886;0,125000000000000000000
1967;1545;0,250000000000000000000
1967;2009;0,625000000000000000000
1988;1154;0,034482758620689655172
1988;1981;0,034482758620689655172
1988;2515;0,034482758620689655172
1988;3395;0,034482758620689655172
1988;3601;0,275862068965517241379
1988;4881;0,344827586206896551724
1988;6666;0,068965517241379310344
1988;281170;0,068965517241379310344
1988;370126;0,068965517241379310344
1988;1130242;0,034482758620689655172
2008;492;1,000000000000000000000
2017;8933;1,000000000000000000000
2021;1462;0,500000000000000000000
2021;3105;0,500000000000000000000
2027;3356;1,000000000000000000000
2041;7586;1,000000000000000000000
2052;13265;1,000000000000000000000
2099;2445;1,000000000000000000000
2112;749;1,000000000000000000000
2117;885;0,200000000000000000000
2117;1210;0,200000000000000000000
2117;1307;0,200000000000000000000
2117;1864;0,200000000000000000000
2117;5329;0,200000000000000000000
2129;3993;1,000000000000000000000
2130;13367;0,250000000000000000000
2130;27416;0,750000000000000000000
2131;54;0,500000000000000000000
2131;1457;0,500000000000000000000
2137;5626;0,333333333333333333333
2137;13704;0,333333333333333333333
2137;908617;0,333333333333333333333
2145;3633;1,000000000000000000000
2164;507;0,083333333333333333333
2164;1111;0,083333333333333333333
2164;1422;0,083333333333333333333
2164;2296;0,083333333333333333333
2164;2428;0,083333333333333333333
2164;2458;0,083333333333333333333
2164;3082;0,166666666666666666666
2164;4699;0,083333333333333333333
2164;14978;0,083333333333333333333
2164;19198;0,083333333333333333333
2164;19199;0,083333333333333333333
2176;4179;1,000000000000000000000
2195;577;0,058823529411764705882
2195;870;0,058823529411764705882
2195;1454;0,058823529411764705882
2195;1455;0,058823529411764705882
2195;1632;0,058823529411764705882
2195;1690;0,058823529411764705882
2195;1699;0,058823529411764705882
2195;1769;0,058823529411764705882
2195;2196;0,058823529411764705882
2195;2254;0,058823529411764705882
2195;2799;0,058823529411764705882
2195;2825;0,058823529411764705882
2195;3359;0,058823529411764705882
2195;3564;0,058823529411764705882
2195;5367;0,058823529411764705882
2195;8491;0,058823529411764705882
2195;11427;0,058823529411764705882
2200;2657;1,000000000000000000000
2204;3188;1,000000000000000000000
2212;65;1,000000000000000000000
2223;669;0,666666666666666666666
2223;3158;0,333333333333333333333
2249;8666;1,000000000000000000000
2254;791;0,500000000000000000000
2254;23886;0,500000000000000000000
2269;237;0,750000000000000000000
2269;2133;0,250000000000000000000
2275;27478;1,000000000000000000000
2287;2425;0,400000000000000000000
2287;11369;0,600000000000000000000
2293;249;0,333333333333333333333
2293;1141;0,333333333333333333333
2293;3633;0,333333333333333333333
2310;320;1,000000000000000000000
2318;380;0,666666666666666666666
2318;1344;0,333333333333333333333
2322;1288;1,000000000000000000000
2349;5632;0,200000000000000000000
2349;9208;0,800000000000000000000
2352;543;1,000000000000000000000
2355;827;0,833333333333333333333
2355;3996;0,166666666666666666666
2364;5679;0,142857142857142857142
2364;431565;0,571428571428571428571
2364;1080900;0,142857142857142857142
2364;1122255;0,142857142857142857142
2379;3234;1,000000000000000000000
2414;3996;1,000000000000000000000
2419;1220;1,000000000000000000000
2422;1041;1,000000000000000000000
2425;2287;0,500000000000000000000
2425;11369;0,500000000000000000000
2428;14978;1,000000000000000000000
2434;5440;1,000000000000000000000
2438;2337;0,500000000000000000000
2438;3071;0,500000000000000000000
2445;318;0,200000000000000000000
2445;2099;0,200000000000000000000
2445;3802;0,600000000000000000000
2474;248;0,250000000000000000000
2474;2716;0,250000000000000000000
2474;10018;0,250000000000000000000
2474;13253;0,250000000000000000000
2479;3852;0,333333333333333333333
2479;3996;0,666666666666666666666
2481;5117;0,666666666666666666666
2481;13335;0,333333333333333333333
2487;71;0,200000000000000000000
2487;1948;0,200000000000000000000
2487;4729;0,400000000000000000000
2487;5306;0,200000000000000000000
2503;9389;1,000000000000000000000
2509;3230;1,000000000000000000000
2515;3601;1,000000000000000000000
2543;29081;1,000000000000000000000
2551;8163;1,000000000000000000000
2554;3876;0,500000000000000000000
2554;11680;0,166666666666666666666
2554;17607;0,333333333333333333333
2659;244;0,333333333333333333333
2659;16659;0,666666666666666666666
2664;44336;1,000000000000000000000
2684;980;1,000000000000000000000
2713;1889;0,400000000000000000000
2713;6347;0,200000000000000000000
2713;245879;0,400000000000000000000
2714;7160;1,000000000000000000000
2716;2474;1,000000000000000000000
2740;242;1,000000000000000000000
2761;1340;1,000000000000000000000
2779;9026;1,000000000000000000000
2786;846;0,333333333333333333333
2786;965;0,333333333333333333333
2786;1831;0,333333333333333333333
2792;320;0,500000000000000000000
2792;6567;0,500000000000000000000
2799;433;0,250000000000000000000
2799;2800;0,250000000000000000000
2799;24536;0,250000000000000000000
2799;28467;0,250000000000000000000
2800;2799;1,000000000000000000000
2803;16;0,011976047904191616766
2803;57;0,011976047904191616766
2803;71;0,011976047904191616766
2803;82;0,011976047904191616766
2803;89;0,011976047904191616766
2803;234;0,011976047904191616766
2803;309;0,011976047904191616766
2803;369;0,011976047904191616766
2803;644;0,011976047904191616766
2803;645;0,011976047904191616766
2803;827;0,011976047904191616766
2803;835;0,011976047904191616766
2803;890;0,011976047904191616766
2803;1022;0,011976047904191616766
2803;1040;0,011976047904191616766
2803;1143;0,011976047904191616766
2803;1152;0,011976047904191616766
2803;1231;0,011976047904191616766
2803;1276;0,011976047904191616766
2803;1612;0,011976047904191616766
2803;1657;0,011976047904191616766
2803;1948;0,011976047904191616766
2803;2109;0,011976047904191616766
2803;2355;0,011976047904191616766
2803;2414;0,011976047904191616766
2803;2479;0,011976047904191616766
2803;2487;0,011976047904191616766
2803;2736;0,011976047904191616766
2803;2739;0,011976047904191616766
2803;2802;0,011976047904191616766
2803;3098;0,011976047904191616766
2803;3123;0,011976047904191616766
2803;3128;0,011976047904191616766
2803;3141;0,011976047904191616766
2803;3145;0,011976047904191616766
2803;3237;0,011976047904191616766
2803;3399;0,011976047904191616766
2803;3574;0,011976047904191616766
2803;3852;0,011976047904191616766
2803;3953;0,011976047904191616766
2803;3967;0,011976047904191616766
2803;3996;0,011976047904191616766
2803;4024;0,011976047904191616766
2803;4159;0,011976047904191616766
2803;4160;0,011976047904191616766
2803;4306;0,011976047904191616766
2803;4501;0,011976047904191616766
2803;4695;0,011976047904191616766
2803;4853;0,011976047904191616766
2803;5136;0,011976047904191616766
2803;5306;0,011976047904191616766
2803;5338;0,011976047904191616766
2803;5607;0,011976047904191616766
2803;6045;0,011976047904191616766
2803;6396;0,011976047904191616766
2803;6495;0,011976047904191616766
2803;6496;0,011976047904191616766
2803;6497;0,011976047904191616766
2803;6498;0,011976047904191616766
2803;6499;0,011976047904191616766
2803;6501;0,011976047904191616766
2803;6502;0,011976047904191616766
2803;6503;0,011976047904191616766
2803;6504;0,011976047904191616766
2803;6505;0,011976047904191616766
2803;6506;0,011976047904191616766
2803;6509;0,011976047904191616766
2803;6511;0,011976047904191616766
2803;6512;0,011976047904191616766
2803;6513;0,011976047904191616766
2803;6514;0,011976047904191616766
2803;6515;0,011976047904191616766
2803;6517;0,011976047904191616766
2803;6518;0,011976047904191616766
2803;6520;0,011976047904191616766
2803;6523;0,011976047904191616766
2803;6524;0,011976047904191616766
2803;6527;0,011976047904191616766
2803;7686;0,011976047904191616766
2803;8238;0,011976047904191616766
2803;9846;0,005988023952095808383
2803;93146;0,011976047904191616766
2803;140271;0,011976047904191616766
2803;743544;0,011976047904191616766
2826;127;0,285714285714285714285
2826;2825;0,285714285714285714285
2826;8044;0,142857142857142857142
2826;13676;0,142857142857142857142
2826;27700;0,142857142857142857142
2834;845;0,142857142857142857142
2834;846;0,285714285714285714285
2834;1171;0,071428571428571428571
2834;1514;0,071428571428571428571
2834;1589;0,142857142857142857142
2834;1681;0,071428571428571428571
2834;3256;0,071428571428571428571
2834;5177;0,142857142857142857142
2838;8909;1,000000000000000000000
2850;135;1,000000000000000000000
2865;12826;1,000000000000000000000
2942;1692;1,000000000000000000000
2956;8539;1,000000000000000000000
2961;1397;1,000000000000000000000
2972;8253;1,000000000000000000000
2990;54;1,000000000000000000000
2993;458;1,000000000000000000000
2998;90;1,000000000000000000000
3007;600;0,250000000000000000000
3007;1393;0,500000000000000000000
3007;17678;0,250000000000000000000
3069;642;0,625000000000000000000
3069;1965;0,375000000000000000000
3071;5264;1,000000000000000000000
3100;138;1,000000000000000000000
3105;208;0,285714285714285714285
3105;485;0,142857142857142857142
3105;1171;0,142857142857142857142
3105;1681;0,142857142857142857142
3105;17549;0,142857142857142857142
3105;512469;0,142857142857142857142
3141;16;0,142857142857142857142
3141;194;0,142857142857142857142
3141;1231;0,285714285714285714285
3141;3145;0,285714285714285714285
3141;3996;0,142857142857142857142
3143;1280;0,200000000000000000000
3143;2895;0,200000000000000000000
3143;3273;0,200000000000000000000
3143;7416;0,200000000000000000000
3143;9196;0,200000000000000000000
3145;2736;0,400000000000000000000
3145;3141;0,400000000000000000000
3145;6045;0,200000000000000000000
3169;6929;1,000000000000000000000
3188;10682;1,000000000000000000000
3212;1117;1,000000000000000000000
3222;1092;0,333333333333333333333
3222;6442;0,333333333333333333333
3222;12159;0,333333333333333333333
3230;550;0,500000000000000000000
3230;596;0,500000000000000000000
3256;789157;1,000000000000000000000
3265;1713;1,000000000000000000000
3268;2826;1,000000000000000000000
3278;4100;0,666666666666666666666
3278;10255;0,333333333333333333333
3296;192;0,500000000000000000000
3296;5214;0,500000000000000000000
3304;12375;1,000000000000000000000
3340;5679;1,000000000000000000000
3344;7275;1,000000000000000000000
3349;3342;1,000000000000000000000
3359;140271;1,000000000000000000000
3362;1340;1,000000000000000000000
3394;5360;1,000000000000000000000
3395;1988;0,125000000000000000000
3395;5640;0,125000000000000000000
3395;474028;0,250000000000000000000
3395;1031916;0,500000000000000000000
3403;2214;0,500000000000000000000
3403;6624;0,500000000000000000000
3414;1401;0,021276595744680851063
3414;1744;0,021276595744680851063
3414;4262;0,936170212765957446808
3414;9184;0,021276595744680851063
3420;747;0,250000000000000000000
3420;774;0,500000000000000000000
3420;3829;0,250000000000000000000
3427;870;0,250000000000000000000
3427;1321;0,250000000000000000000
3427;8212;0,250000000000000000000
3427;114536;0,250000000000000000000
3429;279;0,250000000000000000000
3429;2655;0,250000000000000000000
3429;4613;0,500000000000000000000
3443;876;1,000000000000000000000
3449;9215;1,000000000000000000000
3450;4885;0,500000000000000000000
3450;10175;0,500000000000000000000
3458;12572;1,000000000000000000000
3477;418;1,000000000000000000000
3528;42;0,500000000000000000000
3528;2302;0,500000000000000000000
3588;8464;1,000000000000000000000
3601;96;0,111111111111111111111
3601;249;0,111111111111111111111
3601;1988;0,277777777777777777777
3601;2515;0,166666666666666666666
3601;4881;0,222222222222222222222
3601;6666;0,055555555555555555555
3601;281170;0,055555555555555555555
3625;1391;1,000000000000000000000
3633;2293;1,000000000000000000000
3656;9106;1,000000000000000000000
3665;1650;1,000000000000000000000
3678;5613;1,000000000000000000000
3753;5578;1,000000000000000000000
3781;2052;1,000000000000000000000
3802;183;0,333333333333333333333
3802;2099;0,166666666666666666666
3802;2445;0,333333333333333333333
3802;5679;0,166666666666666666666
3809;1010;0,500000000000000000000
3809;2001;0,500000000000000000000
3811;9762;1,000000000000000000000
3829;3420;1,000000000000000000000
3864;14151;1,000000000000000000000
3876;1033;0,333333333333333333333
3876;2554;0,333333333333333333333
3876;9352;0,333333333333333333333
3944;266;0,250000000000000000000
3944;4380;0,500000000000000000000
3944;9762;0,250000000000000000000
3993;2129;1,000000000000000000000
3996;2414;0,250000000000000000000
3996;2479;0,250000000000000000000
3996;3141;0,250000000000000000000
3996;6045;0,250000000000000000000
4059;1196;1,000000000000000000000
4070;9391;1,000000000000000000000
4100;4522;1,000000000000000000000
4108;1588;1,000000000000000000000
4179;2176;0,500000000000000000000
4179;50332;0,500000000000000000000
4225;5666;0,333333333333333333333
4225;6048;0,333333333333333333333
4225;8156;0,333333333333333333333
4229;642;1,000000000000000000000
4244;54;1,000000000000000000000
4245;1700;1,000000000000000000000
4262;3414;1,000000000000000000000
4268;21005;1,000000000000000000000
4278;538;0,500000000000000000000
4278;1850;0,500000000000000000000
4281;492;0,200000000000000000000
4281;4280;0,600000000000000000000
4281;5679;0,200000000000000000000
4359;8489;1,000000000000000000000
4376;1827;0,500000000000000000000
4376;4713;0,500000000000000000000
4380;3944;1,000000000000000000000
4518;931417;1,000000000000000000000
4522;4100;1,000000000000000000000
4533;26746;1,000000000000000000000
4552;41;0,500000000000000000000
4552;1261;0,500000000000000000000
4621;5177;1,000000000000000000000
4625;11213;1,000000000000000000000
4638;12;1,000000000000000000000
4713;251;0,777777777777777777777
4713;1583;0,111111111111111111111
4713;2009;0,111111111111111111111
4719;59841;1,000000000000000000000
4729;2487;1,000000000000000000000
4748;7560;0,333333333333333333333
4748;8633;0,666666666666666666666
4772;1717;1,000000000000000000000
4821;983;1,000000000000000000000
4877;4876;1,000000000000000000000
4885;573;0,333333333333333333333
4885;3450;0,666666666666666666666
5016;61;0,500000000000000000000
5016;1077;0,250000000000000000000
5016;4976;0,250000000000000000000
5071;1391;1,000000000000000000000
5117;23954;1,000000000000000000000
5177;2834;0,333333333333333333333
5177;3436;0,666666666666666666666
5289;1274;1,000000000000000000000
5329;2198;1,000000000000000000000
5360;3394;1,000000000000000000000
5392;771300;1,000000000000000000000
5395;2817;1,000000000000000000000
5430;1517;1,000000000000000000000
5440;2434;1,000000000000000000000
5464;507;0,250000000000000000000
5464;3557;0,500000000000000000000
5464;4293;0,250000000000000000000
5519;5922;1,000000000000000000000
5613;2198;0,200000000000000000000
5613;2851;0,600000000000000000000
5613;5061;0,200000000000000000000
5616;5679;1,000000000000000000000
5626;713;0,111111111111111111111
5626;805;0,111111111111111111111
5626;2137;0,222222222222222222222
5626;2772;0,111111111111111111111
5626;4876;0,111111111111111111111
5626;8566;0,111111111111111111111
5626;12670;0,111111111111111111111
5626;306994;0,111111111111111111111
5635;4877;0,166666666666666666666
5635;5679;0,833333333333333333333
5666;20801;1,000000000000000000000
5691;829;1,000000000000000000000
5753;1321;0,500000000000000000000
5753;2506;0,500000000000000000000
5922;5519;1,000000000000000000000
5960;2972;1,000000000000000000000
6045;3996;1,000000000000000000000
6048;793;0,500000000000000000000
6048;4225;0,500000000000000000000
6164;275;0,333333333333333333333
6164;642;0,333333333333333333333
6164;8539;0,333333333333333333333
6189;5437;1,000000000000000000000
6219;629364;1,000000000000000000000
6234;9208;1,000000000000000000000
6320;77;1,000000000000000000000
6406;9419;1,000000000000000000000
6442;3222;0,250000000000000000000
6442;468947;0,750000000000000000000
6461;393418;1,000000000000000000000
6503;2736;1,000000000000000000000
6509;135;0,666666666666666666666
6509;9846;0,333333333333333333333
6627;5679;1,000000000000000000000
6634;1064;1,000000000000000000000
6666;1988;0,500000000000000000000
6666;4881;0,500000000000000000000
6765;12375;1,000000000000000000000
6773;13176;1,000000000000000000000
6892;1004;1,000000000000000000000
6962;65;0,009090909090909090909
6962;115;0,009090909090909090909
6962;181;0,009090909090909090909
6962;190;0,009090909090909090909
6962;289;0,009090909090909090909
6962;362;0,009090909090909090909
6962;420;0,009090909090909090909
6962;475;0,009090909090909090909
6962;477;0,009090909090909090909
6962;530;0,009090909090909090909
6962;652;0,009090909090909090909
6962;698;0,009090909090909090909
6962;719;0,009090909090909090909
6962;722;0,009090909090909090909
6962;768;0,009090909090909090909
6962;826;0,018181818181818181818
6962;876;0,009090909090909090909
6962;885;0,009090909090909090909
6962;890;0,009090909090909090909
6962;956;0,009090909090909090909
6962;1092;0,009090909090909090909
6962;1107;0,009090909090909090909
6962;1109;0,009090909090909090909
6962;1120;0,009090909090909090909
6962;1160;0,009090909090909090909
6962;1173;0,009090909090909090909
6962;1234;0,009090909090909090909
6962;1243;0,009090909090909090909
6962;1313;0,009090909090909090909
6962;1328;0,009090909090909090909
6962;1408;0,009090909090909090909
6962;1459;0,009090909090909090909
6962;1514;0,009090909090909090909
6962;1569;0,009090909090909090909
6962;1692;0,009090909090909090909
6962;1696;0,009090909090909090909
6962;1729;0,009090909090909090909
6962;1731;0,009090909090909090909
6962;1829;0,009090909090909090909
6962;1892;0,009090909090909090909
6962;2052;0,009090909090909090909
6962;2287;0,009090909090909090909
6962;2355;0,009090909090909090909
6962;2414;0,009090909090909090909
6962;2420;0,009090909090909090909
6962;2421;0,009090909090909090909
6962;2487;0,009090909090909090909
6962;2713;0,009090909090909090909
6962;2802;0,009090909090909090909
6962;3141;0,009090909090909090909
6962;3392;0,009090909090909090909
6962;3532;0,009090909090909090909
6962;3563;0,009090909090909090909
6962;3567;0,009090909090909090909
6962;3815;0,009090909090909090909
6962;3852;0,009090909090909090909
6962;3871;0,009090909090909090909
6962;3996;0,009090909090909090909
6962;4222;0,009090909090909090909
6962;4225;0,009090909090909090909
6962;4837;0,009090909090909090909
6962;5001;0,009090909090909090909
6962;5142;0,009090909090909090909
6962;5521;0,009090909090909090909
6962;5657;0,009090909090909090909
6962;6213;0,009090909090909090909
6962;6501;0,009090909090909090909
6962;6502;0,009090909090909090909
6962;6567;0,009090909090909090909
6962;6765;0,009090909090909090909
6962;7774;0,009090909090909090909
6962;8293;0,009090909090909090909
6962;8460;0,009090909090909090909
6962;8580;0,009090909090909090909
6962;8648;0,009090909090909090909
6962;8666;0,009090909090909090909
6962;8698;0,009090909090909090909
6962;8999;0,009090909090909090909
6962;9015;0,009090909090909090909
6962;9395;0,009090909090909090909
6962;10941;0,009090909090909090909
6962;12428;0,009090909090909090909
6962;12466;0,009090909090909090909
6962;12500;0,009090909090909090909
6962;13579;0,009090909090909090909
6962;13584;0,009090909090909090909
6962;13599;0,009090909090909090909
6962;13907;0,009090909090909090909
6962;14526;0,009090909090909090909
6962;14907;0,009090909090909090909
6962;15586;0,009090909090909090909
6962;25230;0,009090909090909090909
6962;27067;0,009090909090909090909
6962;27170;0,009090909090909090909
6962;27708;0,009090909090909090909
6962;27949;0,009090909090909090909
6962;27950;0,009090909090909090909
6962;27962;0,009090909090909090909
6962;28018;0,009090909090909090909
6962;28043;0,009090909090909090909
6962;28834;0,009090909090909090909
6962;50332;0,009090909090909090909
6962;52385;0,009090909090909090909
6962;54774;0,009090909090909090909
6962;112062;0,018181818181818181818
6962;324897;0,009090909090909090909
6962;333184;0,009090909090909090909
6962;366089;0,009090909090909090909
7049;1583;1,000000000000000000000
7095;778;0,500000000000000000000
7095;8373;0,250000000000000000000
7095;9288;0,250000000000000000000
7126;178;1,000000000000000000000
7130;420;1,000000000000000000000
7131;9905;1,000000000000000000000
7135;12591;1,000000000000000000000
7160;2661;0,500000000000000000000
7160;2714;0,500000000000000000000
7543;2743;0,076923076923076923076
7543;2786;0,038461538461538461538
7543;3007;0,076923076923076923076
7543;3420;0,076923076923076923076
7543;4587;0,076923076923076923076
7543;5136;0,038461538461538461538
7543;7975;0,076923076923076923076
7543;12959;0,076923076923076923076
7543;27613;0,076923076923076923076
7543;152027;0,384615384615384615384
7560;4748;1,000000000000000000000
7574;7780;1,000000000000000000000
7578;1650;1,000000000000000000000
7586;2041;1,000000000000000000000
7741;706;1,000000000000000000000
7759;1780;0,500000000000000000000
7759;9208;0,500000000000000000000
7939;866;1,000000000000000000000
7968;669;1,000000000000000000000
7994;934;0,500000000000000000000
7994;5753;0,500000000000000000000
8050;1162;1,000000000000000000000
8051;8345;1,000000000000000000000
8090;9807;1,000000000000000000000
8106;1713;1,000000000000000000000
8143;2504;1,000000000000000000000
8205;2275;1,000000000000000000000
8229;113392;1,000000000000000000000
8281;59;1,000000000000000000000
8345;8051;1,000000000000000000000
8442;479;0,666666666666666666666
8442;8473;0,333333333333333333333
8461;434663;1,000000000000000000000
8464;4497;1,000000000000000000000
8465;45;0,003174603174603174603
8465;61;0,006349206349206349206
8465;66;0,006349206349206349206
8465;240;0,015873015873015873015
8465;362;0,015873015873015873015
8465;475;0,015873015873015873015
8465;479;0,015873015873015873015
8465;520;0,015873015873015873015
8465;525;0,015873015873015873015
8465;706;0,015873015873015873015
8465;793;0,015873015873015873015
8465;852;0,015873015873015873015
8465;999;0,006349206349206349206
8465;1002;0,006349206349206349206
8465;1012;0,006349206349206349206
8465;1016;0,006349206349206349206
8465;1020;0,006349206349206349206
8465;1077;0,006349206349206349206
8465;1107;0,015873015873015873015
8465;1171;0,015873015873015873015
8465;1180;0,006349206349206349206
8465;1313;0,015873015873015873015
8465;1314;0,015873015873015873015
8465;1315;0,015873015873015873015
8465;1556;0,006349206349206349206
8465;1748;0,015873015873015873015
8465;1938;0,015873015873015873015
8465;2306;0,015873015873015873015
8465;2490;0,015873015873015873015
8465;2491;0,015873015873015873015
8465;2642;0,006349206349206349206
8465;2746;0,006349206349206349206
8465;2791;0,006349206349206349206
8465;2815;0,003174603174603174603
8465;3033;0,006349206349206349206
8465;3038;0,015873015873015873015
8465;3374;0,015873015873015873015
8465;3590;0,015873015873015873015
8465;3826;0,006349206349206349206
8465;3827;0,006349206349206349206
8465;3905;0,006349206349206349206
8465;4219;0,015873015873015873015
8465;4242;0,015873015873015873015
8465;4292;0,006349206349206349206
8465;4497;0,015873015873015873015
8465;4706;0,015873015873015873015
8465;4835;0,015873015873015873015
8465;4976;0,006349206349206349206
8465;4991;0,015873015873015873015
8465;4995;0,015873015873015873015
8465;4998;0,015873015873015873015
8465;4999;0,015873015873015873015
8465;5001;0,015873015873015873015
8465;5002;0,015873015873015873015
8465;5003;0,015873015873015873015
8465;5005;0,015873015873015873015
8465;5011;0,015873015873015873015
8465;5013;0,015873015873015873015
8465;5016;0,006349206349206349206
8465;5019;0,015873015873015873015
8465;5666;0,015873015873015873015
8465;5681;0,006349206349206349206
8465;5921;0,006349206349206349206
8465;5935;0,015873015873015873015
8465;6483;0,006349206349206349206
8465;8438;0,015873015873015873015
8465;8442;0,015873015873015873015
8465;8449;0,015873015873015873015
8465;8458;0,015873015873015873015
8465;8460;0,015873015873015873015
8465;8462;0,015873015873015873015
8465;8470;0,015873015873015873015
8465;8473;0,015873015873015873015
8465;8476;0,015873015873015873015
8465;9481;0,006349206349206349206
8465;9482;0,006349206349206349206
8465;12596;0,006349206349206349206
8465;21271;0,015873015873015873015
8465;24098;0,006349206349206349206
8465;24099;0,006349206349206349206
8465;28617;0,006349206349206349206
8465;310049;0,015873015873015873015
8473;479;1,000000000000000000000
8590;1282;1,000000000000000000000
8623;1419;1,000000000000000000000
8633;526;0,200000000000000000000
8633;2214;0,200000000000000000000
8633;4748;0,600000000000000000000
8648;266;1,000000000000000000000
8723;4240;1,000000000000000000000
8756;1085;1,000000000000000000000
8786;2302;0,333333333333333333333
8786;8787;0,666666666666666666666
8805;1867;1,000000000000000000000
8910;1439;0,250000000000000000000
8910;50332;0,500000000000000000000
8910;189452;0,250000000000000000000
8985;3256;1,000000000000000000000
9067;12826;0,500000000000000000000
9067;26251;0,500000000000000000000
9090;2578;1,000000000000000000000
9114;1824;1,000000000000000000000
9184;1401;0,333333333333333333333
9184;3414;0,333333333333333333333
9184;4240;0,333333333333333333333
9208;2349;0,666666666666666666666
9208;6234;0,111111111111111111111
9208;7759;0,222222222222222222222
9338;13178;1,000000000000000000000
9352;3876;1,000000000000000000000
9367;681;0,333333333333333333333
9367;863;0,666666666666666666666
9389;841;0,083333333333333333333
9389;1667;0,166666666666666666666
9389;2216;0,083333333333333333333
9389;2271;0,166666666666666666666
9389;2503;0,083333333333333333333
9389;5632;0,083333333333333333333
9389;7759;0,166666666666666666666
9389;8623;0,083333333333333333333
9389;9399;0,083333333333333333333
9399;9389;1,000000000000000000000
9406;286660;1,000000000000000000000
9429;190;1,000000000000000000000
9437;13369;1,000000000000000000000
9722;908758;0,500000000000000000000
9722;1103804;0,500000000000000000000
9762;612;1,000000000000000000000
9968;2487;0,666666666666666666666
9968;4729;0,333333333333333333333
10000;14465;1,000000000000000000000
10020;17388;1,000000000000000000000
10103;596;1,000000000000000000000
10175;3450;1,000000000000000000000
10188;1234;0,166666666666666666666
10188;2111;0,666666666666666666666
10188;3802;0,166666666666666666666
10255;2543;0,500000000000000000000
10255;4100;0,500000000000000000000
10658;10338;1,000000000000000000000
10682;3188;1,000000000000000000000
10860;2678;1,000000000000000000000
11138;391;0,500000000000000000000
11138;12563;0,500000000000000000000
11213;4625;1,000000000000000000000
11369;2287;0,500000000000000000000
11369;2425;0,500000000000000000000
11680;2554;1,000000000000000000000
11863;2277;0,125000000000000000000
11863;4058;0,125000000000000000000
11863;7660;0,250000000000000000000
11863;10941;0,125000000000000000000
11863;13472;0,125000000000000000000
11863;13502;0,125000000000000000000
11863;27823;0,125000000000000000000
12159;1092;0,500000000000000000000
12159;3222;0,250000000000000000000
12159;9762;0,250000000000000000000
12387;10103;1,000000000000000000000
12388;244;0,666666666666666666666
12388;9367;0,333333333333333333333
12768;3940;1,000000000000000000000
12826;2865;0,500000000000000000000
12826;9067;0,500000000000000000000
13141;38;1,000000000000000000000
13176;6773;1,000000000000000000000
13178;360;0,500000000000000000000
13178;14683;0,500000000000000000000
13253;4881;0,666666666666666666666
13253;257563;0,333333333333333333333
13265;2052;0,500000000000000000000
13265;5214;0,500000000000000000000
13335;423;0,200000000000000000000
13335;4274;0,200000000000000000000
13335;4344;0,200000000000000000000
13335;8999;0,200000000000000000000
13335;14742;0,200000000000000000000
13396;431565;1,000000000000000000000
13579;980;1,000000000000000000000
13584;8878;1,000000000000000000000
13704;2137;1,000000000000000000000
13799;5657;1,000000000000000000000
13899;1083;1,000000000000000000000
14050;8268;1,000000000000000000000
14073;2503;1,000000000000000000000
14151;250;0,166666666666666666666
14151;407;0,166666666666666666666
14151;9722;0,333333333333333333333
14151;908758;0,166666666666666666666
14151;1103804;0,166666666666666666666
14465;6189;1,000000000000000000000
15222;2275;1,000000000000000000000
15471;275;1,000000000000000000000
15975;9905;1,000000000000000000000
16659;2659;1,000000000000000000000
17047;1335;1,000000000000000000000
17248;527;1,000000000000000000000
17278;2467;1,000000000000000000000
17549;3105;1,000000000000000000000
18641;131383;1,000000000000000000000
19031;7759;1,000000000000000000000
20235;127;0,250000000000000000000
20235;443;0,250000000000000000000
20235;911;0,250000000000000000000
20235;2825;0,250000000000000000000
20393;3395;0,250000000000000000000
20393;5645;0,250000000000000000000
20393;27603;0,250000000000000000000
20393;27615;0,250000000000000000000
20801;14073;1,000000000000000000000
21005;4268;1,000000000000000000000
21514;131383;1,000000000000000000000
21750;6940;0,500000000000000000000
21750;931417;0,500000000000000000000
23058;6548;1,000000000000000000000
23886;2254;1,000000000000000000000
24460;1282;1,000000000000000000000
25230;11369;1,000000000000000000000
27349;7895;1,000000000000000000000
27700;2826;0,500000000000000000000
27700;3359;0,500000000000000000000
27708;1173;0,333333333333333333333
27708;2826;0,666666666666666666666
27763;1109;1,000000000000000000000
28528;9367;1,000000000000000000000
29081;1967;1,000000000000000000000
30811;37815;1,000000000000000000000
45924;9762;1,000000000000000000000
47032;1912;1,000000000000000000000
47352;50332;1,000000000000000000000
48255;1058;1,000000000000000000000
50332;8910;1,000000000000000000000
59745;613;0,083333333333333333333
59745;983;0,083333333333333333333
59745;1169;0,250000000000000000000
59745;1939;0,083333333333333333333
59745;366089;0,250000000000000000000
59745;408414;0,083333333333333333333
59745;1051510;0,083333333333333333333
59745;1173768;0,083333333333333333333
59841;427;0,166666666666666666666
59841;846;0,166666666666666666666
59841;2697;0,166666666666666666666
59841;2731;0,166666666666666666666
59841;5245;0,166666666666666666666
59841;5408;0,166666666666666666666
67275;237;1,000000000000000000000
71411;748;1,000000000000000000000
74054;706;1,000000000000000000000
76428;748;0,333333333333333333333
76428;28517;0,333333333333333333333
76428;81648;0,333333333333333333333
95084;13769;1,000000000000000000000
112062;749;0,500000000000000000000
112062;826;0,166666666666666666666
112062;57838;0,166666666666666666666
112062;98841;0,166666666666666666666
113392;296;0,333333333333333333333
113392;2350;0,666666666666666666666
131383;845;0,200000000000000000000
131383;18641;0,200000000000000000000
131383;398787;0,200000000000000000000
131383;940328;0,400000000000000000000
144425;4098;1,000000000000000000000
146462;122;0,142857142857142857142
146462;1988;0,285714285714285714285
146462;3601;0,285714285714285714285
146462;4881;0,285714285714285714285
163510;813240;1,000000000000000000000
179346;485;0,333333333333333333333
179346;2817;0,333333333333333333333
179346;3105;0,333333333333333333333
184987;898;0,500000000000000000000
184987;2467;0,500000000000000000000
189452;3381;0,250000000000000000000
189452;4376;0,250000000000000000000
189452;8165;0,250000000000000000000
189452;8910;0,250000000000000000000
192866;425;0,166666666666666666666
192866;744;0,166666666666666666666
192866;845;0,166666666666666666666
192866;846;0,166666666666666666666
192866;1437;0,166666666666666666666
192866;2396;0,166666666666666666666
229072;4881;1,000000000000000000000
239969;507;0,200000000000000000000
239969;239963;0,800000000000000000000
245879;2713;1,000000000000000000000
248831;8465;1,000000000000000000000
248834;1107305;1,000000000000000000000
276695;237;0,500000000000000000000
276695;1364;0,500000000000000000000
281170;1988;0,200000000000000000000
281170;3601;0,400000000000000000000
281170;4881;0,200000000000000000000
281170;229072;0,200000000000000000000
284855;1454;0,333333333333333333333
284855;1706;0,333333333333333333333
284855;1708;0,333333333333333333333
286660;77;0,500000000000000000000
286660;9406;0,500000000000000000000
306994;713;0,500000000000000000000
306994;2585;0,500000000000000000000
321395;502;1,000000000000000000000
328526;9730;1,000000000000000000000
343358;115;1,000000000000000000000
349041;194;1,000000000000000000000
365533;609;1,000000000000000000000
366089;983;0,200000000000000000000
366089;59745;0,600000000000000000000
366089;906176;0,200000000000000000000
366347;5029;0,666666666666666666666
366347;404510;0,333333333333333333333
366867;3811;1,000000000000000000000
373677;349155;1,000000000000000000000
374246;558;1,000000000000000000000
377520;2424;1,000000000000000000000
388810;964;1,000000000000000000000
389498;585;1,000000000000000000000
393418;37;0,500000000000000000000
393418;6461;0,500000000000000000000
398786;749;0,400000000000000000000
398786;2396;0,200000000000000000000
398786;4219;0,200000000000000000000
398786;398787;0,200000000000000000000
398787;131383;0,500000000000000000000
398787;398786;0,500000000000000000000
408414;475;0,545454545454545454545
408414;1169;0,181818181818181818181
408414;59745;0,181818181818181818181
408414;59841;0,090909090909090909090
431565;2364;1,000000000000000000000
434991;349;0,125000000000000000000
434991;351;0,250000000000000000000
434991;538;0,250000000000000000000
434991;1340;0,250000000000000000000
434991;1510;0,125000000000000000000
442813;3401;0,500000000000000000000
442813;343424;0,500000000000000000000
459252;681;1,000000000000000000000
468947;6442;1,000000000000000000000
474028;72;0,200000000000000000000
474028;263;0,200000000000000000000
474028;1569;0,200000000000000000000
474028;4512;0,200000000000000000000
474028;1080816;0,200000000000000000000
494193;4384;1,000000000000000000000
511019;5647;1,000000000000000000000
533247;846;1,000000000000000000000
533535;237;1,000000000000000000000
542220;3508;1,000000000000000000000
547774;28226;1,000000000000000000000
584314;8468;1,000000000000000000000
623129;425;0,200000000000000000000
623129;845;0,600000000000000000000
623129;131383;0,200000000000000000000
642255;754;0,111111111111111111111
642255;876;0,555555555555555555555
642255;1025;0,222222222222222222222
642255;1391;0,111111111111111111111
704910;1117;1,000000000000000000000
725179;1124;1,000000000000000000000
728154;1142637;1,000000000000000000000
764124;59841;1,000000000000000000000
813240;1526;0,142857142857142857142
813240;1898;0,142857142857142857142
813240;3045;0,142857142857142857142
813240;4313;0,142857142857142857142
813240;163510;0,142857142857142857142
813240;329272;0,285714285714285714285
851827;3318;0,500000000000000000000
851827;3475;0,500000000000000000000
906176;3523;0,250000000000000000000
906176;940328;0,750000000000000000000
908617;2137;1,000000000000000000000
931417;437;0,153846153846153846153
931417;1064;0,076923076923076923076
931417;1167;0,076923076923076923076
931417;1562;0,076923076923076923076
931417;1563;0,076923076923076923076
931417;1608;0,076923076923076923076
931417;1700;0,076923076923076923076
931417;1883;0,076923076923076923076
931417;1906;0,153846153846153846153
931417;2470;0,076923076923076923076
931417;21750;0,076923076923076923076
940328;906176;1,000000000000000000000
1031711;1080816;1,000000000000000000000
1036379;837;1,000000000000000000000
1048032;2164;1,000000000000000000000
1063091;934;1,000000000000000000000
1071327;131;1,000000000000000000000
1080816;420;0,500000000000000000000
1080816;474028;0,500000000000000000000
1080900;2364;1,000000000000000000000
1082368;266;1,000000000000000000000
1082399;17918;1,000000000000000000000
1107305;248834;1,000000000000000000000
1107578;4821;1,000000000000000000000
1110539;837;0,875000000000000000000
1110539;1128679;0,125000000000000000000
1128679;700;0,166666666666666666666
1128679;349041;0,333333333333333333333
1128679;747808;0,333333333333333333333
1128679;1110539;0,166666666666666666666
1130242;1988;1,000000000000000000000
1135143;545;1,000000000000000000000
1142431;23;0,200000000000000000000
1142431;275;0,600000000000000000000
1142431;420;0,200000000000000000000
1142637;728154;1,000000000000000000000
1152828;1692;1,000000000000000000000
1173768;43;0,047619047619047619047
1173768;138;0,047619047619047619047
1173768;642;0,047619047619047619047
1173768;1169;0,142857142857142857142
1173768;1731;0,047619047619047619047
1173768;6006;0,142857142857142857142
1173768;59745;0,190476190476190476190
1173768;366089;0,142857142857142857142
1173768;408414;0,190476190476190476190
1174131;4424;1,000000000000000000000
