7;3496;1,000000000000000000000
54;71;0,045454545454545454545
54;435;0,045454545454545454545
54;1277;0,045454545454545454545
54;1663;0,090909090909090909090
54;1664;0,045454545454545454545
54;1867;0,045454545454545454545
54;1891;0,045454545454545454545
54;2131;0,045454545454545454545
54;3098;0,045454545454545454545
54;4041;0,045454545454545454545
54;4150;0,045454545454545454545
54;7111;0,045454545454545454545
54;9138;0,045454545454545454545
54;9226;0,045454545454545454545
54;10499;0,045454545454545454545
54;12247;0,045454545454545454545
54;13713;0,045454545454545454545
54;13720;0,045454545454545454545
54;28586;0,045454545454545454545
54;54440;0,045454545454545454545
54;245879;0,045454545454545454545
71;85;0,090909090909090909090
71;96;0,045454545454545454545
71;135;0,045454545454545454545
71;545;0,045454545454545454545
71;695;0,090909090909090909090
71;839;0,090909090909090909090
71;845;0,045454545454545454545
71;854;0,045454545454545454545
71;891;0,045454545454545454545
71;1340;0,045454545454545454545
71;1745;0,090909090909090909090
71;2445;0,045454545454545454545
71;3116;0,045454545454545454545
71;3940;0,045454545454545454545
71;4020;0,045454545454545454545
71;4512;0,045454545454545454545
71;6509;0,045454545454545454545
71;15643;0,045454545454545454545
80;502;0,500000000000000000000
80;531;0,500000000000000000000
96;71;0,076923076923076923076
96;261;0,230769230769230769230
96;937;0,153846153846153846153
96;984;0,076923076923076923076
96;1513;0,076923076923076923076
96;1574;0,076923076923076923076
96;1967;0,076923076923076923076
96;1988;0,076923076923076923076
96;2684;0,076923076923076923076
96;3219;0,076923076923076923076
99;1325;0,166666666666666666666
99;4538;0,166666666666666666666
99;6517;0,166666666666666666666
99;8381;0,166666666666666666666
99;27422;0,166666666666666666666
99;310049;0,166666666666666666666
100;194;1,000000000000000000000
104;163;1,000000000000000000000
115;490;0,214285714285714285714
115;1949;0,071428571428571428571
115;4268;0,071428571428571428571
115;6468;0,142857142857142857142
115;8818;0,071428571428571428571
115;343358;0,285714285714285714285
115;383630;0,071428571428571428571
115;484680;0,071428571428571428571
132;109;0,052631578947368421052
132;435;0,052631578947368421052
132;486;0,052631578947368421052
132;550;0,052631578947368421052
132;596;0,052631578947368421052
132;689;0,052631578947368421052
132;1319;0,052631578947368421052
132;1348;0,052631578947368421052
132;2021;0,052631578947368421052
132;2509;0,052631578947368421052
132;2792;0,052631578947368421052
132;2882;0,052631578947368421052
132;3104;0,052631578947368421052
132;3230;0,052631578947368421052
132;3433;0,052631578947368421052
132;3457;0,052631578947368421052
132;4244;0,052631578947368421052
132;5415;0,052631578947368421052
132;15863;0,052631578947368421052
135;13;0,142857142857142857142
135;71;0,142857142857142857142
135;1234;0,142857142857142857142
135;2111;0,285714285714285714285
135;10188;0,142857142857142857142
135;59745;0,142857142857142857142
138;475;1,000000000000000000000
174;3359;1,000000000000000000000
184;7574;0,500000000000000000000
184;381254;0,500000000000000000000
190;127;0,333333333333333333333
190;1234;0,333333333333333333333
190;5564;0,333333333333333333333
192;3296;0,500000000000000000000
192;151929;0,500000000000000000000
232;9951;1,000000000000000000000
247;1154;1,000000000000000000000
248;2716;1,000000000000000000000
249;96;0,600000000000000000000
249;283;0,200000000000000000000
249;245879;0,200000000000000000000
261;96;0,333333333333333333333
261;237;0,333333333333333333333
261;131383;0,333333333333333333333
263;131;0,333333333333333333333
263;420;0,333333333333333333333
263;1263;0,333333333333333333333
266;3944;1,000000000000000000000
284;285;1,000000000000000000000
287;14;0,200000000000000000000
287;649;0,400000000000000000000
287;1262;0,200000000000000000000
287;1988;0,200000000000000000000
295;5679;1,000000000000000000000
306;727;1,000000000000000000000
317;318;0,818181818181818181818
317;2099;0,090909090909090909090
317;2647;0,090909090909090909090
318;317;1,000000000000000000000
320;2310;1,000000000000000000000
352;356;0,500000000000000000000
352;4530;0,500000000000000000000
365;703;0,071428571428571428571
365;1225;0,071428571428571428571
365;1280;0,071428571428571428571
365;2190;0,071428571428571428571
365;2362;0,071428571428571428571
365;3143;0,071428571428571428571
365;3966;0,071428571428571428571
365;4274;0,071428571428571428571
365;6250;0,071428571428571428571
365;6800;0,071428571428571428571
365;7416;0,071428571428571428571
365;9194;0,071428571428571428571
365;9195;0,071428571428571428571
365;10306;0,071428571428571428571
380;5464;1,000000000000000000000
387;5449;1,000000000000000000000
398;5536;0,250000000000000000000
398;21112;0,750000000000000000000
407;410;0,142857142857142857142
407;521;0,142857142857142857142
407;904;0,142857142857142857142
407;5626;0,285714285714285714285
407;7574;0,142857142857142857142
407;10926;0,142857142857142857142
409;375;0,090909090909090909090
409;391;0,090909090909090909090
409;396;0,090909090909090909090
409;405;0,090909090909090909090
409;408;0,090909090909090909090
409;410;0,090909090909090909090
409;412;0,090909090909090909090
409;545;0,090909090909090909090
409;12660;0,090909090909090909090
409;13552;0,090909090909090909090
409;28416;0,090909090909090909090
420;42;0,166666666666666666666
420;4881;0,166666666666666666666
420;6960;0,166666666666666666666
420;7130;0,166666666666666666666
420;59745;0,166666666666666666666
420;494193;0,166666666666666666666
426;423;0,333333333333333333333
426;1574;0,333333333333333333333
426;12418;0,333333333333333333333
443;29085;1,000000000000000000000
453;839;0,500000000000000000000
453;1498;0,500000000000000000000
468;652;0,166666666666666666666
468;1956;0,166666666666666666666
468;4268;0,166666666666666666666
468;9482;0,166666666666666666666
468;10640;0,166666666666666666666
468;18149;0,166666666666666666666
469;1613;0,500000000000000000000
469;8489;0,500000000000000000000
472;1142;0,250000000000000000000
472;2133;0,250000000000000000000
472;2464;0,250000000000000000000
472;3219;0,250000000000000000000
479;545;0,142857142857142857142
479;1065;0,142857142857142857142
479;5013;0,142857142857142857142
479;7106;0,142857142857142857142
479;8460;0,142857142857142857142
479;8466;0,142857142857142857142
479;8473;0,142857142857142857142
484;1831;0,250000000000000000000
484;2198;0,250000000000000000000
484;9234;0,250000000000000000000
484;10165;0,250000000000000000000
485;2131;1,000000000000000000000
492;1321;1,000000000000000000000
497;6548;1,000000000000000000000
498;138;1,000000000000000000000
502;876;0,500000000000000000000
502;3515;0,250000000000000000000
502;3625;0,250000000000000000000
504;391;0,052631578947368421052
504;416;0,052631578947368421052
504;6430;0,052631578947368421052
504;8223;0,157894736842105263157
504;12356;0,052631578947368421052
504;17268;0,157894736842105263157
504;17270;0,157894736842105263157
504;17272;0,157894736842105263157
504;28460;0,157894736842105263157
517;474028;1,000000000000000000000
526;523;0,111111111111111111111
526;528;0,222222222222222222222
526;877;0,111111111111111111111
526;529797;0,555555555555555555555
527;520;0,200000000000000000000
527;4345;0,800000000000000000000
538;4278;0,500000000000000000000
538;440509;0,500000000000000000000
543;1923;1,000000000000000000000
545;71;0,166666666666666666666
545;1894;0,166666666666666666666
545;2684;0,166666666666666666666
545;3465;0,166666666666666666666
545;4172;0,166666666666666666666
545;6694;0,166666666666666666666
547;761;1,000000000000000000000
550;132;0,500000000000000000000
550;658;0,500000000000000000000
588;4098;1,000000000000000000000
594;1780;0,142857142857142857142
594;2825;0,142857142857142857142
594;2826;0,142857142857142857142
594;3696;0,142857142857142857142
594;3697;0,142857142857142857142
594;3852;0,142857142857142857142
594;4510;0,142857142857142857142
600;1263;0,333333333333333333333
600;665791;0,666666666666666666666
602;59841;1,000000000000000000000
612;9762;1,000000000000000000000
613;527;0,200000000000000000000
613;4108;0,200000000000000000000
613;4307;0,200000000000000000000
613;5603;0,200000000000000000000
613;18695;0,200000000000000000000
621;2434;1,000000000000000000000
625;626;1,000000000000000000000
626;122;0,500000000000000000000
626;625;0,500000000000000000000
628;567;1,000000000000000000000
645;7597;1,000000000000000000000
668;3443;1,000000000000000000000
678;285;0,111111111111111111111
678;1499;0,111111111111111111111
678;1889;0,111111111111111111111
678;2661;0,222222222222222222222
678;3045;0,111111111111111111111
678;3473;0,111111111111111111111
678;5289;0,111111111111111111111
678;7160;0,111111111111111111111
683;3615;1,000000000000000000000
689;660;0,200000000000000000000
689;846;0,200000000000000000000
689;1228;0,200000000000000000000
689;7598;0,200000000000000000000
689;15863;0,200000000000000000000
695;700;0,166666666666666666666
695;995;0,166666666666666666666
695;1754;0,166666666666666666666
695;1940;0,166666666666666666666
695;4640;0,166666666666666666666
695;349041;0,166666666666666666666
698;2472;1,000000000000000000000
733;2916;1,000000000000000000000
740;2;0,111111111111111111111
740;739;0,111111111111111111111
740;1352;0,111111111111111111111
740;1902;0,111111111111111111111
740;3153;0,111111111111111111111
740;5909;0,111111111111111111111
740;6622;0,111111111111111111111
740;13502;0,111111111111111111111
740;27965;0,111111111111111111111
747;1988;0,333333333333333333333
747;403195;0,666666666666666666666
761;547;0,666666666666666666666
761;5991;0,333333333333333333333
763;545;1,000000000000000000000
768;2448;0,500000000000000000000
768;26347;0,500000000000000000000
777;8478;1,000000000000000000000
781;937;0,400000000000000000000
781;983;0,400000000000000000000
781;4376;0,200000000000000000000
785;111;0,166666666666666666666
785;140;0,166666666666666666666
785;718;0,166666666666666666666
785;1162;0,166666666666666666666
785;4861;0,166666666666666666666
785;27862;0,166666666666666666666
787;36;0,111111111111111111111
787;285;0,111111111111111111111
787;678;0,111111111111111111111
787;1547;0,111111111111111111111
787;1710;0,222222222222222222222
787;2515;0,111111111111111111111
787;4376;0,111111111111111111111
787;281170;0,111111111111111111111
808;1227;0,375000000000000000000
808;1997;0,125000000000000000000
808;4421;0,125000000000000000000
808;9722;0,375000000000000000000
815;151929;1,000000000000000000000
839;172;0,333333333333333333333
839;453;0,333333333333333333333
839;1476;0,333333333333333333333
845;982;0,200000000000000000000
845;1041;0,200000000000000000000
845;1235;0,200000000000000000000
845;1263;0,400000000000000000000
846;277;0,047619047619047619047
846;283;0,047619047619047619047
846;296;0,047619047619047619047
846;845;0,047619047619047619047
846;1437;0,047619047619047619047
846;1678;0,047619047619047619047
846;1754;0,047619047619047619047
846;2697;0,047619047619047619047
846;2731;0,047619047619047619047
846;2744;0,047619047619047619047
846;2863;0,047619047619047619047
846;3123;0,047619047619047619047
846;3256;0,047619047619047619047
846;3427;0,047619047619047619047
846;3683;0,047619047619047619047
846;5149;0,047619047619047619047
846;5638;0,047619047619047619047
846;7975;0,047619047619047619047
846;59841;0,095238095238095238095
846;192866;0,047619047619047619047
854;71;0,500000000000000000000
854;6923;0,500000000000000000000
855;23930;1,000000000000000000000
861;1570;0,250000000000000000000
861;3234;0,750000000000000000000
870;3359;1,000000000000000000000
883;5437;1,000000000000000000000
911;2054;1,000000000000000000000
918;1027;1,000000000000000000000
920;6461;1,000000000000000000000
925;11213;1,000000000000000000000
933;80;0,200000000000000000000
933;531;0,400000000000000000000
933;3515;0,200000000000000000000
933;4173;0,200000000000000000000
937;96;0,400000000000000000000
937;222;0,200000000000000000000
937;2578;0,400000000000000000000
938;512;1,000000000000000000000
941;2990;1,000000000000000000000
966;521;1,000000000000000000000
967;1894;0,333333333333333333333
967;8396;0,333333333333333333333
967;8568;0,333333333333333333333
970;1301;0,200000000000000000000
970;1335;0,200000000000000000000
970;5441;0,400000000000000000000
970;5443;0,200000000000000000000
972;2244;1,000000000000000000000
977;993;0,090909090909090909090
977;1393;0,090909090909090909090
977;2832;0,090909090909090909090
977;4147;0,090909090909090909090
977;5691;0,090909090909090909090
977;7747;0,090909090909090909090
977;8090;0,090909090909090909090
977;9158;0,090909090909090909090
977;9806;0,090909090909090909090
977;9807;0,090909090909090909090
977;13545;0,090909090909090909090
980;1234;0,166666666666666666666
980;1277;0,166666666666666666666
980;1278;0,166666666666666666666
980;3219;0,500000000000000000000
982;845;0,333333333333333333333
982;1041;0,333333333333333333333
982;1724;0,333333333333333333333
983;499117;1,000000000000000000000
984;96;1,000000000000000000000
990;1459;0,285714285714285714285
990;2249;0,285714285714285714285
990;2326;0,142857142857142857142
990;3098;0,142857142857142857142
990;3233;0,142857142857142857142
997;3940;1,000000000000000000000
1033;2464;0,125000000000000000000
1033;2956;0,125000000000000000000
1033;3876;0,125000000000000000000
1033;8175;0,125000000000000000000
1033;21986;0,125000000000000000000
1033;28130;0,125000000000000000000
1033;659899;0,125000000000000000000
1033;659902;0,125000000000000000000
1041;845;0,500000000000000000000
1041;982;0,250000000000000000000
1041;20307;0,250000000000000000000
1042;277;0,007692307692307692307
1042;1041;0,007692307692307692307
1042;1190;0,007692307692307692307
1042;1220;0,007692307692307692307
1042;1444;0,007692307692307692307
1042;1468;0,007692307692307692307
1042;1771;0,007692307692307692307
1042;2275;0,007692307692307692307
1042;2287;0,007692307692307692307
1042;2419;0,007692307692307692307
1042;2420;0,007692307692307692307
1042;2421;0,007692307692307692307
1042;2422;0,007692307692307692307
1042;2423;0,007692307692307692307
1042;2424;0,007692307692307692307
1042;2425;0,007692307692307692307
1042;3716;0,007692307692307692307
1042;3993;0,007692307692307692307
1042;4692;0,007692307692307692307
1042;5065;0,007692307692307692307
1042;5782;0,007692307692307692307
1042;6068;0,007692307692307692307
1042;6201;0,007692307692307692307
1042;6419;0,007692307692307692307
1042;6630;0,007692307692307692307
1042;6641;0,007692307692307692307
1042;6678;0,007692307692307692307
1042;6734;0,007692307692307692307
1042;6765;0,007692307692307692307
1042;6881;0,007692307692307692307
1042;6918;0,007692307692307692307
1042;7139;0,007692307692307692307
1042;7392;0,007692307692307692307
1042;7954;0,007692307692307692307
1042;8013;0,007692307692307692307
1042;8205;0,007692307692307692307
1042;8820;0,007692307692307692307
1042;9065;0,007692307692307692307
1042;9067;0,007692307692307692307
1042;9068;0,007692307692307692307
1042;9069;0,007692307692307692307
1042;9674;0,007692307692307692307
1042;10298;0,007692307692307692307
1042;10592;0,007692307692307692307
1042;10606;0,007692307692307692307
1042;11369;0,007692307692307692307
1042;11826;0,007692307692307692307
1042;12375;0,007692307692307692307
1042;12489;0,007692307692307692307
1042;13179;0,007692307692307692307
1042;13850;0,007692307692307692307
1042;14069;0,007692307692307692307
1042;15222;0,007692307692307692307
1042;15686;0,007692307692307692307
1042;15944;0,007692307692307692307
1042;16497;0,007692307692307692307
1042;16994;0,007692307692307692307
1042;17553;0,007692307692307692307
1042;17888;0,007692307692307692307
1042;18080;0,007692307692307692307
1042;18098;0,007692307692307692307
1042;19627;0,007692307692307692307
1042;19726;0,007692307692307692307
1042;20307;0,007692307692307692307
1042;21159;0,007692307692307692307
1042;23180;0,007692307692307692307
1042;25205;0,007692307692307692307
1042;25220;0,007692307692307692307
1042;25221;0,007692307692307692307
1042;25222;0,007692307692307692307
1042;25223;0,007692307692307692307
1042;25224;0,007692307692307692307
1042;25225;0,007692307692307692307
1042;25226;0,007692307692307692307
1042;25227;0,007692307692307692307
1042;25229;0,007692307692307692307
1042;25230;0,007692307692307692307
1042;25905;0,007692307692307692307
1042;26251;0,007692307692307692307
1042;27062;0,007692307692307692307
1042;27063;0,007692307692307692307
1042;27064;0,007692307692307692307
1042;27065;0,007692307692307692307
1042;27066;0,007692307692307692307
1042;27067;0,007692307692307692307
1042;27175;0,007692307692307692307
1042;27472;0,007692307692307692307
1042;27474;0,007692307692307692307
1042;27478;0,007692307692307692307
1042;27810;0,007692307692307692307
1042;28183;0,007692307692307692307
1042;28184;0,007692307692307692307
1042;28185;0,007692307692307692307
1042;28187;0,007692307692307692307
1042;28188;0,007692307692307692307
1042;28189;0,007692307692307692307
1042;28191;0,007692307692307692307
1042;28193;0,007692307692307692307
1042;28194;0,007692307692307692307
1042;28195;0,007692307692307692307
1042;28198;0,007692307692307692307
1042;28199;0,007692307692307692307
1042;28200;0,007692307692307692307
1042;28202;0,007692307692307692307
1042;28210;0,007692307692307692307
1042;28212;0,007692307692307692307
1042;28213;0,007692307692307692307
1042;28853;0,007692307692307692307
1042;28856;0,007692307692307692307
1042;28857;0,007692307692307692307
1042;28858;0,007692307692307692307
1042;35557;0,007692307692307692307
1042;102129;0,007692307692307692307
1042;108876;0,007692307692307692307
1042;145389;0,007692307692307692307
1042;349155;0,015384615384615384615
1042;373677;0,007692307692307692307
1042;377520;0,007692307692307692307
1042;383065;0,007692307692307692307
1042;383066;0,007692307692307692307
1042;383067;0,007692307692307692307
1042;383068;0,007692307692307692307
1042;383069;0,007692307692307692307
1042;383070;0,007692307692307692307
1042;387436;0,007692307692307692307
1042;387437;0,007692307692307692307
1042;387438;0,007692307692307692307
1042;387439;0,007692307692307692307
1042;387441;0,007692307692307692307
1044;877;0,083333333333333333333
1044;887;0,083333333333333333333
1044;977;0,083333333333333333333
1044;1121;0,083333333333333333333
1044;1475;0,083333333333333333333
1044;3145;0,083333333333333333333
1044;3825;0,083333333333333333333
1044;5691;0,083333333333333333333
1044;9807;0,083333333333333333333
1044;10740;0,083333333333333333333
1044;12798;0,083333333333333333333
1044;18258;0,083333333333333333333
1046;1751;1,000000000000000000000
1048;4667;1,000000000000000000000
1053;4933;0,500000000000000000000
1053;5856;0,500000000000000000000
1058;98068;1,000000000000000000000
1064;71;0,100000000000000000000
1064;577;0,100000000000000000000
1064;1563;0,100000000000000000000
1064;1632;0,100000000000000000000
1064;1693;0,100000000000000000000
1064;1705;0,100000000000000000000
1064;1708;0,100000000000000000000
1064;1769;0,100000000000000000000
1064;2826;0,100000000000000000000
1064;529797;0,100000000000000000000
1073;1315;0,333333333333333333333
1073;8109;0,333333333333333333333
1073;9513;0,333333333333333333333
1085;85;0,058823529411764705882
1085;1154;0,058823529411764705882
1085;1180;0,058823529411764705882
1085;1513;0,058823529411764705882
1085;2591;0,117647058823529411764
1085;2961;0,058823529411764705882
1085;3180;0,058823529411764705882
1085;3610;0,117647058823529411764
1085;3829;0,058823529411764705882
1085;3870;0,058823529411764705882
1085;5012;0,058823529411764705882
1085;8756;0,117647058823529411764
1085;9296;0,117647058823529411764
1094;299;0,100000000000000000000
1094;1164;0,200000000000000000000
1094;1785;0,100000000000000000000
1094;2075;0,100000000000000000000
1094;6955;0,100000000000000000000
1094;10338;0,100000000000000000000
1094;11552;0,100000000000000000000
1094;25264;0,100000000000000000000
1094;38738;0,100000000000000000000
1100;8165;1,000000000000000000000
1107;12423;1,000000000000000000000
1117;704910;1,000000000000000000000
1123;7;0,018181818181818181818
1123;120;0,018181818181818181818
1123;218;0,018181818181818181818
1123;337;0,018181818181818181818
1123;391;0,018181818181818181818
1123;392;0,018181818181818181818
1123;401;0,018181818181818181818
1123;403;0,018181818181818181818
1123;406;0,018181818181818181818
1123;410;0,018181818181818181818
1123;411;0,018181818181818181818
1123;414;0,018181818181818181818
1123;415;0,018181818181818181818
1123;416;0,018181818181818181818
1123;417;0,018181818181818181818
1123;419;0,018181818181818181818
1123;538;0,018181818181818181818
1123;805;0,018181818181818181818
1123;1069;0,018181818181818181818
1123;1137;0,018181818181818181818
1123;1397;0,018181818181818181818
1123;1447;0,018181818181818181818
1123;1517;0,018181818181818181818
1123;1671;0,018181818181818181818
1123;1727;0,018181818181818181818
1123;1728;0,018181818181818181818
1123;1729;0,018181818181818181818
1123;1762;0,018181818181818181818
1123;2140;0,018181818181818181818
1123;2694;0,018181818181818181818
1123;2822;0,018181818181818181818
1123;2961;0,018181818181818181818
1123;3214;0,018181818181818181818
1123;3362;0,018181818181818181818
1123;3449;0,018181818181818181818
1123;3496;0,018181818181818181818
1123;3513;0,018181818181818181818
1123;3971;0,018181818181818181818
1123;4078;0,018181818181818181818
1123;4131;0,018181818181818181818
1123;4627;0,018181818181818181818
1123;5168;0,018181818181818181818
1123;6000;0,018181818181818181818
1123;7585;0,018181818181818181818
1123;8237;0,018181818181818181818
1123;8566;0,018181818181818181818
1123;9380;0,018181818181818181818
1123;10341;0,018181818181818181818
1123;11235;0,018181818181818181818
1123;12963;0,018181818181818181818
1123;13187;0,018181818181818181818
1123;14526;0,018181818181818181818
1123;17280;0,018181818181818181818
1123;17281;0,018181818181818181818
1123;28530;0,018181818181818181818
1135;7;1,000000000000000000000
1139;458;0,500000000000000000000
1139;713;0,500000000000000000000
1149;4376;1,000000000000000000000
1150;911;0,333333333333333333333
1150;1234;0,333333333333333333333
1150;2825;0,333333333333333333333
1153;2269;1,000000000000000000000
1154;85;0,015873015873015873015
1154;122;0,015873015873015873015
1154;181;0,015873015873015873015
1154;182;0,015873015873015873015
1154;210;0,015873015873015873015
1154;222;0,015873015873015873015
1154;247;0,015873015873015873015
1154;254;0,015873015873015873015
1154;472;0,015873015873015873015
1154;625;0,015873015873015873015
1154;722;0,015873015873015873015
1154;798;0,015873015873015873015
1154;875;0,015873015873015873015
1154;972;0,015873015873015873015
1154;984;0,015873015873015873015
1154;1033;0,015873015873015873015
1154;1085;0,015873015873015873015
1154;1142;0,015873015873015873015
1154;1493;0,015873015873015873015
1154;1496;0,015873015873015873015
1154;1639;0,015873015873015873015
1154;1779;0,015873015873015873015
1154;1820;0,015873015873015873015
1154;1917;0,015873015873015873015
1154;1981;0,015873015873015873015
1154;1983;0,015873015873015873015
1154;2133;0,015873015873015873015
1154;2230;0,015873015873015873015
1154;2269;0,015873015873015873015
1154;2302;0,015873015873015873015
1154;2375;0,015873015873015873015
1154;2464;0,015873015873015873015
1154;2741;0,015873015873015873015
1154;2742;0,015873015873015873015
1154;2756;0,015873015873015873015
1154;2796;0,015873015873015873015
1154;2847;0,015873015873015873015
1154;2852;0,015873015873015873015
1154;2853;0,015873015873015873015
1154;3246;0,015873015873015873015
1154;3393;0,015873015873015873015
1154;3528;0,015873015873015873015
1154;4098;0,015873015873015873015
1154;4250;0,015873015873015873015
1154;4553;0,015873015873015873015
1154;4890;0,015873015873015873015
1154;5042;0,015873015873015873015
1154;5155;0,015873015873015873015
1154;5158;0,015873015873015873015
1154;5223;0,015873015873015873015
1154;5227;0,015873015873015873015
1154;5373;0,015873015873015873015
1154;6203;0,015873015873015873015
1154;6543;0,015873015873015873015
1154;6570;0,015873015873015873015
1154;7005;0,015873015873015873015
1154;8363;0,015873015873015873015
1154;8489;0,015873015873015873015
1154;8786;0,015873015873015873015
1154;8787;0,015873015873015873015
1154;10763;0,015873015873015873015
1154;12864;0,015873015873015873015
1154;12865;0,015873015873015873015
1160;1513;1,000000000000000000000
1164;1094;0,333333333333333333333
1164;1831;0,333333333333333333333
1164;28822;0,333333333333333333333
1165;4021;1,000000000000000000000
1169;71;0,062500000000000000000
1169;100;0,062500000000000000000
1169;138;0,062500000000000000000
1169;276;0,062500000000000000000
1169;695;0,062500000000000000000
1169;1942;0,062500000000000000000
1169;1944;0,062500000000000000000
1169;1945;0,062500000000000000000
1169;1946;0,062500000000000000000
1169;3523;0,062500000000000000000
1169;4512;0,062500000000000000000
1169;13537;0,062500000000000000000
1169;41776;0,062500000000000000000
1169;59745;0,062500000000000000000
1169;98841;0,062500000000000000000
1169;131383;0,062500000000000000000
1187;1705;0,333333333333333333333
1187;2367;0,333333333333333333333
1187;18517;0,333333333333333333333
1220;1190;0,021739130434782608695
1220;1771;0,021739130434782608695
1220;2419;0,021739130434782608695
1220;2422;0,021739130434782608695
1220;2423;0,021739130434782608695
1220;2424;0,043478260869565217391
1220;3993;0,021739130434782608695
1220;6419;0,021739130434782608695
1220;6630;0,021739130434782608695
1220;6641;0,043478260869565217391
1220;6881;0,021739130434782608695
1220;7954;0,021739130434782608695
1220;9068;0,021739130434782608695
1220;10592;0,043478260869565217391
1220;12375;0,021739130434782608695
1220;13179;0,021739130434782608695
1220;13850;0,021739130434782608695
1220;14069;0,021739130434782608695
1220;15686;0,021739130434782608695
1220;16497;0,065217391304347826086
1220;20307;0,043478260869565217391
1220;21159;0,021739130434782608695
1220;27062;0,021739130434782608695
1220;27063;0,043478260869565217391
1220;27064;0,021739130434782608695
1220;27065;0,021739130434782608695
1220;27066;0,021739130434782608695
1220;27067;0,021739130434782608695
1220;28184;0,043478260869565217391
1220;28199;0,021739130434782608695
1220;28210;0,021739130434782608695
1220;108876;0,021739130434782608695
1220;349155;0,021739130434782608695
1220;377520;0,021739130434782608695
1220;383065;0,021739130434782608695
1220;383068;0,021739130434782608695
1220;387437;0,021739130434782608695
1220;387438;0,021739130434782608695
1228;689;0,100000000000000000000
1228;1319;0,100000000000000000000
1228;1457;0,100000000000000000000
1228;1487;0,100000000000000000000
1228;2131;0,100000000000000000000
1228;2318;0,100000000000000000000
1228;2509;0,100000000000000000000
1228;2882;0,100000000000000000000
1228;5180;0,100000000000000000000
1228;33843;0,100000000000000000000
1231;3141;0,200000000000000000000
1231;3268;0,100000000000000000000
1231;3414;0,100000000000000000000
1231;5519;0,100000000000000000000
1231;6213;0,100000000000000000000
1231;9393;0,100000000000000000000
1231;13369;0,100000000000000000000
1231;14465;0,100000000000000000000
1231;57838;0,100000000000000000000
1234;190;0,100000000000000000000
1234;529;0,100000000000000000000
1234;964;0,100000000000000000000
1234;1150;0,100000000000000000000
1234;1237;0,100000000000000000000
1234;1277;0,200000000000000000000
1234;2111;0,200000000000000000000
1234;2181;0,100000000000000000000
1235;845;0,166666666666666666666
1235;1236;0,333333333333333333333
1235;1277;0,166666666666666666666
1235;3393;0,333333333333333333333
1236;1235;0,500000000000000000000
1236;1277;0,250000000000000000000
1236;2204;0,250000000000000000000
1237;1234;1,000000000000000000000
1277;72;0,045454545454545454545
1277;135;0,045454545454545454545
1277;183;0,045454545454545454545
1277;980;0,045454545454545454545
1277;1116;0,045454545454545454545
1277;1234;0,181818181818181818181
1277;1235;0,090909090909090909090
1277;1236;0,045454545454545454545
1277;1237;0,045454545454545454545
1277;1278;0,045454545454545454545
1277;1591;0,045454545454545454545
1277;1931;0,045454545454545454545
1277;1942;0,045454545454545454545
1277;2684;0,045454545454545454545
1277;3395;0,045454545454545454545
1277;10188;0,090909090909090909090
1277;21154;0,045454545454545454545
1278;980;0,500000000000000000000
1278;1277;0,500000000000000000000
1282;2195;1,000000000000000000000
1286;526;0,250000000000000000000
1286;2054;0,250000000000000000000
1286;2434;0,250000000000000000000
1286;28686;0,250000000000000000000
1305;324;0,166666666666666666666
1305;2559;0,166666666666666666666
1305;5083;0,166666666666666666666
1305;10021;0,166666666666666666666
1305;27432;0,166666666666666666666
1305;28288;0,166666666666666666666
1310;1868;1,000000000000000000000
1321;1064;0,500000000000000000000
1321;3359;0,500000000000000000000
1325;378;0,083333333333333333333
1325;1240;0,083333333333333333333
1325;1327;0,166666666666666666666
1325;1329;0,083333333333333333333
1325;1331;0,083333333333333333333
1325;1333;0,083333333333333333333
1325;1336;0,083333333333333333333
1325;2152;0,083333333333333333333
1325;5831;0,083333333333333333333
1325;15437;0,083333333333333333333
1325;27808;0,083333333333333333333
1327;1325;1,000000000000000000000
1329;2153;1,000000000000000000000
1333;1325;0,500000000000000000000
1333;5831;0,500000000000000000000
1335;970;0,250000000000000000000
1335;1301;0,250000000000000000000
1335;5441;0,250000000000000000000
1335;5443;0,250000000000000000000
1336;2153;1,000000000000000000000
1344;7434;0,500000000000000000000
1344;179346;0,500000000000000000000
1370;1116;0,500000000000000000000
1370;791903;0,500000000000000000000
1374;20436;1,000000000000000000000
1437;846;1,000000000000000000000
1455;267368;1,000000000000000000000
1462;8568;0,500000000000000000000
1462;12706;0,500000000000000000000
1487;909;0,500000000000000000000
1487;1228;0,500000000000000000000
1510;6634;1,000000000000000000000
1513;11;0,050000000000000000000
1513;96;0,050000000000000000000
1513;122;0,050000000000000000000
1513;249;0,050000000000000000000
1513;283;0,050000000000000000000
1513;937;0,050000000000000000000
1513;1033;0,050000000000000000000
1513;1085;0,050000000000000000000
1513;1570;0,050000000000000000000
1513;1981;0,050000000000000000000
1513;2464;0,050000000000000000000
1513;2990;0,050000000000000000000
1513;3096;0,050000000000000000000
1513;3610;0,050000000000000000000
1513;3838;0,050000000000000000000
1513;4080;0,050000000000000000000
1513;4187;0,050000000000000000000
1513;4376;0,050000000000000000000
1513;4507;0,050000000000000000000
1513;8630;0,050000000000000000000
1526;285;1,000000000000000000000
1554;793;0,500000000000000000000
1554;1845;0,500000000000000000000
1556;28952;1,000000000000000000000
1574;96;0,166666666666666666666
1574;423;0,166666666666666666666
1574;441;0,166666666666666666666
1574;1117;0,166666666666666666666
1574;2561;0,166666666666666666666
1574;12418;0,166666666666666666666
1589;39;0,333333333333333333333
1589;738;0,333333333333333333333
1589;3256;0,333333333333333333333
1597;1379;0,500000000000000000000
1597;4440;0,500000000000000000000
1610;812;0,111111111111111111111
1610;1454;0,111111111111111111111
1610;1560;0,111111111111111111111
1610;1609;0,222222222222222222222
1610;1883;0,111111111111111111111
1610;1906;0,222222222222222222222
1610;4085;0,111111111111111111111
1613;4461;1,000000000000000000000
1632;1402;0,500000000000000000000
1632;2195;0,500000000000000000000
1637;85;0,125000000000000000000
1637;2712;0,625000000000000000000
1637;3420;0,125000000000000000000
1637;3518;0,125000000000000000000
1657;475;0,750000000000000000000
1657;140271;0,250000000000000000000
1667;5158;0,500000000000000000000
1667;5564;0,500000000000000000000
1689;1694;0,500000000000000000000
1689;752863;0,500000000000000000000
1692;7920;1,000000000000000000000
1694;1689;1,000000000000000000000
1698;2195;1,000000000000000000000
1700;1064;0,250000000000000000000
1700;1608;0,250000000000000000000
1700;4245;0,500000000000000000000
1710;6723;1,000000000000000000000
1727;3317;0,500000000000000000000
1727;3446;0,500000000000000000000
1754;846;0,333333333333333333333
1754;4991;0,333333333333333333333
1754;747808;0,333333333333333333333
1762;1123;1,000000000000000000000
1768;13899;1,000000000000000000000
1769;3359;1,000000000000000000000
1771;277;0,032258064516129032258
1771;1042;0,032258064516129032258
1771;1107;0,032258064516129032258
1771;1190;0,032258064516129032258
1771;1220;0,032258064516129032258
1771;1444;0,032258064516129032258
1771;1681;0,032258064516129032258
1771;2275;0,032258064516129032258
1771;2287;0,032258064516129032258
1771;2419;0,064516129032258064516
1771;2420;0,032258064516129032258
1771;2421;0,032258064516129032258
1771;2422;0,032258064516129032258
1771;2425;0,032258064516129032258
1771;3145;0,032258064516129032258
1771;3993;0,032258064516129032258
1771;6068;0,032258064516129032258
1771;6641;0,032258064516129032258
1771;6918;0,032258064516129032258
1771;7954;0,032258064516129032258
1771;8820;0,032258064516129032258
1771;9065;0,032258064516129032258
1771;9067;0,032258064516129032258
1771;9069;0,032258064516129032258
1771;9430;0,032258064516129032258
1771;11369;0,032258064516129032258
1771;13179;0,032258064516129032258
1771;20307;0,032258064516129032258
1771;27810;0,032258064516129032258
1771;28184;0,032258064516129032258
1778;1182;0,500000000000000000000
1778;8435;0,500000000000000000000
1843;2851;1,000000000000000000000
1853;5373;1,000000000000000000000
1864;8450;1,000000000000000000000
1868;285;0,500000000000000000000
1868;1310;0,500000000000000000000
1877;37;0,071428571428571428571
1877;38;0,071428571428571428571
1877;179;0,071428571428571428571
1877;609;0,071428571428571428571
1877;920;0,071428571428571428571
1877;1724;0,071428571428571428571
1877;1892;0,071428571428571428571
1877;3518;0,071428571428571428571
1877;7215;0,071428571428571428571
1877;12755;0,071428571428571428571
1877;331627;0,071428571428571428571
1877;365531;0,071428571428571428571
1877;365532;0,071428571428571428571
1877;365533;0,071428571428571428571
1879;411;0,111111111111111111111
1879;945;0,111111111111111111111
1879;2993;0,111111111111111111111
1879;3022;0,111111111111111111111
1879;3129;0,111111111111111111111
1879;6883;0,111111111111111111111
1879;7030;0,111111111111111111111
1879;12563;0,111111111111111111111
1879;28557;0,111111111111111111111
1889;2661;0,250000000000000000000
1889;2706;0,250000000000000000000
1889;3429;0,250000000000000000000
1889;7116;0,250000000000000000000
1897;528;0,500000000000000000000
1897;3548;0,500000000000000000000
1946;277;1,000000000000000000000
1948;57;1,000000000000000000000
1949;793;0,500000000000000000000
1949;1053;0,500000000000000000000
1951;113392;1,000000000000000000000
1956;4268;1,000000000000000000000
1967;96;0,333333333333333333333
1967;249;0,333333333333333333333
1967;1724;0,333333333333333333333
1988;42;0,020408163265306122448
1988;63;0,020408163265306122448
1988;96;0,020408163265306122448
1988;168;0,020408163265306122448
1988;170;0,020408163265306122448
1988;237;0,061224489795918367346
1988;249;0,020408163265306122448
1988;261;0,020408163265306122448
1988;287;0,061224489795918367346
1988;747;0,020408163265306122448
1988;846;0,040816326530612244897
1988;860;0,020408163265306122448
1988;1141;0,020408163265306122448
1988;1156;0,020408163265306122448
1988;1364;0,020408163265306122448
1988;1829;0,040816326530612244897
1988;2145;0,020408163265306122448
1988;2293;0,020408163265306122448
1988;2515;0,020408163265306122448
1988;3000;0,061224489795918367346
1988;3174;0,020408163265306122448
1988;3219;0,020408163265306122448
1988;4825;0,020408163265306122448
1988;4881;0,102040816326530612244
1988;5628;0,020408163265306122448
1988;6113;0,020408163265306122448
1988;6570;0,040816326530612244897
1988;6666;0,040816326530612244897
1988;6889;0,020408163265306122448
1988;42210;0,020408163265306122448
1988;140175;0,020408163265306122448
1988;370126;0,040816326530612244897
1988;778335;0,040816326530612244897
1996;6213;1,000000000000000000000
1997;808;0,333333333333333333333
1997;5637;0,333333333333333333333
1997;16076;0,333333333333333333333
2015;14803;1,000000000000000000000
2083;277;0,500000000000000000000
2083;5227;0,500000000000000000000
2111;135;0,111111111111111111111
2111;1235;0,222222222222222222222
2111;1277;0,555555555555555555555
2111;10188;0,111111111111111111111
2119;3098;0,500000000000000000000
2119;8435;0,500000000000000000000
2130;27416;0,727272727272727272727
2130;373782;0,272727272727272727272
2131;54;0,071428571428571428571
2131;73;0,071428571428571428571
2131;485;0,071428571428571428571
2131;1228;0,071428571428571428571
2131;1457;0,071428571428571428571
2131;1891;0,071428571428571428571
2131;2318;0,071428571428571428571
2131;2509;0,071428571428571428571
2131;2882;0,071428571428571428571
2131;4041;0,071428571428571428571
2131;4150;0,071428571428571428571
2131;13720;0,071428571428571428571
2131;33843;0,071428571428571428571
2131;54440;0,071428571428571428571
2139;9691;1,000000000000000000000
2146;1121;0,250000000000000000000
2146;2214;0,250000000000000000000
2146;5367;0,250000000000000000000
2146;6316;0,250000000000000000000
2147;1169;0,250000000000000000000
2147;1873;0,250000000000000000000
2147;3857;0,250000000000000000000
2147;15048;0,250000000000000000000
2148;683;1,000000000000000000000
2153;1240;0,166666666666666666666
2153;1329;0,166666666666666666666
2153;1336;0,333333333333333333333
2153;1971;0,166666666666666666666
2153;5127;0,166666666666666666666
2195;220;0,033333333333333333333
2195;313;0,033333333333333333333
2195;577;0,033333333333333333333
2195;870;0,033333333333333333333
2195;1321;0,033333333333333333333
2195;1455;0,033333333333333333333
2195;1632;0,033333333333333333333
2195;1689;0,033333333333333333333
2195;1692;0,033333333333333333333
2195;1694;0,033333333333333333333
2195;1698;0,033333333333333333333
2195;1699;0,033333333333333333333
2195;1703;0,033333333333333333333
2195;1705;0,033333333333333333333
2195;1706;0,033333333333333333333
2195;1707;0,033333333333333333333
2195;1708;0,033333333333333333333
2195;1709;0,033333333333333333333
2195;1763;0,033333333333333333333
2195;1769;0,033333333333333333333
2195;2008;0,033333333333333333333
2195;2506;0,033333333333333333333
2195;2825;0,033333333333333333333
2195;2826;0,033333333333333333333
2195;5753;0,033333333333333333333
2195;6413;0,033333333333333333333
2195;9261;0,033333333333333333333
2195;21502;0,033333333333333333333
2195;28777;0,033333333333333333333
2195;529797;0,033333333333333333333
2196;3427;0,333333333333333333333
2196;11232;0,333333333333333333333
2196;251573;0,333333333333333333333
2200;904;0,500000000000000000000
2200;413321;0,500000000000000000000
2204;3188;1,000000000000000000000
2215;151929;1,000000000000000000000
2239;1991;1,000000000000000000000
2254;1402;0,500000000000000000000
2254;2195;0,500000000000000000000
2269;1153;0,333333333333333333333
2269;2742;0,666666666666666666666
2275;27478;1,000000000000000000000
2287;1042;0,500000000000000000000
2287;1771;0,500000000000000000000
2293;2133;1,000000000000000000000
2310;320;1,000000000000000000000
2335;3891;1,000000000000000000000
2350;37;1,000000000000000000000
2359;352262;1,000000000000000000000
2364;1117;0,166666666666666666666
2364;2972;0,333333333333333333333
2364;8253;0,166666666666666666666
2364;14742;0,166666666666666666666
2364;125861;0,166666666666666666666
2379;2655;0,045454545454545454545
2379;2714;0,500000000000000000000
2379;3234;0,454545454545454545454
2383;4885;1,000000000000000000000
2419;1771;1,000000000000000000000
2421;8870;1,000000000000000000000
2428;2296;1,000000000000000000000
2434;621;1,000000000000000000000
2445;71;0,333333333333333333333
2445;2825;0,333333333333333333333
2445;3802;0,333333333333333333333
2450;1831;1,000000000000000000000
2464;85;0,043478260869565217391
2464;122;0,043478260869565217391
2464;247;0,043478260869565217391
2464;472;0,086956521739130434782
2464;984;0,043478260869565217391
2464;1033;0,043478260869565217391
2464;1142;0,043478260869565217391
2464;1154;0,043478260869565217391
2464;1513;0,043478260869565217391
2464;1820;0,043478260869565217391
2464;2133;0,043478260869565217391
2464;2291;0,043478260869565217391
2464;2293;0,043478260869565217391
2464;3219;0,043478260869565217391
2464;3528;0,043478260869565217391
2464;4098;0,043478260869565217391
2464;5042;0,043478260869565217391
2464;5223;0,043478260869565217391
2464;5824;0,043478260869565217391
2464;6543;0,043478260869565217391
2464;8363;0,043478260869565217391
2464;152076;0,043478260869565217391
2474;248;0,166666666666666666666
2474;2523;0,166666666666666666666
2474;2716;0,166666666666666666666
2474;3869;0,166666666666666666666
2474;10018;0,166666666666666666666
2474;10197;0,166666666666666666666
2498;3429;1,000000000000000000000
2523;856955;1,000000000000000000000
2544;983;0,666666666666666666666
2544;5440;0,333333333333333333333
2551;404;0,100000000000000000000
2551;458;0,100000000000000000000
2551;713;0,100000000000000000000
2551;978;0,100000000000000000000
2551;2585;0,100000000000000000000
2551;5626;0,100000000000000000000
2551;7574;0,100000000000000000000
2551;9795;0,100000000000000000000
2551;381254;0,100000000000000000000
2551;589508;0,100000000000000000000
2569;3475;1,000000000000000000000
2578;937;1,000000000000000000000
2591;4;0,500000000000000000000
2591;1085;0,500000000000000000000
2596;527;1,000000000000000000000
2647;317;1,000000000000000000000
2655;2379;1,000000000000000000000
2661;678;0,142857142857142857142
2661;1567;0,142857142857142857142
2661;2713;0,142857142857142857142
2661;7160;0,571428571428571428571
2678;15867;1,000000000000000000000
2684;54;0,023255813953488372093
2684;72;0,023255813953488372093
2684;96;0,023255813953488372093
2684;419;0,023255813953488372093
2684;545;0,046511627906976744186
2684;621;0,023255813953488372093
2684;658;0,023255813953488372093
2684;678;0,023255813953488372093
2684;763;0,023255813953488372093
2684;891;0,023255813953488372093
2684;1092;0,046511627906976744186
2684;1196;0,046511627906976744186
2684;1234;0,023255813953488372093
2684;1237;0,069767441860465116279
2684;1657;0,023255813953488372093
2684;1663;0,023255813953488372093
2684;1710;0,023255813953488372093
2684;1721;0,023255813953488372093
2684;1854;0,023255813953488372093
2684;1889;0,023255813953488372093
2684;1942;0,023255813953488372093
2684;2182;0,023255813953488372093
2684;2227;0,023255813953488372093
2684;2254;0,023255813953488372093
2684;2398;0,023255813953488372093
2684;2434;0,023255813953488372093
2684;2661;0,023255813953488372093
2684;3029;0,023255813953488372093
2684;3098;0,023255813953488372093
2684;3325;0,023255813953488372093
2684;3395;0,023255813953488372093
2684;3971;0,023255813953488372093
2684;4240;0,023255813953488372093
2684;5657;0,023255813953488372093
2684;6250;0,023255813953488372093
2684;6461;0,023255813953488372093
2684;6514;0,023255813953488372093
2684;7160;0,023255813953488372093
2706;279;0,200000000000000000000
2706;1889;0,200000000000000000000
2706;3045;0,200000000000000000000
2706;3429;0,200000000000000000000
2706;7116;0,200000000000000000000
2712;411;0,200000000000000000000
2712;1637;0,600000000000000000000
2712;3214;0,200000000000000000000
2713;1591;0,333333333333333333333
2713;2661;0,333333333333333333333
2713;245879;0,333333333333333333333
2714;96;0,033333333333333333333
2714;182;0,033333333333333333333
2714;248;0,033333333333333333333
2714;861;0,033333333333333333333
2714;1142;0,033333333333333333333
2714;1591;0,033333333333333333333
2714;1981;0,033333333333333333333
2714;1988;0,033333333333333333333
2714;2252;0,033333333333333333333
2714;2293;0,033333333333333333333
2714;2379;0,500000000000000000000
2714;3219;0,033333333333333333333
2714;3234;0,033333333333333333333
2714;3869;0,033333333333333333333
2714;3873;0,033333333333333333333
2714;4117;0,033333333333333333333
2716;248;0,666666666666666666666
2716;2379;0,333333333333333333333
2772;5918;1,000000000000000000000
2800;2421;1,000000000000000000000
2803;16;0,010204081632653061224
2803;57;0,010204081632653061224
2803;71;0,010204081632653061224
2803;82;0,010204081632653061224
2803;89;0,010204081632653061224
2803;129;0,010204081632653061224
2803;234;0,010204081632653061224
2803;309;0,010204081632653061224
2803;369;0,020408163265306122448
2803;644;0,010204081632653061224
2803;645;0,010204081632653061224
2803;827;0,010204081632653061224
2803;835;0,010204081632653061224
2803;890;0,010204081632653061224
2803;1022;0,010204081632653061224
2803;1040;0,010204081632653061224
2803;1143;0,010204081632653061224
2803;1152;0,010204081632653061224
2803;1231;0,010204081632653061224
2803;1276;0,010204081632653061224
2803;1612;0,010204081632653061224
2803;1657;0,010204081632653061224
2803;1948;0,010204081632653061224
2803;2109;0,010204081632653061224
2803;2355;0,010204081632653061224
2803;2414;0,010204081632653061224
2803;2479;0,020408163265306122448
2803;2487;0,010204081632653061224
2803;2736;0,010204081632653061224
2803;2739;0,010204081632653061224
2803;2802;0,010204081632653061224
2803;3098;0,010204081632653061224
2803;3123;0,010204081632653061224
2803;3128;0,010204081632653061224
2803;3141;0,020408163265306122448
2803;3145;0,020408163265306122448
2803;3237;0,010204081632653061224
2803;3399;0,010204081632653061224
2803;3574;0,010204081632653061224
2803;3852;0,010204081632653061224
2803;3953;0,010204081632653061224
2803;3967;0,010204081632653061224
2803;3996;0,010204081632653061224
2803;4024;0,020408163265306122448
2803;4159;0,010204081632653061224
2803;4160;0,010204081632653061224
2803;4306;0,010204081632653061224
2803;4501;0,010204081632653061224
2803;4695;0,010204081632653061224
2803;4852;0,010204081632653061224
2803;4853;0,010204081632653061224
2803;5136;0,010204081632653061224
2803;5306;0,010204081632653061224
2803;5338;0,010204081632653061224
2803;5607;0,010204081632653061224
2803;6027;0,010204081632653061224
2803;6045;0,010204081632653061224
2803;6495;0,020408163265306122448
2803;6496;0,010204081632653061224
2803;6497;0,010204081632653061224
2803;6498;0,020408163265306122448
2803;6499;0,010204081632653061224
2803;6501;0,010204081632653061224
2803;6502;0,010204081632653061224
2803;6503;0,020408163265306122448
2803;6504;0,010204081632653061224
2803;6505;0,010204081632653061224
2803;6506;0,010204081632653061224
2803;6509;0,010204081632653061224
2803;6511;0,010204081632653061224
2803;6512;0,010204081632653061224
2803;6513;0,010204081632653061224
2803;6514;0,010204081632653061224
2803;6515;0,010204081632653061224
2803;6517;0,010204081632653061224
2803;6518;0,010204081632653061224
2803;6520;0,010204081632653061224
2803;6523;0,010204081632653061224
2803;6524;0,010204081632653061224
2803;6527;0,010204081632653061224
2803;7686;0,010204081632653061224
2803;8238;0,010204081632653061224
2803;9968;0,010204081632653061224
2803;16786;0,010204081632653061224
2803;33180;0,010204081632653061224
2803;93146;0,010204081632653061224
2803;140271;0,010204081632653061224
2803;237945;0,010204081632653061224
2803;328404;0,010204081632653061224
2803;743544;0,010204081632653061224
2807;475;1,000000000000000000000
2825;12;0,045454545454545454545
2825;127;0,015151515151515151515
2825;318;0,015151515151515151515
2825;405;0,015151515151515151515
2825;545;0,015151515151515151515
2825;558;0,015151515151515151515
2825;594;0,015151515151515151515
2825;794;0,015151515151515151515
2825;851;0,015151515151515151515
2825;1035;0,015151515151515151515
2825;1150;0,015151515151515151515
2825;1234;0,015151515151515151515
2825;1596;0,015151515151515151515
2825;1632;0,015151515151515151515
2825;1692;0,030303030303030303030
2825;1694;0,030303030303030303030
2825;1769;0,015151515151515151515
2825;1942;0,015151515151515151515
2825;1946;0,015151515151515151515
2825;2099;0,015151515151515151515
2825;2445;0,015151515151515151515
2825;2586;0,015151515151515151515
2825;2657;0,015151515151515151515
2825;2826;0,090909090909090909090
2825;3704;0,045454545454545454545
2825;3802;0,015151515151515151515
2825;3998;0,045454545454545454545
2825;4281;0,015151515151515151515
2825;4765;0,045454545454545454545
2825;5071;0,015151515151515151515
2825;5440;0,015151515151515151515
2825;5445;0,045454545454545454545
2825;5557;0,045454545454545454545
2825;5921;0,045454545454545454545
2825;6213;0,015151515151515151515
2825;7132;0,015151515151515151515
2825;7866;0,015151515151515151515
2825;8525;0,045454545454545454545
2825;20235;0,045454545454545454545
2825;374246;0,015151515151515151515
2825;529797;0,015151515151515151515
2826;127;1,000000000000000000000
2828;1402;1,000000000000000000000
2834;468;0,400000000000000000000
2834;2863;0,400000000000000000000
2834;163510;0,200000000000000000000
2852;3393;1,000000000000000000000
2853;1154;1,000000000000000000000
2865;11382;1,000000000000000000000
2877;8566;1,000000000000000000000
2916;733;0,500000000000000000000
2916;1681;0,250000000000000000000
2916;4274;0,250000000000000000000
2961;414;0,200000000000000000000
2961;1033;0,200000000000000000000
2961;1085;0,200000000000000000000
2961;1862;0,200000000000000000000
2961;2223;0,200000000000000000000
2972;125861;0,333333333333333333333
2972;219164;0,666666666666666666666
3023;21268;1,000000000000000000000
3029;326192;1,000000000000000000000
3033;9481;1,000000000000000000000
3045;861;0,500000000000000000000
3045;2706;0,500000000000000000000
3071;547;0,142857142857142857142
3071;1676;0,142857142857142857142
3071;3301;0,142857142857142857142
3071;5264;0,142857142857142857142
3071;5350;0,142857142857142857142
3071;6130;0,142857142857142857142
3071;6234;0,142857142857142857142
3085;960;0,200000000000000000000
3085;2697;0,200000000000000000000
3085;4147;0,200000000000000000000
3085;5367;0,200000000000000000000
3085;10658;0,200000000000000000000
3097;396;1,000000000000000000000
3098;54;0,083333333333333333333
3098;249;0,083333333333333333333
3098;396;0,083333333333333333333
3098;520;0,083333333333333333333
3098;522;0,083333333333333333333
3098;891;0,083333333333333333333
3098;990;0,083333333333333333333
3098;1064;0,083333333333333333333
3098;1122;0,083333333333333333333
3098;2586;0,083333333333333333333
3098;2825;0,083333333333333333333
3098;3096;0,083333333333333333333
3100;8827;1,000000000000000000000
3103;285;0,500000000000000000000
3103;9258;0,500000000000000000000
3141;89;0,111111111111111111111
3141;827;0,111111111111111111111
3141;1231;0,222222222222222222222
3141;2736;0,111111111111111111111
3141;2803;0,111111111111111111111
3141;3142;0,111111111111111111111
3141;3145;0,111111111111111111111
3141;333343;0,111111111111111111111
3145;16;0,031250000000000000000
3145;57;0,031250000000000000000
3145;71;0,031250000000000000000
3145;835;0,031250000000000000000
3145;890;0,031250000000000000000
3145;1044;0,031250000000000000000
3145;1231;0,031250000000000000000
3145;1771;0,031250000000000000000
3145;2479;0,062500000000000000000
3145;2736;0,031250000000000000000
3145;2739;0,031250000000000000000
3145;3141;0,062500000000000000000
3145;4262;0,031250000000000000000
3145;4501;0,031250000000000000000
3145;4852;0,031250000000000000000
3145;5168;0,031250000000000000000
3145;6045;0,062500000000000000000
3145;6498;0,031250000000000000000
3145;6514;0,031250000000000000000
3145;7941;0,031250000000000000000
3145;8590;0,062500000000000000000
3145;9396;0,062500000000000000000
3145;9968;0,031250000000000000000
3145;11536;0,031250000000000000000
3145;13369;0,062500000000000000000
3145;333343;0,031250000000000000000
3176;3986;0,333333333333333333333
3176;17281;0,333333333333333333333
3176;23947;0,333333333333333333333
3188;248839;1,000000000000000000000
3230;132;0,500000000000000000000
3230;596;0,500000000000000000000
3233;54774;1,000000000000000000000
3235;543;1,000000000000000000000
3251;14323;1,000000000000000000000
3265;8106;1,000000000000000000000
3268;1231;0,500000000000000000000
3268;5338;0,500000000000000000000
3269;151929;1,000000000000000000000
3271;1060;1,000000000000000000000
3296;192;1,000000000000000000000
3323;6234;1,000000000000000000000
3343;4751;1,000000000000000000000
3344;277;0,500000000000000000000
3344;7713;0,500000000000000000000
3345;3340;0,500000000000000000000
3345;9924;0,500000000000000000000
3359;174;0,045454545454545454545
3359;870;0,045454545454545454545
3359;1321;0,045454545454545454545
3359;1402;0,045454545454545454545
3359;1454;0,045454545454545454545
3359;1707;0,045454545454545454545
3359;1769;0,045454545454545454545
3359;2195;0,045454545454545454545
3359;2506;0,045454545454545454545
3359;2991;0,045454545454545454545
3359;3427;0,045454545454545454545
3359;3564;0,045454545454545454545
3359;5753;0,045454545454545454545
3359;7994;0,090909090909090909090
3359;8071;0,045454545454545454545
3359;8212;0,045454545454545454545
3359;8491;0,045454545454545454545
3359;10093;0,045454545454545454545
3359;114536;0,045454545454545454545
3359;140271;0,045454545454545454545
3359;156500;0,045454545454545454545
3393;1235;0,666666666666666666666
3393;2852;0,333333333333333333333
3394;441;0,500000000000000000000
3394;8904;0,500000000000000000000
3414;4262;1,000000000000000000000
3420;6907;1,000000000000000000000
3429;226;0,100000000000000000000
3429;1889;0,100000000000000000000
3429;2498;0,100000000000000000000
3429;2706;0,100000000000000000000
3429;4299;0,100000000000000000000
3429;4376;0,100000000000000000000
3429;4398;0,100000000000000000000
3429;8095;0,100000000000000000000
3429;9258;0,100000000000000000000
3429;10020;0,100000000000000000000
3443;668;0,250000000000000000000
3443;876;0,250000000000000000000
3443;642255;0,500000000000000000000
3457;218;0,090909090909090909090
3457;899;0,090909090909090909090
3457;9554;0,090909090909090909090
3457;11330;0,090909090909090909090
3457;94073;0,090909090909090909090
3457;119483;0,090909090909090909090
3457;286660;0,090909090909090909090
3457;333184;0,090909090909090909090
3457;459252;0,090909090909090909090
3457;508762;0,090909090909090909090
3457;671388;0,090909090909090909090
3473;9691;1,000000000000000000000
3496;1135;1,000000000000000000000
3513;1123;0,500000000000000000000
3513;8566;0,500000000000000000000
3515;502;1,000000000000000000000
3523;695;1,000000000000000000000
3586;7699;1,000000000000000000000
3588;525;1,000000000000000000000
3615;683;1,000000000000000000000
3625;876;0,500000000000000000000
3625;642255;0,500000000000000000000
3678;360;1,000000000000000000000
3696;594;1,000000000000000000000
3793;7660;1,000000000000000000000
3800;521;1,000000000000000000000
3802;1277;1,000000000000000000000
3825;1044;1,000000000000000000000
3836;545;0,333333333333333333333
3836;4421;0,333333333333333333333
3836;6991;0,333333333333333333333
3842;1963;0,666666666666666666666
3842;12441;0,333333333333333333333
3876;72;0,333333333333333333333
3876;1033;0,333333333333333333333
3876;140271;0,333333333333333333333
3891;4486;1,000000000000000000000
4004;3235;0,333333333333333333333
4004;59745;0,333333333333333333333
4004;366089;0,333333333333333333333
4039;337;0,500000000000000000000
4039;2396;0,500000000000000000000
4048;151929;1,000000000000000000000
4090;6892;1,000000000000000000000
4146;3085;1,000000000000000000000
4147;965;0,363636363636363636363
4147;2146;0,181818181818181818181
4147;2697;0,454545454545454545454
4148;59841;1,000000000000000000000
4173;332;1,000000000000000000000
4179;983;1,000000000000000000000
4187;1513;0,111111111111111111111
4187;3234;0,777777777777777777777
4187;6008;0,111111111111111111111
4240;7221;1,000000000000000000000
4245;1700;1,000000000000000000000
4262;3414;1,000000000000000000000
4268;1949;0,500000000000000000000
4268;4269;0,250000000000000000000
4268;13141;0,250000000000000000000
4281;151929;1,000000000000000000000
4299;3429;1,000000000000000000000
4307;5093;1,000000000000000000000
4309;94073;1,000000000000000000000
4337;3234;1,000000000000000000000
4355;2851;1,000000000000000000000
4377;1719;0,333333333333333333333
4377;1949;0,333333333333333333333
4377;5528;0,333333333333333333333
4451;1427;1,000000000000000000000
4483;4613;0,500000000000000000000
4483;28571;0,500000000000000000000
4486;999;0,500000000000000000000
4486;3891;0,500000000000000000000
4500;6548;1,000000000000000000000
4518;4206;1,000000000000000000000
4522;257273;1,000000000000000000000
4530;945;0,142857142857142857142
4530;1442;0,142857142857142857142
4530;1946;0,142857142857142857142
4530;5148;0,142857142857142857142
4530;13769;0,142857142857142857142
4530;131383;0,142857142857142857142
4530;136664;0,142857142857142857142
4533;26746;1,000000000000000000000
4552;440;1,000000000000000000000
4592;3234;1,000000000000000000000
4621;357817;1,000000000000000000000
4627;411;0,166666666666666666666
4627;983;0,333333333333333333333
4627;6903;0,333333333333333333333
4627;6907;0,166666666666666666666
4729;18622;1,000000000000000000000
4837;1124;0,090909090909090909090
4837;1588;0,090909090909090909090
4837;1853;0,090909090909090909090
4837;2469;0,090909090909090909090
4837;3260;0,090909090909090909090
4837;3607;0,090909090909090909090
4837;5089;0,090909090909090909090
4837;5719;0,090909090909090909090
4837;10612;0,090909090909090909090
4837;10613;0,090909090909090909090
4837;45686;0,090909090909090909090
4874;1505;1,000000000000000000000
4935;5350;1,000000000000000000000
4942;1448;1,000000000000000000000
5071;2825;0,500000000000000000000
5071;7209;0,500000000000000000000
5077;12591;1,000000000000000000000
5089;5088;1,000000000000000000000
5093;4307;1,000000000000000000000
5177;3436;0,750000000000000000000
5177;4621;0,250000000000000000000
5289;267;0,166666666666666666666
5289;285;0,166666666666666666666
5289;615;0,166666666666666666666
5289;678;0,166666666666666666666
5289;1526;0,166666666666666666666
5289;1868;0,166666666666666666666
5309;4538;0,333333333333333333333
5309;5543;0,333333333333333333333
5309;6681;0,333333333333333333333
5329;2851;1,000000000000000000000
5338;1231;0,500000000000000000000
5338;3268;0,500000000000000000000
5360;349;1,000000000000000000000
5392;7015;1,000000000000000000000
5440;27066;1,000000000000000000000
5445;151929;1,000000000000000000000
5500;7116;1,000000000000000000000
5519;1231;0,333333333333333333333
5519;3241;0,333333333333333333333
5519;5564;0,333333333333333333333
5536;7275;1,000000000000000000000
5543;5309;1,000000000000000000000
5557;12;0,100000000000000000000
5557;127;0,100000000000000000000
5557;1109;0,100000000000000000000
5557;2825;0,100000000000000000000
5557;3704;0,100000000000000000000
5557;3998;0,100000000000000000000
5557;4765;0,100000000000000000000
5557;5445;0,100000000000000000000
5557;5921;0,100000000000000000000
5557;20235;0,100000000000000000000
5564;190;0,222222222222222222222
5564;192;0,111111111111111111111
5564;1667;0,111111111111111111111
5564;2046;0,111111111111111111111
5564;4364;0,111111111111111111111
5564;5519;0,111111111111111111111
5564;5762;0,111111111111111111111
5564;7762;0,111111111111111111111
5613;176;0,076923076923076923076
5613;306;0,076923076923076923076
5613;1855;0,076923076923076923076
5613;1949;0,076923076923076923076
5613;2851;0,076923076923076923076
5613;3235;0,076923076923076923076
5613;3481;0,076923076923076923076
5613;3891;0,076923076923076923076
5613;5061;0,076923076923076923076
5613;8062;0,076923076923076923076
5613;8909;0,076923076923076923076
5613;13122;0,076923076923076923076
5613;17584;0,076923076923076923076
5626;61;0,008064516129032258064
5626;66;0,008064516129032258064
5626;85;0,024193548387096774193
5626;184;0,016129032258064516129
5626;248;0,008064516129032258064
5626;249;0,008064516129032258064
5626;351;0,008064516129032258064
5626;396;0,008064516129032258064
5626;404;0,008064516129032258064
5626;458;0,016129032258064516129
5626;464;0,016129032258064516129
5626;520;0,008064516129032258064
5626;522;0,008064516129032258064
5626;706;0,008064516129032258064
5626;713;0,016129032258064516129
5626;918;0,008064516129032258064
5626;964;0,024193548387096774193
5626;975;0,024193548387096774193
5626;999;0,008064516129032258064
5626;1058;0,016129032258064516129
5626;1085;0,016129032258064516129
5626;1180;0,008064516129032258064
5626;1313;0,016129032258064516129
5626;1314;0,008064516129032258064
5626;1335;0,016129032258064516129
5626;1340;0,016129032258064516129
5626;1556;0,016129032258064516129
5626;1949;0,016129032258064516129
5626;2129;0,008064516129032258064
5626;2204;0,016129032258064516129
5626;2293;0,008064516129032258064
5626;2375;0,008064516129032258064
5626;2499;0,008064516129032258064
5626;2551;0,008064516129032258064
5626;2559;0,016129032258064516129
5626;2571;0,008064516129032258064
5626;2585;0,008064516129032258064
5626;2591;0,016129032258064516129
5626;2630;0,008064516129032258064
5626;2815;0,008064516129032258064
5626;3024;0,008064516129032258064
5626;3033;0,016129032258064516129
5626;3038;0,024193548387096774193
5626;3096;0,008064516129032258064
5626;3188;0,024193548387096774193
5626;3393;0,016129032258064516129
5626;3401;0,008064516129032258064
5626;3476;0,008064516129032258064
5626;3532;0,008064516129032258064
5626;3585;0,008064516129032258064
5626;3586;0,008064516129032258064
5626;3610;0,008064516129032258064
5626;3779;0,008064516129032258064
5626;3829;0,024193548387096774193
5626;3891;0,024193548387096774193
5626;3905;0,024193548387096774193
5626;4486;0,024193548387096774193
5626;4876;0,016129032258064516129
5626;4877;0,024193548387096774193
5626;5012;0,016129032258064516129
5626;5016;0,008064516129032258064
5626;5681;0,008064516129032258064
5626;5800;0,008064516129032258064
5626;7574;0,016129032258064516129
5626;7626;0,024193548387096774193
5626;7699;0,008064516129032258064
5626;8000;0,008064516129032258064
5626;8172;0,016129032258064516129
5626;8268;0,008064516129032258064
5626;8458;0,008064516129032258064
5626;8480;0,016129032258064516129
5626;9296;0,008064516129032258064
5626;11458;0,008064516129032258064
5626;12596;0,024193548387096774193
5626;14010;0,008064516129032258064
5626;22211;0,008064516129032258064
5626;173893;0,008064516129032258064
5626;440497;0,008064516129032258064
5626;589508;0,008064516129032258064
5630;1514;1,000000000000000000000
5637;74;0,333333333333333333333
5637;1997;0,333333333333333333333
5637;8985;0,333333333333333333333
5643;5679;1,000000000000000000000
5651;2491;1,000000000000000000000
5691;242;0,500000000000000000000
5691;3085;0,500000000000000000000
5831;307;0,100000000000000000000
5831;378;0,100000000000000000000
5831;1240;0,100000000000000000000
5831;1327;0,100000000000000000000
5831;1329;0,100000000000000000000
5831;1333;0,100000000000000000000
5831;1335;0,100000000000000000000
5831;2152;0,100000000000000000000
5831;7278;0,100000000000000000000
5831;27808;0,100000000000000000000
5915;5506;1,000000000000000000000
5918;5329;1,000000000000000000000
5991;761;0,333333333333333333333
5991;1098;0,333333333333333333333
5991;3563;0,333333333333333333333
6045;3145;1,000000000000000000000
6262;66;0,200000000000000000000
6262;391;0,100000000000000000000
6262;416;0,100000000000000000000
6262;504;0,100000000000000000000
6262;4137;0,100000000000000000000
6262;4881;0,100000000000000000000
6262;6430;0,100000000000000000000
6262;10067;0,100000000000000000000
6262;12356;0,100000000000000000000
6267;683;0,500000000000000000000
6267;3656;0,500000000000000000000
6316;2146;1,000000000000000000000
6349;527;1,000000000000000000000
6372;475;0,333333333333333333333
6372;4421;0,333333333333333333333
6372;6991;0,333333333333333333333
6430;504;1,000000000000000000000
6461;545;0,250000000000000000000
6461;920;0,250000000000000000000
6461;2778;0,250000000000000000000
6461;393418;0,250000000000000000000
6499;4159;1,000000000000000000000
6548;497;0,083333333333333333333
6548;815;0,083333333333333333333
6548;1060;0,083333333333333333333
6548;1512;0,083333333333333333333
6548;1780;0,083333333333333333333
6548;2046;0,083333333333333333333
6548;4500;0,083333333333333333333
6548;5219;0,083333333333333333333
6548;5564;0,083333333333333333333
6548;7759;0,083333333333333333333
6548;9208;0,083333333333333333333
6548;21594;0,083333333333333333333
6567;6991;1,000000000000000000000
6634;1510;1,000000000000000000000
6641;1042;0,333333333333333333333
6641;1771;0,333333333333333333333
6641;352262;0,333333333333333333333
6664;928;0,333333333333333333333
6664;4647;0,333333333333333333333
6664;6132;0,333333333333333333333
6918;1042;0,333333333333333333333
6918;1771;0,333333333333333333333
6918;6734;0,333333333333333333333
6923;854;1,000000000000000000000
6992;1120;0,250000000000000000000
6992;1647;0,250000000000000000000
6992;1694;0,250000000000000000000
6992;28347;0,250000000000000000000
7106;479;1,000000000000000000000
7116;279;0,111111111111111111111
7116;678;0,111111111111111111111
7116;1868;0,111111111111111111111
7116;1889;0,111111111111111111111
7116;2706;0,111111111111111111111
7116;5500;0,111111111111111111111
7116;9258;0,111111111111111111111
7116;281067;0,111111111111111111111
7116;355336;0,111111111111111111111
7130;131;0,200000000000000000000
7130;420;0,200000000000000000000
7130;839;0,200000000000000000000
7130;846;0,200000000000000000000
7130;1262;0,200000000000000000000
7135;441;1,000000000000000000000
7142;85;0,750000000000000000000
7142;3503;0,250000000000000000000
7160;2661;0,714285714285714285714
7160;3873;0,285714285714285714285
7209;256;0,076923076923076923076
7209;320;0,076923076923076923076
7209;1457;0,076923076923076923076
7209;2206;0,076923076923076923076
7209;2310;0,076923076923076923076
7209;4940;0,076923076923076923076
7209;5071;0,076923076923076923076
7209;5212;0,076923076923076923076
7209;7128;0,076923076923076923076
7209;7418;0,076923076923076923076
7209;9622;0,076923076923076923076
7209;18276;0,076923076923076923076
7209;18592;0,076923076923076923076
7221;8723;1,000000000000000000000
7278;10390;1,000000000000000000000
7301;151929;1,000000000000000000000
7341;399;1,000000000000000000000
7543;551;0,018867924528301886792
7543;600;0,037735849056603773584
7543;1344;0,018867924528301886792
7543;1454;0,037735849056603773584
7543;1898;0,037735849056603773584
7543;2435;0,018867924528301886792
7543;2743;0,037735849056603773584
7543;2786;0,037735849056603773584
7543;3420;0,037735849056603773584
7543;3683;0,018867924528301886792
7543;3685;0,018867924528301886792
7543;5136;0,037735849056603773584
7543;7717;0,018867924528301886792
7543;7975;0,037735849056603773584
7543;8212;0,037735849056603773584
7543;12959;0,037735849056603773584
7543;15737;0,018867924528301886792
7543;23759;0,037735849056603773584
7543;152027;0,415094339622641509433
7543;329272;0,037735849056603773584
7560;4748;0,500000000000000000000
7560;15471;0,500000000000000000000
7574;184;0,500000000000000000000
7574;407;0,250000000000000000000
7574;713;0,250000000000000000000
7598;178;1,000000000000000000000
7672;108;0,250000000000000000000
7672;885;0,250000000000000000000
7672;1724;0,250000000000000000000
7672;13907;0,250000000000000000000
7701;4538;1,000000000000000000000
7738;3656;0,500000000000000000000
7738;280033;0,500000000000000000000
7756;1694;1,000000000000000000000
7759;3268;0,250000000000000000000
7759;4500;0,250000000000000000000
7759;19031;0,250000000000000000000
7759;640335;0,250000000000000000000
7793;8902;1,000000000000000000000
7954;1220;0,333333333333333333333
7954;1771;0,333333333333333333333
7954;3480;0,333333333333333333333
7994;1705;0,250000000000000000000
7994;2828;0,250000000000000000000
7994;3359;0,250000000000000000000
7994;529797;0,250000000000000000000
8106;3728;1,000000000000000000000
8229;704;1,000000000000000000000
8447;1225;1,000000000000000000000
8454;6006;1,000000000000000000000
8464;1938;1,000000000000000000000
8466;162;0,022727272727272727272
8466;240;0,022727272727272727272
8466;362;0,022727272727272727272
8466;479;0,022727272727272727272
8466;520;0,022727272727272727272
8466;643;0,022727272727272727272
8466;706;0,022727272727272727272
8466;1171;0,022727272727272727272
8466;1182;0,022727272727272727272
8466;1290;0,022727272727272727272
8466;1313;0,022727272727272727272
8466;1314;0,022727272727272727272
8466;1554;0,022727272727272727272
8466;1650;0,022727272727272727272
8466;1778;0,022727272727272727272
8466;1938;0,022727272727272727272
8466;2652;0,022727272727272727272
8466;2815;0,022727272727272727272
8466;3340;0,022727272727272727272
8466;3587;0,022727272727272727272
8466;3665;0,022727272727272727272
8466;3738;0,022727272727272727272
8466;4242;0,022727272727272727272
8466;4379;0,022727272727272727272
8466;4497;0,022727272727272727272
8466;4995;0,022727272727272727272
8466;5001;0,022727272727272727272
8466;5005;0,022727272727272727272
8466;5013;0,022727272727272727272
8466;5886;0,022727272727272727272
8466;5935;0,022727272727272727272
8466;6169;0,022727272727272727272
8466;6883;0,022727272727272727272
8466;7578;0,022727272727272727272
8466;8437;0,022727272727272727272
8466;8460;0,022727272727272727272
8466;8464;0,022727272727272727272
8466;8473;0,022727272727272727272
8466;8476;0,022727272727272727272
8466;8484;0,022727272727272727272
8466;256951;0,022727272727272727272
8466;278274;0,022727272727272727272
8466;418454;0,022727272727272727272
8466;759294;0,022727272727272727272
8473;479;0,250000000000000000000
8473;5013;0,250000000000000000000
8473;8460;0,250000000000000000000
8473;8466;0,250000000000000000000
8513;24838;1,000000000000000000000
8633;4232;0,500000000000000000000
8633;151929;0,500000000000000000000
8744;1340;0,333333333333333333333
8744;3465;0,333333333333333333333
8744;5175;0,333333333333333333333
8805;6567;1,000000000000000000000
8827;3100;1,000000000000000000000
8837;2421;1,000000000000000000000
8870;2421;1,000000000000000000000
9047;4206;1,000000000000000000000
9208;7759;1,000000000000000000000
9380;14526;1,000000000000000000000
9431;1838;1,000000000000000000000
9481;61;0,250000000000000000000
9481;999;0,250000000000000000000
9481;3033;0,250000000000000000000
9481;9356;0,250000000000000000000
9510;113392;1,000000000000000000000
9674;1042;1,000000000000000000000
9720;1844;1,000000000000000000000
9832;1831;0,500000000000000000000
9832;9356;0,500000000000000000000
10188;122;0,045454545454545454545
10188;135;0,090909090909090909090
10188;183;0,045454545454545454545
10188;845;0,045454545454545454545
10188;980;0,045454545454545454545
10188;1116;0,045454545454545454545
10188;1234;0,045454545454545454545
10188;1235;0,045454545454545454545
10188;1236;0,045454545454545454545
10188;1237;0,045454545454545454545
10188;1262;0,045454545454545454545
10188;1271;0,045454545454545454545
10188;1277;0,045454545454545454545
10188;1278;0,045454545454545454545
10188;1556;0,045454545454545454545
10188;1931;0,045454545454545454545
10188;2111;0,045454545454545454545
10188;2684;0,090909090909090909090
10188;3393;0,045454545454545454545
10188;21154;0,045454545454545454545
10338;748;0,250000000000000000000
10338;1094;0,250000000000000000000
10338;1785;0,250000000000000000000
10338;76428;0,250000000000000000000
10390;7278;0,333333333333333333333
10390;8827;0,333333333333333333333
10390;9832;0,333333333333333333333
10682;3587;1,000000000000000000000
10860;2678;1,000000000000000000000
11213;925;1,000000000000000000000
11369;2425;0,500000000000000000000
11369;8205;0,500000000000000000000
11382;2865;1,000000000000000000000
11527;3033;1,000000000000000000000
11552;38738;0,714285714285714285714
11552;157662;0,285714285714285714285
11826;6419;0,200000000000000000000
11826;13179;0,200000000000000000000
11826;21159;0,200000000000000000000
11826;27066;0,200000000000000000000
11826;349155;0,200000000000000000000
12156;547;0,034482758620689655172
12156;689;0,034482758620689655172
12156;853;0,068965517241379310344
12156;1154;0,034482758620689655172
12156;1319;0,068965517241379310344
12156;1717;0,034482758620689655172
12156;1944;0,034482758620689655172
12156;4425;0,034482758620689655172
12156;4430;0,068965517241379310344
12156;4470;0,034482758620689655172
12156;4772;0,068965517241379310344
12156;5526;0,034482758620689655172
12156;7480;0,034482758620689655172
12156;8568;0,034482758620689655172
12156;8873;0,068965517241379310344
12156;9090;0,034482758620689655172
12156;13622;0,068965517241379310344
12156;17260;0,034482758620689655172
12156;27862;0,034482758620689655172
12156;40028;0,034482758620689655172
12156;122436;0,068965517241379310344
12156;259914;0,034482758620689655172
12388;1100;0,500000000000000000000
12388;9367;0,500000000000000000000
12596;1180;1,000000000000000000000
12706;5790;1,000000000000000000000
12798;1044;1,000000000000000000000
13141;38;0,181818181818181818181
13141;61;0,090909090909090909090
13141;66;0,090909090909090909090
13141;999;0,090909090909090909090
13141;1623;0,090909090909090909090
13141;2647;0,090909090909090909090
13141;3347;0,090909090909090909090
13141;4268;0,090909090909090909090
13141;24099;0,090909090909090909090
13141;393418;0,090909090909090909090
13158;2800;0,200000000000000000000
13158;3508;0,400000000000000000000
13158;3763;0,200000000000000000000
13158;3891;0,200000000000000000000
13179;11826;1,000000000000000000000
13545;2434;1,000000000000000000000
13799;2021;1,000000000000000000000
14048;9898;1,000000000000000000000
14184;5851;1,000000000000000000000
14323;1505;0,500000000000000000000
14323;8473;0,500000000000000000000
14826;10165;1,000000000000000000000
15471;275;0,250000000000000000000
15471;282;0,250000000000000000000
15471;477;0,250000000000000000000
15471;731;0,250000000000000000000
15867;2678;1,000000000000000000000
16497;1041;0,100000000000000000000
16497;1220;0,200000000000000000000
16497;1771;0,100000000000000000000
16497;6881;0,100000000000000000000
16497;13850;0,300000000000000000000
16497;27062;0,100000000000000000000
16497;387438;0,100000000000000000000
16659;132;1,000000000000000000000
16665;1946;0,200000000000000000000
16665;3378;0,200000000000000000000
16665;7941;0,200000000000000000000
16665;12432;0,200000000000000000000
16665;12436;0,200000000000000000000
19031;1780;0,333333333333333333333
19031;7759;0,666666666666666666666
20307;1041;1,000000000000000000000
20436;1374;1,000000000000000000000
20666;3940;0,500000000000000000000
20666;248831;0,500000000000000000000
20915;17720;1,000000000000000000000
21154;1236;0,333333333333333333333
21154;2111;0,333333333333333333333
21154;2684;0,333333333333333333333
21512;3551;1,000000000000000000000
22298;9356;1,000000000000000000000
23058;10941;1,000000000000000000000
23930;855;1,000000000000000000000
26566;4586;1,000000000000000000000
27478;1042;0,200000000000000000000
27478;1754;0,200000000000000000000
27478;2275;0,600000000000000000000
27707;12959;1,000000000000000000000
28156;13;1,000000000000000000000
28250;151929;1,000000000000000000000
28405;2515;1,000000000000000000000
28569;115;0,500000000000000000000
28569;914;0,500000000000000000000
28601;13502;1,000000000000000000000
31885;56282;1,000000000000000000000
38738;11552;1,000000000000000000000
48862;1696;1,000000000000000000000
59745;9015;0,250000000000000000000
59745;78108;0,250000000000000000000
59745;408414;0,250000000000000000000
59745;499117;0,250000000000000000000
59841;602;0,115384615384615384615
59841;695;0,076923076923076923076
59841;846;0,192307692307692307692
59841;943;0,076923076923076923076
59841;1169;0,076923076923076923076
59841;1939;0,038461538461538461538
59841;2435;0,076923076923076923076
59841;4148;0,038461538461538461538
59841;12959;0,038461538461538461538
59841;59745;0,076923076923076923076
59841;366089;0,038461538461538461538
59841;408414;0,076923076923076923076
59841;499117;0,076923076923076923076
71224;9356;1,000000000000000000000
76428;6201;1,000000000000000000000
78108;528;0,200000000000000000000
78108;571;0,200000000000000000000
78108;1897;0,200000000000000000000
78108;4906;0,200000000000000000000
78108;59745;0,200000000000000000000
81163;748;1,000000000000000000000
98068;1058;1,000000000000000000000
106943;271;1,000000000000000000000
110738;9376;1,000000000000000000000
113365;2421;1,000000000000000000000
113392;3212;1,000000000000000000000
116140;8253;1,000000000000000000000
131383;261;0,333333333333333333333
131383;1724;0,666666666666666666666
140271;3876;1,000000000000000000000
157749;667;1,000000000000000000000
160268;1182;1,000000000000000000000
173893;4039;1,000000000000000000000
239964;2512;0,500000000000000000000
239964;4293;0,500000000000000000000
239966;1963;1,000000000000000000000
245879;249;1,000000000000000000000
248832;347540;1,000000000000000000000
248841;66;1,000000000000000000000
255899;280033;1,000000000000000000000
256951;2306;0,166666666666666666666
256951;2652;0,166666666666666666666
256951;3665;0,166666666666666666666
256951;4497;0,166666666666666666666
256951;5886;0,166666666666666666666
256951;8466;0,166666666666666666666
276695;42;0,250000000000000000000
276695;615;0,250000000000000000000
276695;875;0,250000000000000000000
276695;2709;0,250000000000000000000
281170;787;0,500000000000000000000
281170;2090;0,500000000000000000000
283281;2578;1,000000000000000000000
284853;16658;1,000000000000000000000
321395;80;0,333333333333333333333
321395;876;0,333333333333333333333
321395;1131;0,333333333333333333333
325286;2421;1,000000000000000000000
326192;1963;0,500000000000000000000
326192;3029;0,500000000000000000000
343358;115;1,000000000000000000000
347540;45;0,333333333333333333333
347540;66;0,333333333333333333333
347540;248832;0,333333333333333333333
349041;71;0,166666666666666666666
349041;695;0,666666666666666666666
349041;1939;0,166666666666666666666
349155;183;0,333333333333333333333
349155;1042;0,333333333333333333333
349155;28202;0,333333333333333333333
352262;190;0,200000000000000000000
352262;2359;0,400000000000000000000
352262;6641;0,200000000000000000000
352262;453859;0,200000000000000000000
366867;18695;0,666666666666666666666
366867;584749;0,333333333333333333333
367451;1949;0,500000000000000000000
367451;4933;0,500000000000000000000
377520;13850;0,500000000000000000000
377520;27478;0,500000000000000000000
381254;184;1,000000000000000000000
387437;1220;1,000000000000000000000
387438;16497;1,000000000000000000000
403195;747;1,000000000000000000000
408414;1169;1,000000000000000000000
409930;380;1,000000000000000000000
413321;2200;1,000000000000000000000
427467;4094;1,000000000000000000000
484680;115;1,000000000000000000000
499117;983;0,500000000000000000000
499117;1169;0,125000000000000000000
499117;59745;0,125000000000000000000
499117;408414;0,250000000000000000000
511019;743909;1,000000000000000000000
529797;526;0,166666666666666666666
529797;2195;0,166666666666666666666
529797;2218;0,333333333333333333333
529797;2825;0,166666666666666666666
529797;4421;0,166666666666666666666
584314;475;0,500000000000000000000
584314;3579;0,500000000000000000000
584969;1457;1,000000000000000000000
587057;587053;1,000000000000000000000
589508;184;0,250000000000000000000
589508;2551;0,250000000000000000000
589508;5626;0,250000000000000000000
589508;7574;0,250000000000000000000
602536;1277;0,333333333333333333333
602536;2111;0,666666666666666666666
606566;4052;0,500000000000000000000
606566;10306;0,500000000000000000000
623129;336640;1,000000000000000000000
640335;7759;1,000000000000000000000
642255;452;0,250000000000000000000
642255;668;0,250000000000000000000
642255;819;0,250000000000000000000
642255;3443;0,250000000000000000000
687941;1135;1,000000000000000000000
744732;520;1,000000000000000000000
747808;1754;1,000000000000000000000
791903;281;0,111111111111111111111
791903;1129;0,222222222222222222222
791903;1370;0,222222222222222222222
791903;23720;0,222222222222222222222
791903;693032;0,222222222222222222222
