7;2078;1,000000000000000000000
9;8623;1,000000000000000000000
46;6234;1,000000000000000000000
48;4293;1,000000000000000000000
74;2388;0,250000000000000000000
74;6440;0,750000000000000000000
77;6320;1,000000000000000000000
80;531;0,500000000000000000000
80;668;0,375000000000000000000
80;876;0,125000000000000000000
83;1504;0,333333333333333333333
83;5591;0,333333333333333333333
83;6635;0,333333333333333333333
96;980;0,076923076923076923076
96;1141;0,153846153846153846153
96;1574;0,076923076923076923076
96;1873;0,076923076923076923076
96;1988;0,153846153846153846153
96;3753;0,461538461538461538461
101;27672;1,000000000000000000000
102;111;1,000000000000000000000
108;17269;0,500000000000000000000
108;434991;0,500000000000000000000
115;490;0,142857142857142857142
115;6468;0,142857142857142857142
115;8818;0,142857142857142857142
115;335189;0,428571428571428571428
115;343358;0,142857142857142857142
135;13;0,040000000000000000000
135;183;0,040000000000000000000
135;602;0,200000000000000000000
135;980;0,040000000000000000000
135;1939;0,040000000000000000000
135;1967;0,200000000000000000000
135;2054;0,040000000000000000000
135;2433;0,040000000000000000000
135;2661;0,040000000000000000000
135;2713;0,040000000000000000000
135;6723;0,200000000000000000000
135;7160;0,040000000000000000000
135;8539;0,040000000000000000000
138;1663;0,333333333333333333333
138;3100;0,666666666666666666666
166;1055;1,000000000000000000000
183;1278;0,142857142857142857142
183;3219;0,428571428571428571428
183;3802;0,428571428571428571428
211;9476;1,000000000000000000000
213;747;0,500000000000000000000
213;4179;0,500000000000000000000
220;2196;1,000000000000000000000
242;1286;0,500000000000000000000
242;13265;0,500000000000000000000
249;1988;0,666666666666666666666
249;813240;0,333333333333333333333
263;131;0,222222222222222222222
263;845;0,111111111111111111111
263;846;0,333333333333333333333
263;1263;0,222222222222222222222
263;1142431;0,111111111111111111111
266;428;0,250000000000000000000
266;8648;0,750000000000000000000
269;251;0,500000000000000000000
269;2510;0,250000000000000000000
269;4398;0,250000000000000000000
276;695;0,333333333333333333333
276;15643;0,333333333333333333333
276;20307;0,333333333333333333333
288;660;1,000000000000000000000
295;667;1,000000000000000000000
296;2350;1,000000000000000000000
307;1337;1,000000000000000000000
310;554;0,125000000000000000000
310;2851;0,625000000000000000000
310;8539;0,250000000000000000000
317;318;1,000000000000000000000
318;317;1,000000000000000000000
320;2310;0,350000000000000000000
320;2792;0,550000000000000000000
320;3241;0,050000000000000000000
320;28546;0,050000000000000000000
324;219;0,333333333333333333333
324;713;0,166666666666666666666
324;1893;0,500000000000000000000
341;742;1,000000000000000000000
346;1069;1,000000000000000000000
347;4877;1,000000000000000000000
349;4278;1,000000000000000000000
365;3143;1,000000000000000000000
379;380;1,000000000000000000000
404;713;0,500000000000000000000
404;5626;0,500000000000000000000
410;337;0,500000000000000000000
410;13187;0,500000000000000000000
411;5168;1,000000000000000000000
418;1178;0,714285714285714285714
418;3477;0,142857142857142857142
418;374246;0,142857142857142857142
419;743909;1,000000000000000000000
420;360;0,333333333333333333333
420;425;0,500000000000000000000
420;1142431;0,166666666666666666666
423;352;0,066666666666666666666
423;425;0,066666666666666666666
423;426;0,066666666666666666666
423;427;0,066666666666666666666
423;441;0,066666666666666666666
423;442;0,066666666666666666666
423;443;0,066666666666666666666
423;444;0,066666666666666666666
423;849;0,066666666666666666666
423;1315;0,066666666666666666666
423;2500;0,066666666666666666666
423;2555;0,066666666666666666666
423;13335;0,066666666666666666666
423;29085;0,066666666666666666666
423;511019;0,066666666666666666666
428;266;1,000000000000000000000
441;116140;1,000000000000000000000
464;2591;1,000000000000000000000
472;1154;1,000000000000000000000
479;4379;0,111111111111111111111
479;5013;0,222222222222222222222
479;8442;0,111111111111111111111
479;8473;0,555555555555555555555
484;1374;1,000000000000000000000
492;2008;0,500000000000000000000
492;4281;0,500000000000000000000
522;61;1,000000000000000000000
527;613;0,363636363636363636363
527;964;0,090909090909090909090
527;1588;0,181818181818181818181
527;1600;0,090909090909090909090
527;2596;0,090909090909090909090
527;3320;0,090909090909090909090
527;6349;0,090909090909090909090
538;249;0,250000000000000000000
538;3318;0,250000000000000000000
538;4278;0,500000000000000000000
543;5528;1,000000000000000000000
545;6694;1,000000000000000000000
550;132;0,300000000000000000000
550;596;0,100000000000000000000
550;658;0,100000000000000000000
550;1319;0,100000000000000000000
550;2882;0,100000000000000000000
550;3230;0,100000000000000000000
550;256804;0,100000000000000000000
550;765984;0,100000000000000000000
573;2484;0,500000000000000000000
573;5493;0,500000000000000000000
600;1030;0,166666666666666666666
600;1079;0,166666666666666666666
600;2070;0,333333333333333333333
600;3007;0,166666666666666666666
600;1135143;0,166666666666666666666
602;135;0,666666666666666666666
602;1967;0,333333333333333333333
613;527;0,625000000000000000000
613;3869;0,125000000000000000000
613;4307;0,125000000000000000000
613;6812;0,125000000000000000000
621;2385;1,000000000000000000000
628;360;0,333333333333333333333
628;700;0,111111111111111111111
628;1169;0,111111111111111111111
628;1234;0,111111111111111111111
628;1940;0,333333333333333333333
645;6518;1,000000000000000000000
652;138;0,500000000000000000000
652;454;0,500000000000000000000
657;669;1,000000000000000000000
668;502;0,200000000000000000000
668;530;0,200000000000000000000
668;531;0,200000000000000000000
668;876;0,200000000000000000000
668;1248;0,200000000000000000000
669;302;0,200000000000000000000
669;658;0,200000000000000000000
669;2223;0,200000000000000000000
669;7671;0,200000000000000000000
669;48862;0,200000000000000000000
683;1829;1,000000000000000000000
694;8051;1,000000000000000000000
698;1814;1,000000000000000000000
700;837;1,000000000000000000000
713;5626;1,000000000000000000000
747;81648;0,500000000000000000000
747;403195;0,500000000000000000000
752;100;0,125000000000000000000
752;218;0,125000000000000000000
752;802;0,125000000000000000000
752;1632;0,125000000000000000000
752;1690;0,125000000000000000000
752;1694;0,125000000000000000000
752;3971;0,125000000000000000000
752;7793;0,125000000000000000000
758;5011;1,000000000000000000000
791;2254;1,000000000000000000000
819;452;0,666666666666666666666
819;531;0,111111111111111111111
819;933;0,111111111111111111111
819;642255;0,111111111111111111111
827;6509;1,000000000000000000000
829;263;0,166666666666666666666
829;3395;0,166666666666666666666
829;6511;0,166666666666666666666
829;7578;0,166666666666666666666
829;474028;0,333333333333333333333
835;1152;0,125000000000000000000
835;4159;0,125000000000000000000
835;5338;0,125000000000000000000
835;5679;0,625000000000000000000
837;194;0,125000000000000000000
837;700;0,625000000000000000000
837;1940;0,125000000000000000000
837;349041;0,125000000000000000000
841;373;1,000000000000000000000
845;131;0,083333333333333333333
845;249;0,083333333333333333333
845;846;0,250000000000000000000
845;1041;0,166666666666666666666
845;2731;0,083333333333333333333
845;2834;0,083333333333333333333
845;59841;0,083333333333333333333
845;193005;0,083333333333333333333
845;623129;0,083333333333333333333
846;131;0,068965517241379310344
846;263;0,068965517241379310344
846;277;0,068965517241379310344
846;845;0,206896551724137931034
846;1171;0,034482758620689655172
846;1263;0,068965517241379310344
846;1437;0,034482758620689655172
846;1681;0,068965517241379310344
846;2396;0,034482758620689655172
846;2834;0,068965517241379310344
846;8050;0,068965517241379310344
846;192866;0,034482758620689655172
846;387437;0,034482758620689655172
846;398787;0,034482758620689655172
846;533247;0,103448275862068965517
854;474028;1,000000000000000000000
860;283;1,000000000000000000000
861;6723;1,000000000000000000000
866;977;0,333333333333333333333
866;2054;0,333333333333333333333
866;6548;0,333333333333333333333
885;748;0,333333333333333333333
885;2863;0,333333333333333333333
885;1051510;0,333333333333333333333
886;543;1,000000000000000000000
887;27763;1,000000000000000000000
898;6739;1,000000000000000000000
899;1873;0,500000000000000000000
899;5329;0,500000000000000000000
904;805;1,000000000000000000000
911;4262;0,666666666666666666666
911;20235;0,333333333333333333333
933;531;1,000000000000000000000
966;2054;1,000000000000000000000
977;866;0,500000000000000000000
977;8090;0,500000000000000000000
980;96;0,166666666666666666666
980;1277;0,500000000000000000000
980;2684;0,166666666666666666666
980;3619;0,166666666666666666666
984;2464;1,000000000000000000000
995;351;0,125000000000000000000
995;1210;0,375000000000000000000
995;1719;0,250000000000000000000
995;1945;0,125000000000000000000
995;2052;0,125000000000000000000
997;5693;1,000000000000000000000
1004;6892;1,000000000000000000000
1010;1018;0,142857142857142857142
1010;2001;0,714285714285714285714
1010;3809;0,142857142857142857142
1014;6940;1,000000000000000000000
1041;845;0,125000000000000000000
1041;982;0,375000000000000000000
1041;1263;0,093750000000000000000
1041;193005;0,093750000000000000000
1041;767166;0,312500000000000000000
1042;277;0,333333333333333333333
1042;1220;0,333333333333333333333
1042;6918;0,333333333333333333333
1069;346;0,333333333333333333333
1069;4627;0,166666666666666666666
1069;35009;0,500000000000000000000
1079;600;1,000000000000000000000
1082;891;0,333333333333333333333
1082;1083;0,333333333333333333333
1082;1892;0,333333333333333333333
1083;1082;0,333333333333333333333
1083;5623;0,333333333333333333333
1083;19402;0,333333333333333333333
1109;2017;1,000000000000000000000
1117;2277;0,500000000000000000000
1117;704910;0,500000000000000000000
1135;3496;1,000000000000000000000
1139;390;0,500000000000000000000
1139;458;0,500000000000000000000
1141;96;0,142857142857142857142
1141;237;0,142857142857142857142
1141;2293;0,428571428571428571428
1141;4821;0,285714285714285714285
1150;90;1,000000000000000000000
1152;846;0,500000000000000000000
1152;1171;0,500000000000000000000
1154;85;0,125000000000000000000
1154;472;0,125000000000000000000
1154;1495;0,125000000000000000000
1154;1981;0,125000000000000000000
1154;2302;0,250000000000000000000
1154;4098;0,125000000000000000000
1154;4553;0,125000000000000000000
1169;71;0,054054054054054054054
1169;100;0,054054054054054054054
1169;138;0,054054054054054054054
1169;276;0,054054054054054054054
1169;695;0,054054054054054054054
1169;1942;0,054054054054054054054
1169;1943;0,054054054054054054054
1169;1945;0,054054054054054054054
1169;1946;0,054054054054054054054
1169;4512;0,054054054054054054054
1169;41776;0,054054054054054054054
1169;59745;0,162162162162162162162
1169;131383;0,054054054054054054054
1169;366089;0,027027027027027027027
1169;408414;0,054054054054054054054
1169;604246;0,054054054054054054054
1169;1051510;0,054054054054054054054
1178;418;1,000000000000000000000
1181;584314;1,000000000000000000000
1190;6641;1,000000000000000000000
1196;4059;1,000000000000000000000
1206;5329;1,000000000000000000000
1210;995;0,500000000000000000000
1210;1864;0,500000000000000000000
1220;1042;0,333333333333333333333
1220;6630;0,166666666666666666666
1220;8820;0,166666666666666666666
1220;16497;0,166666666666666666666
1220;387437;0,166666666666666666666
1228;1487;0,500000000000000000000
1228;2509;0,500000000000000000000
1231;3141;1,000000000000000000000
1234;628;0,166666666666666666666
1234;1235;0,333333333333333333333
1234;1263;0,166666666666666666666
1234;2181;0,166666666666666666666
1234;2825;0,166666666666666666666
1235;980;0,250000000000000000000
1235;1234;0,250000000000000000000
1235;1277;0,500000000000000000000
1248;668;1,000000000000000000000
1254;1319;0,166666666666666666666
1254;1344;0,166666666666666666666
1254;3657;0,333333333333333333333
1254;5657;0,166666666666666666666
1254;256804;0,166666666666666666666
1274;5289;1,000000000000000000000
1277;980;0,333333333333333333333
1277;1234;0,333333333333333333333
1277;1235;0,166666666666666666666
1277;10188;0,166666666666666666666
1278;183;1,000000000000000000000
1286;111;0,166666666666666666666
1286;242;0,166666666666666666666
1286;2434;0,333333333333333333333
1286;5148;0,166666666666666666666
1286;7941;0,166666666666666666666
1293;4877;1,000000000000000000000
1332;307;0,090909090909090909090
1332;378;0,090909090909090909090
1332;1240;0,090909090909090909090
1332;1327;0,090909090909090909090
1332;1328;0,090909090909090909090
1332;1329;0,090909090909090909090
1332;1335;0,090909090909090909090
1332;2152;0,090909090909090909090
1332;5831;0,090909090909090909090
1332;7278;0,090909090909090909090
1332;27808;0,090909090909090909090
1337;307;1,000000000000000000000
1340;277;0,500000000000000000000
1340;41776;0,500000000000000000000
1344;13799;1,000000000000000000000
1348;658;1,000000000000000000000
1364;237;1,000000000000000000000
1370;281;0,150000000000000000000
1370;452;0,050000000000000000000
1370;754;0,050000000000000000000
1370;1025;0,050000000000000000000
1370;1116;0,050000000000000000000
1370;1745;0,050000000000000000000
1370;23720;0,050000000000000000000
1370;693032;0,300000000000000000000
1370;791903;0,250000000000000000000
1379;158;1,000000000000000000000
1406;6440;1,000000000000000000000
1419;8623;1,000000000000000000000
1432;17549;1,000000000000000000000
1434;5037;1,000000000000000000000
1437;846;0,750000000000000000000
1437;192866;0,250000000000000000000
1447;1069;0,500000000000000000000
1447;2961;0,500000000000000000000
1471;50959;1,000000000000000000000
1487;909;1,000000000000000000000
1503;5526;1,000000000000000000000
1526;285;1,000000000000000000000
1554;1845;1,000000000000000000000
1556;3033;1,000000000000000000000
1574;96;1,000000000000000000000
1588;527;1,000000000000000000000
1596;5440;1,000000000000000000000
1597;9722;1,000000000000000000000
1609;1610;0,750000000000000000000
1609;931417;0,250000000000000000000
1629;1763;1,000000000000000000000
1632;313;0,166666666666666666666
1632;752;0,166666666666666666666
1632;1708;0,166666666666666666666
1632;2195;0,500000000000000000000
1637;222;1,000000000000000000000
1644;183;0,600000000000000000000
1644;1278;0,400000000000000000000
1650;3665;0,333333333333333333333
1650;7578;0,666666666666666666666
1662;4099;1,000000000000000000000
1676;5264;1,000000000000000000000
1681;846;0,333333333333333333333
1681;3105;0,666666666666666666666
1684;2511;1,000000000000000000000
1690;2196;1,000000000000000000000
1697;1321;1,000000000000000000000
1700;4245;1,000000000000000000000
1710;3838;0,500000000000000000000
1710;6723;0,500000000000000000000
1725;28528;1,000000000000000000000
1779;237;1,000000000000000000000
1814;698;1,000000000000000000000
1824;9114;1,000000000000000000000
1838;3800;1,000000000000000000000
1839;5679;1,000000000000000000000
1840;608;0,500000000000000000000
1840;5329;0,500000000000000000000
1843;4355;1,000000000000000000000
1850;4278;1,000000000000000000000
1854;19402;1,000000000000000000000
1855;5613;1,000000000000000000000
1864;1210;0,750000000000000000000
1864;653504;0,250000000000000000000
1893;324;1,000000000000000000000
1897;571;0,500000000000000000000
1897;3548;0,166666666666666666666
1897;6788;0,333333333333333333333
1898;615;0,200000000000000000000
1898;1342;0,200000000000000000000
1898;4747;0,200000000000000000000
1898;329272;0,400000000000000000000
1902;740;1,000000000000000000000
1912;311;0,333333333333333333333
1912;4583;0,333333333333333333333
1912;27826;0,333333333333333333333
1940;837;0,500000000000000000000
1940;1036379;0,500000000000000000000
1946;5967;1,000000000000000000000
1949;1101851;1,000000000000000000000
1967;135;0,079365079365079365079
1967;602;0,095238095238095238095
1967;861;0,031746031746031746031
1967;886;0,031746031746031746031
1967;1156;0,031746031746031746031
1967;1608;0,031746031746031746031
1967;1664;0,031746031746031746031
1967;1710;0,031746031746031746031
1967;2510;0,031746031746031746031
1967;3103;0,031746031746031746031
1967;3189;0,095238095238095238095
1967;3197;0,031746031746031746031
1967;3393;0,031746031746031746031
1967;4020;0,047619047619047619047
1967;4695;0,031746031746031746031
1967;6461;0,031746031746031746031
1967;6723;0,158730158730158730158
1967;7095;0,031746031746031746031
1967;29081;0,047619047619047619047
1967;75230;0,031746031746031746031
1967;76428;0,031746031746031746031
1974;3294;1,000000000000000000000
1988;96;0,022222222222222222222
1988;249;0,066666666666666666666
1988;2293;0,044444444444444444444
1988;3005;0,022222222222222222222
1988;3601;0,066666666666666666666
1988;4881;0,688888888888888888888
1988;13253;0,044444444444444444444
1988;370126;0,022222222222222222222
1988;1130242;0,022222222222222222222
1996;8253;1,000000000000000000000
2015;2884;1,000000000000000000000
2017;1109;0,666666666666666666666
2017;2050;0,333333333333333333333
2027;3356;1,000000000000000000000
2050;2017;0,333333333333333333333
2050;5440;0,666666666666666666666
2064;9395;1,000000000000000000000
2070;600;1,000000000000000000000
2078;7;1,000000000000000000000
2083;1162;0,500000000000000000000
2083;4831;0,500000000000000000000
2111;1277;1,000000000000000000000
2112;3145;1,000000000000000000000
2130;347;0,500000000000000000000
2130;27416;0,500000000000000000000
2140;418;0,500000000000000000000
2140;4512;0,500000000000000000000
2145;96;0,500000000000000000000
2145;1988;0,500000000000000000000
2149;8623;1,000000000000000000000
2152;3188;1,000000000000000000000
2164;2166;0,500000000000000000000
2164;1048032;0,500000000000000000000
2179;7111;1,000000000000000000000
2181;1234;1,000000000000000000000
2195;934;0,500000000000000000000
2195;1632;0,250000000000000000000
2195;3359;0,250000000000000000000
2196;220;1,000000000000000000000
2204;1058;1,000000000000000000000
2223;65;0,333333333333333333333
2223;127;0,333333333333333333333
2223;3158;0,333333333333333333333
2269;2742;1,000000000000000000000
2275;26251;1,000000000000000000000
2277;116140;1,000000000000000000000
2293;96;0,166666666666666666666
2293;1141;0,333333333333333333333
2293;1988;0,333333333333333333333
2293;3219;0,166666666666666666666
2310;320;1,000000000000000000000
2323;3245;1,000000000000000000000
2355;827;0,333333333333333333333
2355;3123;0,166666666666666666666
2355;3141;0,166666666666666666666
2355;3996;0,166666666666666666666
2355;4435;0,166666666666666666666
2364;13335;0,200000000000000000000
2364;59745;0,400000000000000000000
2364;431565;0,200000000000000000000
2364;1080816;0,200000000000000000000
2372;9992;1,000000000000000000000
2379;3234;1,000000000000000000000
2383;738;0,500000000000000000000
2383;13398;0,500000000000000000000
2428;14978;1,000000000000000000000
2438;2337;1,000000000000000000000
2464;984;1,000000000000000000000
2467;3176;0,500000000000000000000
2467;184987;0,500000000000000000000
2474;2716;1,000000000000000000000
2479;3145;1,000000000000000000000
2484;573;0,500000000000000000000
2484;17762;0,500000000000000000000
2503;14073;1,000000000000000000000
2543;1959;0,166666666666666666666
2543;4100;0,333333333333333333333
2543;10255;0,500000000000000000000
2569;667;1,000000000000000000000
2591;464;0,400000000000000000000
2591;5526;0,200000000000000000000
2591;9554;0,200000000000000000000
2591;50332;0,200000000000000000000
2596;527;1,000000000000000000000
2642;3905;1,000000000000000000000
2644;8623;1,000000000000000000000
2661;135;1,000000000000000000000
2678;3978;0,500000000000000000000
2678;10860;0,500000000000000000000
2684;829;0,500000000000000000000
2684;3395;0,166666666666666666666
2684;10188;0,333333333333333333333
2706;279;1,000000000000000000000
2712;1637;0,500000000000000000000
2712;767229;0,500000000000000000000
2713;2510;1,000000000000000000000
2739;645;1,000000000000000000000
2786;846;0,333333333333333333333
2786;965;0,666666666666666666666
2792;320;0,666666666666666666666
2792;2184;0,133333333333333333333
2792;6130;0,133333333333333333333
2792;11330;0,066666666666666666666
2803;6511;1,000000000000000000000
2825;1234;1,000000000000000000000
2826;1173;1,000000000000000000000
2834;845;0,500000000000000000000
2834;846;0,375000000000000000000
2834;4359;0,125000000000000000000
2884;2015;1,000000000000000000000
2890;1565;1,000000000000000000000
2897;1092;0,500000000000000000000
2897;468947;0,500000000000000000000
2972;1080816;1,000000000000000000000
2993;1171;1,000000000000000000000
3005;1988;0,333333333333333333333
3005;4881;0,333333333333333333333
3005;13253;0,333333333333333333333
3033;66;0,333333333333333333333
3033;1556;0,333333333333333333333
3033;1866;0,333333333333333333333
3045;11680;1,000000000000000000000
3069;642;0,703703703703703703703
3069;1965;0,296296296296296296296
3100;138;1,000000000000000000000
3103;540;1,000000000000000000000
3105;1681;0,500000000000000000000
3105;17549;0,250000000000000000000
3105;27674;0,250000000000000000000
3123;1152;0,500000000000000000000
3123;2488;0,500000000000000000000
3141;1231;0,250000000000000000000
3141;2803;0,250000000000000000000
3141;3123;0,250000000000000000000
3141;6496;0,250000000000000000000
3143;365;0,400000000000000000000
3143;703;0,200000000000000000000
3143;2895;0,200000000000000000000
3143;311584;0,200000000000000000000
3145;749;0,111111111111111111111
3145;2112;0,111111111111111111111
3145;2479;0,111111111111111111111
3145;2736;0,666666666666666666666
3158;2223;1,000000000000000000000
3169;6929;1,000000000000000000000
3176;898;0,200000000000000000000
3176;2467;0,200000000000000000000
3176;3986;0,200000000000000000000
3176;17280;0,200000000000000000000
3176;31885;0,200000000000000000000
3212;13452;0,333333333333333333333
3212;28615;0,333333333333333333333
3212;113392;0,333333333333333333333
3222;28826;1,000000000000000000000
3223;54879;1,000000000000000000000
3230;596;0,500000000000000000000
3230;2509;0,500000000000000000000
3245;2323;1,000000000000000000000
3251;59;1,000000000000000000000
3256;1171;0,333333333333333333333
3256;666007;0,333333333333333333333
3256;789157;0,333333333333333333333
3265;1713;1,000000000000000000000
3271;7759;1,000000000000000000000
3278;10255;1,000000000000000000000
3294;1974;1,000000000000000000000
3318;538;0,333333333333333333333
3318;817;0,666666666666666666666
3394;5360;0,500000000000000000000
3394;27763;0,500000000000000000000
3414;4262;1,000000000000000000000
3420;71411;1,000000000000000000000
3427;174;0,333333333333333333333
3427;1563;0,333333333333333333333
3427;1608;0,333333333333333333333
3443;876;1,000000000000000000000
3450;273;0,250000000000000000000
3450;3260;0,250000000000000000000
3450;10175;0,500000000000000000000
3458;3694;1,000000000000000000000
3477;418;1,000000000000000000000
3515;547708;1,000000000000000000000
3585;706;1,000000000000000000000
3587;1938;1,000000000000000000000
3588;4219;1,000000000000000000000
3601;4881;0,666666666666666666666
3601;219132;0,333333333333333333333
3647;1906;1,000000000000000000000
3657;1254;1,000000000000000000000
3665;1650;0,250000000000000000000
3665;7578;0,750000000000000000000
3714;2779;1,000000000000000000000
3738;362;0,500000000000000000000
3738;1314;0,500000000000000000000
3753;96;0,545454545454545454545
3753;1873;0,090909090909090909090
3753;5578;0,272727272727272727272
3753;13253;0,090909090909090909090
3768;1906;1,000000000000000000000
3779;713;0,200000000000000000000
3779;5626;0,200000000000000000000
3779;589508;0,600000000000000000000
3800;1838;0,500000000000000000000
3800;8156;0,500000000000000000000
3802;183;0,666666666666666666666
3802;1277;0,333333333333333333333
3809;2001;1,000000000000000000000
3811;7741;1,000000000000000000000
3842;5010;0,500000000000000000000
3842;12441;0,500000000000000000000
3876;13;0,500000000000000000000
3876;9352;0,500000000000000000000
3944;266;1,000000000000000000000
3975;1949;1,000000000000000000000
3983;28;0,166666666666666666666
3983;2054;0,833333333333333333333
3999;1140;1,000000000000000000000
4004;2445;1,000000000000000000000
4031;3091;1,000000000000000000000
4059;1196;1,000000000000000000000
4081;1965;1,000000000000000000000
4090;4877;1,000000000000000000000
4148;2731;1,000000000000000000000
4179;213;1,000000000000000000000
4229;99;1,000000000000000000000
4245;1561;0,166666666666666666666
4245;1700;0,833333333333333333333
4262;911;0,036363636363636363636
4262;3414;0,963636363636363636363
4268;855;0,333333333333333333333
4268;5089;0,666666666666666666666
4271;5691;1,000000000000000000000
4278;349;0,500000000000000000000
4278;538;0,500000000000000000000
4280;4281;1,000000000000000000000
4281;4280;1,000000000000000000000
4299;1597;1,000000000000000000000
4309;94073;1,000000000000000000000
4355;9468;1,000000000000000000000
4359;2834;0,250000000000000000000
4359;18641;0,250000000000000000000
4359;131383;0,250000000000000000000
4359;163510;0,250000000000000000000
4398;101;0,500000000000000000000
4398;2009;0,500000000000000000000
4421;2306;1,000000000000000000000
4461;7275;1,000000000000000000000
4491;4262;1,000000000000000000000
4497;8464;1,000000000000000000000
4513;9967;1,000000000000000000000
4518;2130;0,333333333333333333333
4518;17521;0,333333333333333333333
4518;27416;0,333333333333333333333
4522;4100;0,666666666666666666666
4522;10255;0,333333333333333333333
4553;443599;1,000000000000000000000
4681;956;1,000000000000000000000
4695;1016;1,000000000000000000000
4719;859;0,142857142857142857142
4719;5464;0,142857142857142857142
4719;15444;0,285714285714285714285
4719;1048032;0,428571428571428571428
4729;2487;0,500000000000000000000
4729;9968;0,500000000000000000000
4794;5915;1,000000000000000000000
4821;1141;1,000000000000000000000
4877;347;0,333333333333333333333
4877;4090;0,333333333333333333333
4877;4876;0,333333333333333333333
4935;2288;1,000000000000000000000
4979;3714;1,000000000000000000000
5061;5613;1,000000000000000000000
5071;854;0,250000000000000000000
5071;1391;0,750000000000000000000
5089;4268;1,000000000000000000000
5093;4345;1,000000000000000000000
5148;1286;0,500000000000000000000
5148;136664;0,500000000000000000000
5149;3105;1,000000000000000000000
5177;3436;1,000000000000000000000
5264;547;0,250000000000000000000
5264;1676;0,250000000000000000000
5264;3071;0,250000000000000000000
5264;5350;0,250000000000000000000
5289;1274;1,000000000000000000000
5329;899;0,500000000000000000000
5329;1206;0,500000000000000000000
5395;2817;1,000000000000000000000
5430;1517;1,000000000000000000000
5440;1596;0,045454545454545454545
5440;2050;0,045454545454545454545
5440;5441;0,045454545454545454545
5440;15895;0,863636363636363636363
5464;796;0,166666666666666666666
5464;1963;0,166666666666666666666
5464;2429;0,166666666666666666666
5464;3182;0,166666666666666666666
5464;3557;0,333333333333333333333
5470;48862;0,666666666666666666666
5470;113392;0,333333333333333333333
5526;1503;1,000000000000000000000
5530;9184;0,333333333333333333333
5530;9396;0,666666666666666666666
5543;7131;1,000000000000000000000
5564;1655;0,333333333333333333333
5564;5380;0,333333333333333333333
5564;5698;0,333333333333333333333
5578;3753;1,000000000000000000000
5607;835;1,000000000000000000000
5613;23;0,090909090909090909090
5613;1855;0,181818181818181818181
5613;2851;0,454545454545454545454
5613;5061;0,090909090909090909090
5613;17585;0,090909090909090909090
5613;21005;0,090909090909090909090
5622;4881;1,000000000000000000000
5626;805;0,166666666666666666666
5626;2137;0,166666666666666666666
5626;2772;0,166666666666666666666
5626;4876;0,166666666666666666666
5626;8566;0,166666666666666666666
5626;12670;0,166666666666666666666
5629;90;0,142857142857142857142
5629;4720;0,142857142857142857142
5629;5679;0,571428571428571428571
5629;57838;0,142857142857142857142
5638;479;0,333333333333333333333
5638;653116;0,666666666666666666666
5640;2684;0,333333333333333333333
5640;10188;0,666666666666666666666
5651;2491;1,000000000000000000000
5681;398786;1,000000000000000000000
5691;242;1,000000000000000000000
5693;997;1,000000000000000000000
5698;5564;1,000000000000000000000
5753;7994;1,000000000000000000000
5784;3650;1,000000000000000000000
5886;8465;1,000000000000000000000
5967;1946;1,000000000000000000000
6068;1220;1,000000000000000000000
6164;99;1,000000000000000000000
6234;20801;1,000000000000000000000
6347;2713;1,000000000000000000000
6353;244;1,000000000000000000000
6354;1925;1,000000000000000000000
6430;6262;0,500000000000000000000
6430;12356;0,500000000000000000000
6433;3842;1,000000000000000000000
6440;74;0,166666666666666666666
6440;1889;0,166666666666666666666
6440;3753;0,166666666666666666666
6440;3857;0,166666666666666666666
6440;5578;0,166666666666666666666
6440;67275;0,166666666666666666666
6503;2736;0,666666666666666666666
6503;3145;0,333333333333333333333
6509;827;0,500000000000000000000
6509;1145856;0,500000000000000000000
6511;829;1,000000000000000000000
6518;645;0,750000000000000000000
6518;6509;0,250000000000000000000
6543;771;1,000000000000000000000
6548;866;0,666666666666666666666
6548;7759;0,333333333333333333333
6567;475;0,428571428571428571428
6567;1462;0,285714285714285714285
6567;6130;0,142857142857142857142
6567;12706;0,142857142857142857142
6581;18247;1,000000000000000000000
6630;1220;1,000000000000000000000
6635;1504;1,000000000000000000000
6666;4553;1,000000000000000000000
6723;135;0,200000000000000000000
6723;1156;0,200000000000000000000
6723;1967;0,600000000000000000000
6788;1897;1,000000000000000000000
6929;3169;1,000000000000000000000
6940;1609;0,500000000000000000000
6940;1906;0,500000000000000000000
6962;1829;1,000000000000000000000
7049;1570;0,166666666666666666666
7049;1583;0,666666666666666666666
7049;10020;0,166666666666666666666
7116;279;1,000000000000000000000
7126;178;1,000000000000000000000
7130;3007;1,000000000000000000000
7135;441;1,000000000000000000000
7160;2661;1,000000000000000000000
7278;352262;1,000000000000000000000
7543;600;0,086956521739130434782
7543;2743;0,043478260869565217391
7543;2786;0,086956521739130434782
7543;3420;0,043478260869565217391
7543;4587;0,086956521739130434782
7543;7717;0,043478260869565217391
7543;7975;0,043478260869565217391
7543;12959;0,043478260869565217391
7543;15737;0,043478260869565217391
7543;27613;0,086956521739130434782
7543;152027;0,391304347826086956521
7560;4748;1,000000000000000000000
7578;1182;0,500000000000000000000
7578;1650;0,125000000000000000000
7578;3665;0,375000000000000000000
7672;3220;1,000000000000000000000
7686;4160;1,000000000000000000000
7741;3811;0,500000000000000000000
7741;8479;0,500000000000000000000
7748;368117;1,000000000000000000000
7774;2182;1,000000000000000000000
7780;7574;1,000000000000000000000
7886;13796;1,000000000000000000000
7968;37;1,000000000000000000000
8050;157662;1,000000000000000000000
8056;9350;1,000000000000000000000
8095;285;1,000000000000000000000
8163;2551;1,000000000000000000000
8164;1984;1,000000000000000000000
8229;4091;1,000000000000000000000
8281;27474;1,000000000000000000000
8353;24668;0,333333333333333333333
8353;27290;0,333333333333333333333
8353;27349;0,333333333333333333333
8440;1182;0,666666666666666666666
8440;7578;0,333333333333333333333
8442;8473;1,000000000000000000000
8445;1016;1,000000000000000000000
8464;4497;1,000000000000000000000
8465;131;0,004651162790697674418
8465;240;0,013953488372093023255
8465;362;0,013953488372093023255
8465;475;0,009302325581395348837
8465;479;0,013953488372093023255
8465;507;0,009302325581395348837
8465;520;0,013953488372093023255
8465;521;0,004651162790697674418
8465;525;0,009302325581395348837
8465;706;0,013953488372093023255
8465;742;0,009302325581395348837
8465;761;0,004651162790697674418
8465;783;0,009302325581395348837
8465;793;0,013953488372093023255
8465;796;0,009302325581395348837
8465;852;0,004651162790697674418
8465;975;0,009302325581395348837
8465;999;0,009302325581395348837
8465;1016;0,009302325581395348837
8465;1065;0,009302325581395348837
8465;1104;0,009302325581395348837
8465;1107;0,009302325581395348837
8465;1111;0,009302325581395348837
8465;1112;0,009302325581395348837
8465;1113;0,004651162790697674418
8465;1171;0,013953488372093023255
8465;1182;0,004651162790697674418
8465;1196;0,009302325581395348837
8465;1263;0,004651162790697674418
8465;1313;0,013953488372093023255
8465;1314;0,013953488372093023255
8465;1315;0,013953488372093023255
8465;1556;0,009302325581395348837
8465;1673;0,009302325581395348837
8465;1713;0,009302325581395348837
8465;1748;0,004651162790697674418
8465;1806;0,004651162790697674418
8465;1848;0,004651162790697674418
8465;1938;0,013953488372093023255
8465;1963;0,009302325581395348837
8465;2166;0,009302325581395348837
8465;2306;0,013953488372093023255
8465;2429;0,009302325581395348837
8465;2490;0,004651162790697674418
8465;2491;0,013953488372093023255
8465;2512;0,004651162790697674418
8465;2642;0,004651162790697674418
8465;2731;0,004651162790697674418
8465;2815;0,004651162790697674418
8465;3038;0,013953488372093023255
8465;3082;0,004651162790697674418
8465;3188;0,009302325581395348837
8465;3208;0,009302325581395348837
8465;3374;0,009302325581395348837
8465;3563;0,009302325581395348837
8465;3590;0,009302325581395348837
8465;3599;0,009302325581395348837
8465;3683;0,009302325581395348837
8465;3776;0,009302325581395348837
8465;3905;0,004651162790697674418
8465;4219;0,013953488372093023255
8465;4222;0,009302325581395348837
8465;4242;0,013953488372093023255
8465;4292;0,004651162790697674418
8465;4293;0,009302325581395348837
8465;4497;0,004651162790697674418
8465;4706;0,009302325581395348837
8465;4831;0,009302325581395348837
8465;4835;0,009302325581395348837
8465;4991;0,013953488372093023255
8465;4992;0,004651162790697674418
8465;4993;0,004651162790697674418
8465;4994;0,009302325581395348837
8465;4995;0,013953488372093023255
8465;4997;0,004651162790697674418
8465;4998;0,009302325581395348837
8465;4999;0,013953488372093023255
8465;5000;0,004651162790697674418
8465;5001;0,013953488372093023255
8465;5002;0,009302325581395348837
8465;5003;0,013953488372093023255
8465;5004;0,004651162790697674418
8465;5005;0,013953488372093023255
8465;5006;0,009302325581395348837
8465;5007;0,009302325581395348837
8465;5008;0,009302325581395348837
8465;5009;0,009302325581395348837
8465;5010;0,009302325581395348837
8465;5011;0,013953488372093023255
8465;5012;0,009302325581395348837
8465;5013;0,013953488372093023255
8465;5014;0,004651162790697674418
8465;5016;0,004651162790697674418
8465;5017;0,004651162790697674418
8465;5019;0,013953488372093023255
8465;5484;0,004651162790697674418
8465;5666;0,004651162790697674418
8465;5886;0,009302325581395348837
8465;5935;0,004651162790697674418
8465;6342;0,004651162790697674418
8465;8200;0,004651162790697674418
8465;8438;0,004651162790697674418
8465;8442;0,004651162790697674418
8465;8449;0,004651162790697674418
8465;8458;0,009302325581395348837
8465;8460;0,004651162790697674418
8465;8462;0,013953488372093023255
8465;8470;0,004651162790697674418
8465;8473;0,004651162790697674418
8465;8475;0,004651162790697674418
8465;8476;0,004651162790697674418
8465;10337;0,004651162790697674418
8465;21271;0,004651162790697674418
8465;28221;0,004651162790697674418
8465;248831;0,004651162790697674418
8465;310049;0,009302325581395348837
8465;347540;0,004651162790697674418
8473;479;0,666666666666666666666
8473;8442;0,333333333333333333333
8545;934;1,000000000000000000000
8623;1419;0,571428571428571428571
8623;2644;0,285714285714285714285
8623;3665;0,142857142857142857142
8648;266;1,000000000000000000000
8756;1085;1,000000000000000000000
8827;8865;1,000000000000000000000
8865;8827;1,000000000000000000000
8912;3104;1,000000000000000000000
8985;374246;1,000000000000000000000
9114;1824;1,000000000000000000000
9184;5530;1,000000000000000000000
9338;360;0,666666666666666666666
9338;844;0,333333333333333333333
9352;3876;1,000000000000000000000
9394;3315;1,000000000000000000000
9396;5530;1,000000000000000000000
9399;2149;1,000000000000000000000
9402;65;1,000000000000000000000
9430;5632;1,000000000000000000000
9434;5691;1,000000000000000000000
9476;211;1,000000000000000000000
9510;13899;1,000000000000000000000
9657;285;1,000000000000000000000
9674;6918;1,000000000000000000000
9720;703;0,500000000000000000000
9720;1520;0,500000000000000000000
9722;1227;0,200000000000000000000
9722;1597;0,600000000000000000000
9722;1103804;0,200000000000000000000
10109;1639;1,000000000000000000000
10175;3450;1,000000000000000000000
10188;135;0,200000000000000000000
10188;2111;0,400000000000000000000
10188;3802;0,200000000000000000000
10188;5640;0,200000000000000000000
10207;667;1,000000000000000000000
10602;817;0,333333333333333333333
10602;3223;0,333333333333333333333
10602;276780;0,333333333333333333333
10763;771;1,000000000000000000000
11680;3045;1,000000000000000000000
11690;3753;0,500000000000000000000
11690;6666;0,500000000000000000000
11863;1352;0,250000000000000000000
11863;27239;0,250000000000000000000
11863;27825;0,250000000000000000000
11863;28039;0,250000000000000000000
12156;547;0,076923076923076923076
12156;689;0,076923076923076923076
12156;853;0,076923076923076923076
12156;1319;0,076923076923076923076
12156;4425;0,076923076923076923076
12156;4430;0,076923076923076923076
12156;4772;0,076923076923076923076
12156;7480;0,076923076923076923076
12156;8568;0,076923076923076923076
12156;8873;0,076923076923076923076
12156;13622;0,076923076923076923076
12156;40028;0,076923076923076923076
12156;122436;0,076923076923076923076
12165;1609;1,000000000000000000000
12387;12670;1,000000000000000000000
12435;3273;1,000000000000000000000
12497;6693;1,000000000000000000000
12670;908617;1,000000000000000000000
12880;4553;1,000000000000000000000
13054;925;1,000000000000000000000
13122;3567;1,000000000000000000000
13176;681;1,000000000000000000000
13253;1988;0,500000000000000000000
13253;3753;0,500000000000000000000
13335;14742;1,000000000000000000000
13396;431565;1,000000000000000000000
13398;2383;1,000000000000000000000
13452;3212;1,000000000000000000000
13599;27865;1,000000000000000000000
13796;3694;1,000000000000000000000
13799;1344;1,000000000000000000000
14073;2503;1,000000000000000000000
14151;407;0,142857142857142857142
14151;1850;0,142857142857142857142
14151;2736;0,142857142857142857142
14151;3657;0,142857142857142857142
14151;11465;0,428571428571428571428
14465;398787;1,000000000000000000000
15444;4719;1,000000000000000000000
15643;1180;0,500000000000000000000
15643;29085;0,500000000000000000000
16076;9720;1,000000000000000000000
16497;1220;0,666666666666666666666
16497;1771;0,333333333333333333333
16665;7941;1,000000000000000000000
16786;6027;1,000000000000000000000
17248;571;1,000000000000000000000
17549;9215;0,500000000000000000000
17549;27674;0,500000000000000000000
17678;4576;0,500000000000000000000
17678;28615;0,500000000000000000000
18247;6581;1,000000000000000000000
18525;1186;1,000000000000000000000
20235;443;0,666666666666666666666
20235;911;0,333333333333333333333
20393;3395;0,333333333333333333333
20393;27610;0,333333333333333333333
20393;27615;0,333333333333333333333
20474;59;1,000000000000000000000
20801;6234;1,000000000000000000000
20915;870;1,000000000000000000000
21005;1855;0,500000000000000000000
21005;13122;0,500000000000000000000
21750;1454;1,000000000000000000000
23775;17678;1,000000000000000000000
24668;5628;1,000000000000000000000
25230;6918;1,000000000000000000000
26354;16845;0,500000000000000000000
26354;432293;0,500000000000000000000
27175;9430;0,500000000000000000000
27175;373677;0,500000000000000000000
27349;356;1,000000000000000000000
27426;9098;0,500000000000000000000
27426;1107578;0,500000000000000000000
27527;113392;1,000000000000000000000
27672;1471;1,000000000000000000000
27700;2826;1,000000000000000000000
27763;3394;1,000000000000000000000
28157;9350;1,000000000000000000000
28615;3212;1,000000000000000000000
28763;283635;1,000000000000000000000
28914;2510;1,000000000000000000000
29081;3393;1,000000000000000000000
33843;689;1,000000000000000000000
36186;464;1,000000000000000000000
37812;8062;1,000000000000000000000
37815;374246;1,000000000000000000000
47352;1471;1,000000000000000000000
48862;5470;1,000000000000000000000
50332;518;0,200000000000000000000
50332;882;0,200000000000000000000
50332;2591;0,200000000000000000000
50332;5029;0,200000000000000000000
50332;136265;0,200000000000000000000
51102;2713;1,000000000000000000000
54879;276780;1,000000000000000000000
59745;65;0,071428571428571428571
59745;1169;0,285714285714285714285
59745;2364;0,071428571428571428571
59745;3802;0,071428571428571428571
59745;12432;0,142857142857142857142
59745;366089;0,142857142857142857142
59745;374246;0,142857142857142857142
59745;604246;0,071428571428571428571
59841;71;0,022727272727272727272
59841;852;0,022727272727272727272
59841;1169;0,022727272727272727272
59841;3449;0,022727272727272727272
59841;7660;0,022727272727272727272
59841;17549;0,022727272727272727272
59841;23562;0,022727272727272727272
59841;59745;0,045454545454545454545
59841;366089;0,022727272727272727272
59841;408414;0,022727272727272727272
59841;764124;0,750000000000000000000
65998;373924;1,000000000000000000000
67275;237;1,000000000000000000000
71411;3420;1,000000000000000000000
73134;29667;0,333333333333333333333
73134;368117;0,666666666666666666666
75230;1967;1,000000000000000000000
76428;748;0,250000000000000000000
76428;28517;0,250000000000000000000
76428;81648;0,500000000000000000000
77678;887;0,500000000000000000000
77678;27763;0,500000000000000000000
81648;2734;0,666666666666666666666
81648;28517;0,333333333333333333333
89703;8858;1,000000000000000000000
91818;427048;1,000000000000000000000
112062;826;1,000000000000000000000
113392;296;0,066666666666666666666
113392;660;0,066666666666666666666
113392;846;0,200000000000000000000
113392;2350;0,400000000000000000000
113392;3212;0,200000000000000000000
113392;27527;0,066666666666666666666
113459;3683;1,000000000000000000000
116140;72;0,050000000000000000000
116140;441;0,050000000000000000000
116140;854;0,050000000000000000000
116140;1117;0,350000000000000000000
116140;2277;0,050000000000000000000
116140;3395;0,050000000000000000000
116140;8253;0,200000000000000000000
116140;474028;0,050000000000000000000
116140;559679;0,050000000000000000000
116140;704910;0,050000000000000000000
116140;1080816;0,050000000000000000000
118796;237;1,000000000000000000000
119973;538;1,000000000000000000000
131383;846;0,250000000000000000000
131383;7780;0,250000000000000000000
131383;398786;0,250000000000000000000
131383;398787;0,250000000000000000000
136265;50332;1,000000000000000000000
136664;5148;1,000000000000000000000
140175;2293;1,000000000000000000000
146462;1988;0,400000000000000000000
146462;4825;0,100000000000000000000
146462;4881;0,400000000000000000000
146462;5622;0,100000000000000000000
163510;4747;0,500000000000000000000
163510;329272;0,500000000000000000000
179346;119;0,500000000000000000000
179346;1171;0,500000000000000000000
184987;379;0,250000000000000000000
184987;898;0,750000000000000000000
189452;190971;1,000000000000000000000
192866;845;0,250000000000000000000
192866;846;0,500000000000000000000
192866;1437;0,125000000000000000000
192866;2396;0,125000000000000000000
193005;845;0,200000000000000000000
193005;1041;0,800000000000000000000
248834;3586;1,000000000000000000000
248840;749;0,500000000000000000000
248840;975;0,250000000000000000000
248840;5005;0,250000000000000000000
276780;17276;0,333333333333333333333
276780;54879;0,666666666666666666666
276963;4681;1,000000000000000000000
281170;2523;1,000000000000000000000
282900;1301;1,000000000000000000000
284854;5691;1,000000000000000000000
321395;440509;1,000000000000000000000
329272;846;1,000000000000000000000
330168;13584;1,000000000000000000000
335189;115;1,000000000000000000000
336640;4553;1,000000000000000000000
343074;984;1,000000000000000000000
347540;66;1,000000000000000000000
349155;373677;1,000000000000000000000
366089;1169;1,000000000000000000000
373924;65998;1,000000000000000000000
374246;558;0,125000000000000000000
374246;851;0,125000000000000000000
374246;2657;0,500000000000000000000
374246;37815;0,125000000000000000000
374246;59745;0,125000000000000000000
387437;846;0,500000000000000000000
387437;1220;0,500000000000000000000
393418;37;0,333333333333333333333
393418;6461;0,666666666666666666666
394755;6773;1,000000000000000000000
398786;5681;0,500000000000000000000
398786;398787;0,500000000000000000000
398787;846;0,200000000000000000000
398787;1724;0,200000000000000000000
398787;4219;0,200000000000000000000
398787;14465;0,200000000000000000000
398787;398786;0,200000000000000000000
403195;747;1,000000000000000000000
408414;475;0,200000000000000000000
408414;826;0,200000000000000000000
408414;1169;0,600000000000000000000
431565;2364;0,250000000000000000000
431565;3390;0,250000000000000000000
431565;13396;0,500000000000000000000
442813;13814;1,000000000000000000000
453859;700;1,000000000000000000000
459252;681;0,750000000000000000000
459252;394755;0,250000000000000000000
471750;13814;1,000000000000000000000
474028;71;0,200000000000000000000
474028;854;0,200000000000000000000
474028;1569;0,200000000000000000000
474028;2277;0,200000000000000000000
474028;2972;0,200000000000000000000
484680;115;1,000000000000000000000
507180;668;0,250000000000000000000
507180;876;0,500000000000000000000
507180;4173;0,250000000000000000000
508708;157662;1,000000000000000000000
533247;846;1,000000000000000000000
547708;3515;1,000000000000000000000
589508;3779;0,333333333333333333333
589508;5626;0,666666666666666666666
623129;845;0,400000000000000000000
623129;982;0,200000000000000000000
623129;1041;0,200000000000000000000
623129;398787;0,200000000000000000000
642255;876;0,666666666666666666666
642255;1025;0,333333333333333333333
653116;5638;1,000000000000000000000
653504;1864;1,000000000000000000000
693032;1370;1,000000000000000000000
725179;1124;0,750000000000000000000
725179;1589;0,250000000000000000000
728154;1142637;1,000000000000000000000
765984;550;0,500000000000000000000
765984;2206;0,500000000000000000000
813240;1154;0,200000000000000000000
813240;1342;0,200000000000000000000
813240;1526;0,200000000000000000000
813240;2293;0,200000000000000000000
813240;163510;0,200000000000000000000
906176;1169;0,400000000000000000000
906176;59745;0,200000000000000000000
906176;366089;0,200000000000000000000
906176;940328;0,200000000000000000000
940328;906176;1,000000000000000000000
1036379;1940;0,600000000000000000000
1036379;349041;0,400000000000000000000
1048032;2164;0,400000000000000000000
1048032;4719;0,400000000000000000000
1048032;1107479;0,200000000000000000000
1051510;408414;1,000000000000000000000
1063091;934;0,125000000000000000000
1063091;1692;0,375000000000000000000
1063091;1699;0,250000000000000000000
1063091;5441;0,250000000000000000000
1077888;899;0,500000000000000000000
1077888;1949;0,500000000000000000000
1080816;2364;0,500000000000000000000
1080816;2972;0,500000000000000000000
1080900;2364;1,000000000000000000000
1101851;1949;1,000000000000000000000
1103804;9722;1,000000000000000000000
1107479;4719;1,000000000000000000000
1107578;876;0,200000000000000000000
1107578;9098;0,200000000000000000000
1107578;27416;0,600000000000000000000
1113764;9394;1,000000000000000000000
1128679;1754;0,250000000000000000000
1128679;747808;0,750000000000000000000
1130242;1988;1,000000000000000000000
1135143;600;1,000000000000000000000
1142431;420;1,000000000000000000000
1142637;728154;1,000000000000000000000
1145856;51102;1,000000000000000000000
