7;2078;0,500000000000000000000
7;6930;0,500000000000000000000
46;9261;1,000000000000000000000
48;1713;1,000000000000000000000
71;194;0,178571428571428571428
71;240;0,035714285714285714285
71;529;0,035714285714285714285
71;695;0,285714285714285714285
71;1276;0,035714285714285714285
71;1949;0,035714285714285714285
71;3619;0,107142857142857142857
71;4512;0,142857142857142857142
71;5338;0,035714285714285714285
71;6505;0,035714285714285714285
71;59745;0,035714285714285714285
71;59841;0,035714285714285714285
73;1462;1,000000000000000000000
80;219;0,024844720496894409937
80;502;0,099378881987577639751
80;531;0,024844720496894409937
80;668;0,068322981366459627329
80;675;0,006211180124223602484
80;876;0,086956521739130434782
80;933;0,006211180124223602484
80;1129;0,055900621118012422360
80;1131;0,080745341614906832298
80;1248;0,031055900621118012422
80;1361;0,043478260869565217391
80;1893;0,024844720496894409937
80;2516;0,037267080745341614906
80;2518;0,024844720496894409937
80;3443;0,099378881987577639751
80;3515;0,186335403726708074534
80;3625;0,093167701863354037267
80;4173;0,006211180124223602484
83;6635;1,000000000000000000000
96;11;0,057692307692307692307
96;42;0,019230769230769230769
96;85;0,019230769230769230769
96;168;0,019230769230769230769
96;237;0,019230769230769230769
96;249;0,096153846153846153846
96;253;0,019230769230769230769
96;275;0,019230769230769230769
96;980;0,038461538461538461538
96;1156;0,153846153846153846153
96;1364;0,076923076923076923076
96;1988;0,019230769230769230769
96;2293;0,115384615384615384615
96;2515;0,192307692307692307692
96;3045;0,019230769230769230769
96;4777;0,019230769230769230769
96;4927;0,038461538461538461538
96;137801;0,038461538461538461538
96;281170;0,019230769230769230769
101;277;0,250000000000000000000
101;4080;0,500000000000000000000
101;4507;0,250000000000000000000
115;392;0,333333333333333333333
115;6468;0,333333333333333333333
115;7920;0,333333333333333333333
120;396;1,000000000000000000000
127;24;1,000000000000000000000
132;596;0,166666666666666666666
132;1319;0,666666666666666666666
132;4244;0,166666666666666666666
135;183;0,142857142857142857142
135;281;0,142857142857142857142
135;317;0,142857142857142857142
135;983;0,071428571428571428571
135;992;0,071428571428571428571
135;1815;0,071428571428571428571
135;3176;0,142857142857142857142
135;4976;0,071428571428571428571
135;6342;0,071428571428571428571
135;21396;0,071428571428571428571
138;2350;1,000000000000000000000
151;7586;1,000000000000000000000
163;4471;1,000000000000000000000
174;846;0,500000000000000000000
174;934;0,500000000000000000000
183;281;0,100000000000000000000
183;530;0,600000000000000000000
183;992;0,100000000000000000000
183;1278;0,100000000000000000000
183;5610;0,100000000000000000000
190;2054;0,666666666666666666666
190;5632;0,333333333333333333333
192;5564;1,000000000000000000000
194;71;0,230769230769230769230
194;628;0,461538461538461538461
194;695;0,038461538461538461538
194;748;0,038461538461538461538
194;1754;0,153846153846153846153
194;3436;0,038461538461538461538
194;71411;0,038461538461538461538
206;1263;0,166666666666666666666
206;2046;0,500000000000000000000
206;4070;0,166666666666666666666
206;9391;0,166666666666666666666
213;747;0,666666666666666666666
213;75827;0,333333333333333333333
219;1893;0,500000000000000000000
219;2516;0,500000000000000000000
224;3515;1,000000000000000000000
232;19176;1,000000000000000000000
242;1286;0,100000000000000000000
242;2736;0,500000000000000000000
242;2737;0,200000000000000000000
242;2738;0,200000000000000000000
248;2474;0,666666666666666666666
248;2962;0,333333333333333333333
249;96;0,500000000000000000000
249;240;0,166666666666666666666
249;669;0,166666666666666666666
249;1988;0,166666666666666666666
250;2139;1,000000000000000000000
253;96;0,166666666666666666666
253;4179;0,833333333333333333333
261;96;0,400000000000000000000
261;237;0,600000000000000000000
263;420;0,214285714285714285714
263;517;0,071428571428571428571
263;632;0,071428571428571428571
263;829;0,071428571428571428571
263;830;0,285714285714285714285
263;845;0,214285714285714285714
263;1117;0,071428571428571428571
266;585;0,090909090909090909090
266;706;0,090909090909090909090
266;1600;0,090909090909090909090
266;2383;0,090909090909090909090
266;3944;0,090909090909090909090
266;8648;0,272727272727272727272
266;13814;0,272727272727272727272
269;2962;0,500000000000000000000
269;84925;0,500000000000000000000
276;3523;0,600000000000000000000
276;12817;0,200000000000000000000
276;59841;0,200000000000000000000
282;731;1,000000000000000000000
284;285;0,666666666666666666666
284;3429;0,333333333333333333333
290;5679;1,000000000000000000000
293;846;1,000000000000000000000
302;628;0,333333333333333333333
302;7080;0,333333333333333333333
302;15737;0,333333333333333333333
306;983;0,166666666666666666666
306;5528;0,166666666666666666666
306;6788;0,666666666666666666666
309;1948;1,000000000000000000000
310;2851;1,000000000000000000000
313;1706;0,500000000000000000000
313;4697;0,500000000000000000000
315;59;0,010752688172043010752
315;180;0,010752688172043010752
315;228;0,010752688172043010752
315;295;0,010752688172043010752
315;681;0,010752688172043010752
315;683;0,010752688172043010752
315;854;0,010752688172043010752
315;863;0,010752688172043010752
315;990;0,010752688172043010752
315;997;0,010752688172043010752
315;1100;0,010752688172043010752
315;1224;0,010752688172043010752
315;1225;0,010752688172043010752
315;1243;0,010752688172043010752
315;1322;0,021505376344086021505
315;1505;0,010752688172043010752
315;1725;0,010752688172043010752
315;2249;0,010752688172043010752
315;2326;0,010752688172043010752
315;2416;0,010752688172043010752
315;2482;0,010752688172043010752
315;2659;0,010752688172043010752
315;2865;0,010752688172043010752
315;3233;0,010752688172043010752
315;3250;0,010752688172043010752
315;3251;0,010752688172043010752
315;3292;0,010752688172043010752
315;3331;0,010752688172043010752
315;3370;0,010752688172043010752
315;3862;0,010752688172043010752
315;4089;0,010752688172043010752
315;4132;0,010752688172043010752
315;4247;0,010752688172043010752
315;4334;0,010752688172043010752
315;4349;0,010752688172043010752
315;4401;0,010752688172043010752
315;4749;0,010752688172043010752
315;4751;0,010752688172043010752
315;4874;0,010752688172043010752
315;5054;0,010752688172043010752
315;5163;0,010752688172043010752
315;5682;0,010752688172043010752
315;5693;0,010752688172043010752
315;5700;0,010752688172043010752
315;5783;0,010752688172043010752
315;6132;0,010752688172043010752
315;6267;0,010752688172043010752
315;6664;0,010752688172043010752
315;6792;0,010752688172043010752
315;6923;0,010752688172043010752
315;8009;0,010752688172043010752
315;8281;0,010752688172043010752
315;8341;0,010752688172043010752
315;8666;0,010752688172043010752
315;8975;0,010752688172043010752
315;9088;0,010752688172043010752
315;9367;0,010752688172043010752
315;12339;0,010752688172043010752
315;12388;0,010752688172043010752
315;12428;0,010752688172043010752
315;12430;0,010752688172043010752
315;12435;0,010752688172043010752
315;12438;0,010752688172043010752
315;12440;0,010752688172043010752
315;12443;0,010752688172043010752
315;12826;0,010752688172043010752
315;12964;0,010752688172043010752
315;13622;0,010752688172043010752
315;13623;0,010752688172043010752
315;14124;0,010752688172043010752
315;14125;0,010752688172043010752
315;14323;0,010752688172043010752
315;15726;0,010752688172043010752
315;15866;0,010752688172043010752
315;16649;0,010752688172043010752
315;16651;0,010752688172043010752
315;16653;0,010752688172043010752
315;16659;0,010752688172043010752
315;16660;0,010752688172043010752
315;16664;0,010752688172043010752
315;16866;0,010752688172043010752
315;20474;0,010752688172043010752
315;21597;0,010752688172043010752
315;28516;0,010752688172043010752
315;28528;0,010752688172043010752
315;28533;0,010752688172043010752
315;28534;0,010752688172043010752
315;28535;0,010752688172043010752
315;28538;0,010752688172043010752
315;28549;0,010752688172043010752
315;28554;0,010752688172043010752
315;81950;0,010752688172043010752
317;135;0,076923076923076923076
317;318;0,923076923076923076923
318;317;0,500000000000000000000
318;9098;0,500000000000000000000
320;1462;0,250000000000000000000
320;2310;0,750000000000000000000
324;219;0,714285714285714285714
324;455;0,142857142857142857142
324;2516;0,142857142857142857142
332;452;0,100000000000000000000
332;530;0,050000000000000000000
332;1130;0,150000000000000000000
332;1237;0,050000000000000000000
332;1370;0,050000000000000000000
332;1391;0,100000000000000000000
332;1647;0,050000000000000000000
332;4173;0,050000000000000000000
332;5071;0,400000000000000000000
339;1024;1,000000000000000000000
347;4877;1,000000000000000000000
349;1027;1,000000000000000000000
352;354;0,142857142857142857142
352;356;0,142857142857142857142
352;423;0,142857142857142857142
352;5679;0,571428571428571428571
354;41776;1,000000000000000000000
356;352;1,000000000000000000000
359;1169;1,000000000000000000000
380;1769;1,000000000000000000000
385;1314;1,000000000000000000000
396;120;0,333333333333333333333
396;4078;0,333333333333333333333
396;8566;0,333333333333333333333
398;412;0,500000000000000000000
398;11138;0,500000000000000000000
399;1127;1,000000000000000000000
405;1862;1,000000000000000000000
407;458;0,500000000000000000000
407;2127;0,500000000000000000000
412;2200;1,000000000000000000000
420;263;1,000000000000000000000
426;444;0,500000000000000000000
426;1574;0,500000000000000000000
443;7605;1,000000000000000000000
444;423;0,500000000000000000000
444;20393;0,500000000000000000000
453;839;0,090909090909090909090
453;1498;0,181818181818181818181
453;1717;0,090909090909090909090
453;2130;0,181818181818181818181
453;2578;0,090909090909090909090
453;4432;0,181818181818181818181
453;8774;0,181818181818181818181
455;324;1,000000000000000000000
469;468;0,250000000000000000000
469;4428;0,250000000000000000000
469;4458;0,250000000000000000000
469;8489;0,250000000000000000000
472;3503;1,000000000000000000000
479;4379;0,666666666666666666666
479;8442;0,333333333333333333333
484;2647;1,000000000000000000000
485;550;0,142857142857142857142
485;551;0,285714285714285714285
485;2310;0,142857142857142857142
485;2817;0,142857142857142857142
485;3105;0,142857142857142857142
485;7774;0,142857142857142857142
492;1708;1,000000000000000000000
498;5679;0,500000000000000000000
498;14841;0,500000000000000000000
502;80;0,142857142857142857142
502;219;0,012987012987012987012
502;876;0,025974025974025974025
502;1131;0,337662337662337662337
502;3443;0,038961038961038961038
502;3515;0,415584415584415584415
502;17269;0,012987012987012987012
502;319757;0,012987012987012987012
504;135;1,000000000000000000000
517;263;0,250000000000000000000
517;3395;0,500000000000000000000
517;4988;0,250000000000000000000
518;765;1,000000000000000000000
520;240;0,296296296296296296296
520;479;0,037037037037037037037
520;521;0,037037037037037037037
520;522;0,037037037037037037037
520;523;0,037037037037037037037
520;524;0,037037037037037037037
520;525;0,074074074074074074074
520;526;0,037037037037037037037
520;527;0,037037037037037037037
520;528;0,037037037037037037037
520;529;0,037037037037037037037
520;1182;0,074074074074074074074
520;1778;0,074074074074074074074
520;8440;0,037037037037037037037
520;8442;0,111111111111111111111
521;793;0,142857142857142857142
521;1554;0,142857142857142857142
521;3680;0,142857142857142857142
521;3800;0,285714285714285714285
521;7747;0,142857142857142857142
521;8156;0,142857142857142857142
524;9418;0,500000000000000000000
524;9807;0,500000000000000000000
526;4281;0,333333333333333333333
526;9396;0,333333333333333333333
526;9436;0,333333333333333333333
527;17248;1,000000000000000000000
529;1996;0,500000000000000000000
529;3523;0,500000000000000000000
545;2371;0,400000000000000000000
545;2678;0,200000000000000000000
545;8348;0,400000000000000000000
547;988;0,333333333333333333333
547;1220;0,333333333333333333333
547;5856;0,333333333333333333333
550;485;0,166666666666666666666
550;596;0,333333333333333333333
550;1319;0,500000000000000000000
551;1463;0,250000000000000000000
551;2021;0,500000000000000000000
551;28546;0,250000000000000000000
568;920;1,000000000000000000000
573;2001;0,125000000000000000000
573;2188;0,125000000000000000000
573;2598;0,125000000000000000000
573;4001;0,125000000000000000000
573;4877;0,125000000000000000000
573;5800;0,125000000000000000000
573;10084;0,250000000000000000000
585;266;0,500000000000000000000
585;2215;0,500000000000000000000
594;977;0,333333333333333333333
594;2586;0,333333333333333333333
594;5679;0,333333333333333333333
602;311;0,500000000000000000000
602;28118;0,500000000000000000000
625;798;0,857142857142857142857
625;2853;0,142857142857142857142
626;700;0,500000000000000000000
626;1639;0,500000000000000000000
628;302;0,083333333333333333333
628;360;0,166666666666666666666
628;983;0,083333333333333333333
628;1940;0,666666666666666666666
632;3395;1,000000000000000000000
648;2380;1,000000000000000000000
660;8306;1,000000000000000000000
662;529;0,166666666666666666666
662;1944;0,166666666666666666666
662;3523;0,333333333333333333333
662;78108;0,333333333333333333333
667;668;0,500000000000000000000
667;1288;0,500000000000000000000
668;80;0,111111111111111111111
668;530;0,111111111111111111111
668;876;0,111111111111111111111
668;933;0,111111111111111111111
668;1129;0,444444444444444444444
668;12617;0,111111111111111111111
669;249;0,100000000000000000000
669;657;0,050000000000000000000
669;1500;0,050000000000000000000
669;1956;0,150000000000000000000
669;2191;0,050000000000000000000
669;2489;0,050000000000000000000
669;2863;0,100000000000000000000
669;4268;0,150000000000000000000
669;6320;0,050000000000000000000
669;6447;0,050000000000000000000
669;7671;0,100000000000000000000
669;179346;0,100000000000000000000
670;1169;1,000000000000000000000
675;281;0,314285714285714285714
675;452;0,028571428571428571428
675;1129;0,257142857142857142857
675;1370;0,257142857142857142857
675;23720;0,142857142857142857142
678;279;0,100000000000000000000
678;737;0,100000000000000000000
678;1889;0,100000000000000000000
678;2661;0,200000000000000000000
678;3429;0,500000000000000000000
683;6773;1,000000000000000000000
688;689;0,500000000000000000000
688;56738;0,500000000000000000000
689;454;0,333333333333333333333
689;688;0,333333333333333333333
689;27615;0,333333333333333333333
695;65;0,021739130434782608695
695;71;0,195652173913043478260
695;90;0,021739130434782608695
695;194;0,021739130434782608695
695;983;0,021739130434782608695
695;1169;0,152173913043478260869
695;1290;0,021739130434782608695
695;1650;0,021739130434782608695
695;1724;0,021739130434782608695
695;3523;0,043478260869565217391
695;8225;0,021739130434782608695
695;9693;0,065217391304347826086
695;41776;0,130434782608695652173
695;59841;0,130434782608695652173
695;98841;0,021739130434782608695
695;112062;0,086956521739130434782
698;1814;1,000000000000000000000
700;626;0,200000000000000000000
700;837;0,400000000000000000000
700;1754;0,200000000000000000000
700;1940;0,200000000000000000000
708;2991;1,000000000000000000000
731;282;1,000000000000000000000
747;213;0,333333333333333333333
747;28517;0,055555555555555555555
747;50332;0,166666666666666666666
747;71411;0,055555555555555555555
747;75827;0,333333333333333333333
747;75828;0,055555555555555555555
752;218;0,142857142857142857142
752;1454;0,142857142857142857142
752;1686;0,142857142857142857142
752;2607;0,428571428571428571428
752;7793;0,142857142857142857142
761;12596;1,000000000000000000000
763;419;0,047619047619047619047
763;621;0,047619047619047619047
763;658;0,047619047619047619047
763;1234;0,142857142857142857142
763;1237;0,523809523809523809523
763;2184;0,047619047619047619047
763;2254;0,047619047619047619047
763;2434;0,047619047619047619047
763;2792;0,047619047619047619047
765;518;1,000000000000000000000
779;2500;0,333333333333333333333
779;4989;0,500000000000000000000
779;27615;0,166666666666666666666
784;1696;0,500000000000000000000
784;43844;0,500000000000000000000
794;1596;1,000000000000000000000
805;337;0,333333333333333333333
805;392;0,333333333333333333333
805;904;0,333333333333333333333
819;54;0,076923076923076923076
819;111;0,076923076923076923076
819;332;0,076923076923076923076
819;820;0,076923076923076923076
819;887;0,153846153846153846153
819;1391;0,538461538461538461538
829;1117;0,076923076923076923076
829;1991;0,076923076923076923076
829;2203;0,076923076923076923076
829;3395;0,461538461538461538461
829;3664;0,230769230769230769230
829;319757;0,076923076923076923076
830;263;0,200000000000000000000
830;632;0,200000000000000000000
830;829;0,200000000000000000000
830;1117;0,200000000000000000000
830;3395;0,200000000000000000000
837;695;0,100000000000000000000
837;700;0,600000000000000000000
837;1754;0,300000000000000000000
844;1719;0,400000000000000000000
844;2210;0,200000000000000000000
844;3891;0,200000000000000000000
844;9338;0,200000000000000000000
845;71;0,019607843137254901960
845;131;0,039215686274509803921
845;263;0,078431372549019607843
845;846;0,196078431372549019607
845;1041;0,117647058823529411764
845;1263;0,019607843137254901960
845;1437;0,098039215686274509803
845;1724;0,019607843137254901960
845;2731;0,019607843137254901960
845;2834;0,019607843137254901960
845;5638;0,019607843137254901960
845;59841;0,019607843137254901960
845;192866;0,313725490196078431372
845;193005;0,019607843137254901960
846;283;0,025000000000000000000
846;293;0,025000000000000000000
846;296;0,025000000000000000000
846;567;0,025000000000000000000
846;744;0,075000000000000000000
846;845;0,175000000000000000000
846;904;0,025000000000000000000
846;966;0,050000000000000000000
846;1342;0,025000000000000000000
846;1437;0,100000000000000000000
846;2697;0,025000000000000000000
846;2731;0,025000000000000000000
846;2744;0,025000000000000000000
846;2863;0,050000000000000000000
846;3123;0,025000000000000000000
846;3256;0,025000000000000000000
846;3427;0,025000000000000000000
846;3683;0,050000000000000000000
846;4777;0,025000000000000000000
846;5149;0,025000000000000000000
846;7030;0,025000000000000000000
846;17549;0,025000000000000000000
846;59841;0,025000000000000000000
846;192866;0,075000000000000000000
850;1024;0,666666666666666666666
850;12817;0,333333333333333333333
863;997;1,000000000000000000000
864;1293;1,000000000000000000000
873;4777;1,000000000000000000000
886;543;0,666666666666666666666
886;607;0,333333333333333333333
904;407;0,111111111111111111111
904;805;0,222222222222222222222
904;846;0,222222222222222222222
904;2127;0,222222222222222222222
904;276780;0,111111111111111111111
904;318787;0,111111111111111111111
911;4262;0,600000000000000000000
911;9681;0,200000000000000000000
911;16644;0,200000000000000000000
920;568;1,000000000000000000000
925;1838;1,000000000000000000000
933;80;0,166666666666666666666
933;281;0,166666666666666666666
933;1130;0,166666666666666666666
933;2436;0,166666666666666666666
933;3515;0,166666666666666666666
933;65193;0,166666666666666666666
937;979;0,500000000000000000000
937;4453;0,500000000000000000000
941;4787;1,000000000000000000000
955;956;1,000000000000000000000
956;3088;1,000000000000000000000
966;846;0,666666666666666666666
966;4147;0,333333333333333333333
972;8910;1,000000000000000000000
980;96;1,000000000000000000000
982;1041;0,500000000000000000000
982;3395;0,500000000000000000000
983;38;0,013333333333333333333
983;46;0,013333333333333333333
983;74;0,013333333333333333333
983;96;0,013333333333333333333
983;113;0,013333333333333333333
983;135;0,013333333333333333333
983;138;0,013333333333333333333
983;155;0,013333333333333333333
983;161;0,013333333333333333333
983;306;0,013333333333333333333
983;318;0,013333333333333333333
983;354;0,013333333333333333333
983;412;0,013333333333333333333
983;420;0,013333333333333333333
983;498;0,013333333333333333333
983;543;0,013333333333333333333
983;588;0,013333333333333333333
983;628;0,013333333333333333333
983;645;0,013333333333333333333
983;695;0,013333333333333333333
983;718;0,013333333333333333333
983;749;0,013333333333333333333
983;863;0,013333333333333333333
983;885;0,013333333333333333333
983;920;0,026666666666666666666
983;945;0,013333333333333333333
983;984;0,013333333333333333333
983;1010;0,013333333333333333333
983;1027;0,013333333333333333333
983;1118;0,013333333333333333333
983;1122;0,013333333333333333333
983;1141;0,013333333333333333333
983;1154;0,013333333333333333333
983;1169;0,013333333333333333333
983;1220;0,013333333333333333333
983;1243;0,013333333333333333333
983;1313;0,013333333333333333333
983;1371;0,013333333333333333333
983;1498;0,013333333333333333333
983;1616;0,013333333333333333333
983;1719;0,013333333333333333333
983;1925;0,013333333333333333333
983;1949;0,013333333333333333333
983;1967;0,013333333333333333333
983;2080;0,013333333333333333333
983;2130;0,013333333333333333333
983;2175;0,013333333333333333333
983;2445;0,013333333333333333333
983;2504;0,013333333333333333333
983;2544;0,013333333333333333333
983;2591;0,026666666666666666666
983;2744;0,013333333333333333333
983;2823;0,013333333333333333333
983;2851;0,013333333333333333333
983;2990;0,013333333333333333333
983;3045;0,013333333333333333333
983;3233;0,013333333333333333333
983;3246;0,013333333333333333333
983;3449;0,013333333333333333333
983;3523;0,013333333333333333333
983;3643;0,013333333333333333333
983;3683;0,013333333333333333333
983;3877;0,013333333333333333333
983;4004;0,013333333333333333333
983;4627;0,013333333333333333333
983;4821;0,013333333333333333333
983;5127;0,013333333333333333333
983;5625;0,013333333333333333333
983;6320;0,013333333333333333333
983;6721;0,013333333333333333333
983;7994;0,013333333333333333333
983;9693;0,013333333333333333333
983;27848;0,013333333333333333333
984;96;0,200000000000000000000
984;3503;0,800000000000000000000
990;565;0,250000000000000000000
990;1225;0,250000000000000000000
990;2249;0,500000000000000000000
992;113;0,054054054054054054054
992;135;0,054054054054054054054
992;183;0,054054054054054054054
992;281;0,027027027027027027027
992;675;0,027027027027027027027
992;763;0,027027027027027027027
992;1234;0,027027027027027027027
992;1235;0,027027027027027027027
992;1236;0,027027027027027027027
992;1237;0,027027027027027027027
992;1278;0,027027027027027027027
992;1647;0,081081081081081081081
992;1815;0,027027027027027027027
992;1931;0,081081081081081081081
992;2111;0,054054054054054054054
992;2684;0,162162162162162162162
992;10188;0,027027027027027027027
992;21154;0,027027027027027027027
992;115105;0,162162162162162162162
993;7605;1,000000000000000000000
995;412;0,222222222222222222222
995;1156;0,111111111111111111111
995;2269;0,333333333333333333333
995;5214;0,111111111111111111111
995;10823;0,222222222222222222222
997;863;0,333333333333333333333
997;5693;0,666666666666666666666
1010;2001;0,750000000000000000000
1010;3551;0,125000000000000000000
1010;3809;0,125000000000000000000
1018;1010;1,000000000000000000000
1024;850;0,250000000000000000000
1024;1574;0,250000000000000000000
1024;12418;0,250000000000000000000
1024;28754;0,250000000000000000000
1040;4729;0,500000000000000000000
1040;5306;0,500000000000000000000
1041;845;0,230769230769230769230
1041;982;0,692307692307692307692
1041;2287;0,076923076923076923076
1044;887;0,750000000000000000000
1044;12798;0,250000000000000000000
1055;4307;1,000000000000000000000
1066;1667;0,333333333333333333333
1066;1681;0,333333333333333333333
1066;2786;0,333333333333333333333
1069;1040;1,000000000000000000000
1073;1985;0,333333333333333333333
1073;8164;0,666666666666666666666
1082;609;0,285714285714285714285
1082;891;0,285714285714285714285
1082;1581;0,142857142857142857142
1082;1892;0,285714285714285714285
1094;4621;0,500000000000000000000
1094;5177;0,500000000000000000000
1109;1236;0,500000000000000000000
1109;5469;0,500000000000000000000
1117;632;0,100000000000000000000
1117;2203;0,100000000000000000000
1117;2972;0,100000000000000000000
1117;3395;0,100000000000000000000
1117;5640;0,300000000000000000000
1117;8253;0,200000000000000000000
1117;125861;0,100000000000000000000
1118;360;1,000000000000000000000
1120;727;1,000000000000000000000
1131;80;0,176470588235294117647
1131;502;0,147058823529411764705
1131;876;0,058823529411764705882
1131;1248;0,117647058823529411764
1131;3443;0,029411764705882352941
1131;3515;0,441176470588235294117
1131;321395;0,029411764705882352941
1143;5338;1,000000000000000000000
1164;1165;0,500000000000000000000
1164;6955;0,500000000000000000000
1165;748;0,125000000000000000000
1165;1164;0,125000000000000000000
1165;1192;0,125000000000000000000
1165;2388;0,250000000000000000000
1165;38738;0,125000000000000000000
1165;71411;0,125000000000000000000
1165;90666;0,125000000000000000000
1169;71;0,094594594594594594594
1169;100;0,081081081081081081081
1169;240;0,013513513513513513513
1169;276;0,081081081081081081081
1169;695;0,108108108108108108108
1169;696;0,081081081081081081081
1169;1754;0,013513513513513513513
1169;1944;0,081081081081081081081
1169;3523;0,081081081081081081081
1169;4512;0,081081081081081081081
1169;59745;0,162162162162162162162
1169;59841;0,027027027027027027027
1169;98841;0,081081081081081081081
1169;99667;0,013513513513513513513
1173;7660;0,250000000000000000000
1173;10941;0,250000000000000000000
1173;12805;0,250000000000000000000
1173;28030;0,250000000000000000000
1181;852;0,333333333333333333333
1181;1058;0,333333333333333333333
1181;6169;0,333333333333333333333
1190;6641;1,000000000000000000000
1192;1471;1,000000000000000000000
1196;1713;0,142857142857142857142
1196;3722;0,142857142857142857142
1196;4059;0,142857142857142857142
1196;4293;0,142857142857142857142
1196;4395;0,285714285714285714285
1196;12486;0,142857142857142857142
1198;2343;1,000000000000000000000
1216;287;0,800000000000000000000
1216;2073;0,200000000000000000000
1225;854;0,500000000000000000000
1225;1458;0,500000000000000000000
1227;4225;1,000000000000000000000
1231;3141;0,666666666666666666666
1231;6514;0,083333333333333333333
1231;27763;0,250000000000000000000
1234;763;0,166666666666666666666
1234;992;0,083333333333333333333
1234;1235;0,083333333333333333333
1234;1236;0,083333333333333333333
1234;1237;0,166666666666666666666
1234;1277;0,083333333333333333333
1234;1967;0,083333333333333333333
1234;9442;0,166666666666666666666
1234;10020;0,083333333333333333333
1235;3393;1,000000000000000000000
1236;1109;0,500000000000000000000
1236;1235;0,500000000000000000000
1237;763;1,000000000000000000000
1243;1322;1,000000000000000000000
1246;2897;0,333333333333333333333
1246;3222;0,333333333333333333333
1246;12387;0,333333333333333333333
1248;3515;1,000000000000000000000
1250;688;1,000000000000000000000
1261;649;0,500000000000000000000
1261;1829;0,250000000000000000000
1261;4552;0,250000000000000000000
1277;3802;1,000000000000000000000
1278;135;0,142857142857142857142
1278;183;0,142857142857142857142
1278;281;0,142857142857142857142
1278;1902;0,142857142857142857142
1278;2111;0,142857142857142857142
1278;2684;0,142857142857142857142
1278;3219;0,142857142857142857142
1282;8580;1,000000000000000000000
1286;242;1,000000000000000000000
1288;246;0,017857142857142857142
1288;271;0,017857142857142857142
1288;288;0,017857142857142857142
1288;290;0,017857142857142857142
1288;294;0,017857142857142857142
1288;317;0,017857142857142857142
1288;545;0,017857142857142857142
1288;667;0,035714285714285714285
1288;1030;0,017857142857142857142
1288;1197;0,017857142857142857142
1288;1198;0,017857142857142857142
1288;1696;0,017857142857142857142
1288;1824;0,017857142857142857142
1288;1901;0,017857142857142857142
1288;1933;0,017857142857142857142
1288;1951;0,017857142857142857142
1288;2322;0,017857142857142857142
1288;2323;0,017857142857142857142
1288;2337;0,017857142857142857142
1288;2343;0,017857142857142857142
1288;2371;0,017857142857142857142
1288;2372;0,017857142857142857142
1288;2522;0,017857142857142857142
1288;2678;0,017857142857142857142
1288;3360;0,017857142857142857142
1288;3731;0,017857142857142857142
1288;3844;0,017857142857142857142
1288;3978;0,017857142857142857142
1288;4657;0,017857142857142857142
1288;4728;0,017857142857142857142
1288;4794;0,017857142857142857142
1288;5915;0,017857142857142857142
1288;8348;0,017857142857142857142
1288;8635;0,017857142857142857142
1288;9376;0,017857142857142857142
1288;9462;0,017857142857142857142
1288;9992;0,017857142857142857142
1288;10860;0,017857142857142857142
1288;11014;0,017857142857142857142
1288;11458;0,017857142857142857142
1288;12385;0,017857142857142857142
1288;14652;0,017857142857142857142
1288;15867;0,017857142857142857142
1288;17677;0,017857142857142857142
1288;17773;0,017857142857142857142
1288;17789;0,017857142857142857142
1288;23561;0,017857142857142857142
1288;23562;0,017857142857142857142
1288;23563;0,017857142857142857142
1288;26101;0,017857142857142857142
1288;27527;0,017857142857142857142
1288;27531;0,017857142857142857142
1288;27535;0,017857142857142857142
1288;27537;0,017857142857142857142
1288;27539;0,017857142857142857142
1293;3551;0,500000000000000000000
1293;189452;0,500000000000000000000
1303;2195;1,000000000000000000000
1307;3235;1,000000000000000000000
1319;550;1,000000000000000000000
1321;1064;0,500000000000000000000
1321;1563;0,500000000000000000000
1322;315;0,333333333333333333333
1322;863;0,333333333333333333333
1322;6773;0,333333333333333333333
1327;1333;1,000000000000000000000
1331;1337;1,000000000000000000000
1335;17047;1,000000000000000000000
1340;351;0,285714285714285714285
1340;3176;0,285714285714285714285
1340;17276;0,142857142857142857142
1340;184987;0,285714285714285714285
1342;1898;1,000000000000000000000
1344;322;0,333333333333333333333
1344;2182;0,333333333333333333333
1344;4931;0,333333333333333333333
1364;96;1,000000000000000000000
1370;332;0,428571428571428571428
1370;452;0,142857142857142857142
1370;531;0,142857142857142857142
1370;819;0,142857142857142857142
1370;1130;0,142857142857142857142
1397;275;0,500000000000000000000
1397;826;0,500000000000000000000
1406;74;1,000000000000000000000
1419;8623;1,000000000000000000000
1429;10338;1,000000000000000000000
1432;27674;1,000000000000000000000
1434;288;0,058823529411764705882
1434;568;0,058823529411764705882
1434;1082;0,058823529411764705882
1434;1083;0,058823529411764705882
1434;2778;0,058823529411764705882
1434;3212;0,058823529411764705882
1434;3968;0,058823529411764705882
1434;5037;0,058823529411764705882
1434;6461;0,058823529411764705882
1434;6991;0,058823529411764705882
1434;6992;0,058823529411764705882
1434;7701;0,058823529411764705882
1434;9376;0,058823529411764705882
1434;11656;0,058823529411764705882
1434;13642;0,058823529411764705882
1434;17677;0,058823529411764705882
1434;17678;0,058823529411764705882
1437;744;0,071428571428571428571
1437;845;0,071428571428571428571
1437;846;0,428571428571428571428
1437;27066;0,071428571428571428571
1437;192866;0,357142857142857142857
1443;622;0,100000000000000000000
1443;2146;0,200000000000000000000
1443;2147;0,500000000000000000000
1443;5691;0,200000000000000000000
1445;1632;1,000000000000000000000
1454;2512;0,800000000000000000000
1454;19176;0,200000000000000000000
1457;15895;1,000000000000000000000
1458;1225;0,333333333333333333333
1458;1459;0,333333333333333333333
1458;20984;0,333333333333333333333
1462;73;0,066666666666666666666
1462;320;0,066666666666666666666
1462;435;0,066666666666666666666
1462;658;0,066666666666666666666
1462;1068;0,066666666666666666666
1462;1079;0,066666666666666666666
1462;1089;0,066666666666666666666
1462;2021;0,066666666666666666666
1462;2310;0,066666666666666666666
1462;2792;0,066666666666666666666
1462;4744;0,066666666666666666666
1462;4931;0,066666666666666666666
1462;7694;0,066666666666666666666
1462;7983;0,066666666666666666666
1462;20853;0,066666666666666666666
1464;1162;0,200000000000000000000
1464;1637;0,800000000000000000000
1471;1192;1,000000000000000000000
1473;528;0,400000000000000000000
1473;1122;0,400000000000000000000
1473;2027;0,200000000000000000000
1483;3648;1,000000000000000000000
1500;1096;1,000000000000000000000
1503;275;0,500000000000000000000
1503;826;0,500000000000000000000
1504;5591;1,000000000000000000000
1510;3800;1,000000000000000000000
1516;4876;0,333333333333333333333
1516;12768;0,666666666666666666666
1527;4497;1,000000000000000000000
1545;1967;1,000000000000000000000
1554;521;0,250000000000000000000
1554;2374;0,750000000000000000000
1556;1180;0,500000000000000000000
1556;3905;0,500000000000000000000
1565;812;0,090909090909090909090
1565;1036;0,090909090909090909090
1565;1562;0,181818181818181818181
1565;1887;0,090909090909090909090
1565;2470;0,090909090909090909090
1565;2890;0,272727272727272727272
1565;3395;0,181818181818181818181
1589;738;0,666666666666666666666
1589;3256;0,333333333333333333333
1596;1824;0,250000000000000000000
1596;2998;0,250000000000000000000
1596;10338;0,250000000000000000000
1596;65193;0,250000000000000000000
1598;1476;1,000000000000000000000
1612;4437;1,000000000000000000000
1616;983;1,000000000000000000000
1629;1763;1,000000000000000000000
1632;1445;1,000000000000000000000
1637;1085;0,083333333333333333333
1637;1464;0,250000000000000000000
1637;2712;0,083333333333333333333
1637;7259;0,166666666666666666666
1637;14151;0,333333333333333333333
1637;14826;0,083333333333333333333
1644;695;1,000000000000000000000
1650;1182;1,000000000000000000000
1657;59841;1,000000000000000000000
1667;1066;0,400000000000000000000
1667;5219;0,200000000000000000000
1667;7747;0,200000000000000000000
1667;169356;0,200000000000000000000
1681;1066;0,500000000000000000000
1681;2512;0,333333333333333333333
1681;2786;0,166666666666666666666
1694;3427;1,000000000000000000000
1696;277;0,500000000000000000000
1696;1724;0,500000000000000000000
1700;1608;1,000000000000000000000
1708;492;1,000000000000000000000
1754;39;0,037037037037037037037
1754;54;0,037037037037037037037
1754;65;0,037037037037037037037
1754;472;0,037037037037037037037
1754;837;0,037037037037037037037
1754;1169;0,074074074074074074074
1754;1276;0,037037037037037037037
1754;1286;0,037037037037037037037
1754;1663;0,037037037037037037037
1754;1708;0,037037037037037037037
1754;1762;0,074074074074074074074
1754;1940;0,037037037037037037037
1754;1948;0,037037037037037037037
1754;2021;0,074074074074074074074
1754;2844;0,037037037037037037037
1754;4613;0,074074074074074074074
1754;7215;0,111111111111111111111
1754;7630;0,037037037037037037037
1754;28820;0,037037037037037037037
1754;59745;0,037037037037037037037
1754;312002;0,037037037037037037037
1762;1754;1,000000000000000000000
1763;1629;1,000000000000000000000
1769;380;1,000000000000000000000
1785;2080;1,000000000000000000000
1814;698;1,000000000000000000000
1831;113;0,333333333333333333333
1831;1164;0,666666666666666666666
1839;5679;1,000000000000000000000
1853;37814;1,000000000000000000000
1854;1082;1,000000000000000000000
1866;521;1,000000000000000000000
1877;609;0,500000000000000000000
1877;2576;0,500000000000000000000
1889;678;0,466666666666666666666
1889;698;0,066666666666666666666
1889;2661;0,333333333333333333333
1889;2713;0,133333333333333333333
1897;39;0,333333333333333333333
1897;528;0,333333333333333333333
1897;877;0,333333333333333333333
1902;2;0,200000000000000000000
1902;1278;0,200000000000000000000
1902;5909;0,600000000000000000000
1910;2367;1,000000000000000000000
1948;309;0,600000000000000000000
1948;3141;0,400000000000000000000
1949;23;0,200000000000000000000
1949;71;0,200000000000000000000
1949;3096;0,200000000000000000000
1949;3891;0,200000000000000000000
1949;38738;0,200000000000000000000
1956;2198;0,500000000000000000000
1956;4268;0,500000000000000000000
1967;1316;0,125000000000000000000
1967;1545;0,125000000000000000000
1967;1724;0,125000000000000000000
1967;1768;0,125000000000000000000
1967;4020;0,125000000000000000000
1967;6723;0,250000000000000000000
1967;12816;0,125000000000000000000
1974;43844;1,000000000000000000000
1985;1157;0,250000000000000000000
1985;3774;0,500000000000000000000
1985;8164;0,250000000000000000000
1988;237;0,400000000000000000000
1988;249;0,200000000000000000000
1988;1156;0,200000000000000000000
1988;42210;0,200000000000000000000
1991;3985;1,000000000000000000000
1996;529;0,500000000000000000000
1996;12816;0,500000000000000000000
1997;4483;1,000000000000000000000
2015;1719;1,000000000000000000000
2017;1109;0,400000000000000000000
2017;8623;0,400000000000000000000
2017;27763;0,200000000000000000000
2021;551;0,428571428571428571428
2021;2115;0,142857142857142857142
2021;5657;0,285714285714285714285
2021;13799;0,142857142857142857142
2027;8623;1,000000000000000000000
2039;2046;0,500000000000000000000
2039;2054;0,500000000000000000000
2046;206;0,500000000000000000000
2046;2039;0,250000000000000000000
2046;5564;0,250000000000000000000
2059;25849;1,000000000000000000000
2064;2017;0,500000000000000000000
2064;8623;0,500000000000000000000
2078;7;1,000000000000000000000
2086;423;1,000000000000000000000
2099;2445;1,000000000000000000000
2111;1278;1,000000000000000000000
2112;2509;0,400000000000000000000
2112;4219;0,600000000000000000000
2127;397;0,250000000000000000000
2127;904;0,250000000000000000000
2127;3223;0,250000000000000000000
2127;12333;0,250000000000000000000
2130;453;1,000000000000000000000
2139;250;0,500000000000000000000
2139;2962;0,500000000000000000000
2147;1443;1,000000000000000000000
2164;1111;0,500000000000000000000
2164;2428;0,500000000000000000000
2188;17148;1,000000000000000000000
2195;934;0,111111111111111111111
2195;1303;0,222222222222222222222
2195;4414;0,222222222222222222222
2195;11232;0,111111111111111111111
2195;11427;0,333333333333333333333
2203;632;0,111111111111111111111
2203;1117;0,111111111111111111111
2203;1182;0,333333333333333333333
2203;2972;0,111111111111111111111
2203;3395;0,222222222222222222222
2203;8253;0,111111111111111111111
2204;833;0,166666666666666666666
2204;3188;0,833333333333333333333
2210;201;0,051282051282051282051
2210;360;0,051282051282051282051
2210;844;0,076923076923076923076
2210;1501;0,051282051282051282051
2210;1719;0,051282051282051282051
2210;2015;0,051282051282051282051
2210;2884;0,051282051282051282051
2210;3508;0,051282051282051282051
2210;3532;0,051282051282051282051
2210;3678;0,051282051282051282051
2210;3891;0,051282051282051282051
2210;4486;0,051282051282051282051
2210;9338;0,051282051282051282051
2210;10613;0,051282051282051282051
2210;13158;0,051282051282051282051
2210;13178;0,051282051282051282051
2210;14683;0,051282051282051282051
2210;22704;0,051282051282051282051
2210;23953;0,051282051282051282051
2215;2214;1,000000000000000000000
2227;3978;0,250000000000000000000
2227;4372;0,250000000000000000000
2227;13452;0,500000000000000000000
2237;23720;1,000000000000000000000
2239;1991;0,500000000000000000000
2239;3044;0,500000000000000000000
2249;2326;1,000000000000000000000
2254;4386;1,000000000000000000000
2269;237;0,840000000000000000000
2269;995;0,080000000000000000000
2269;2742;0,080000000000000000000
2275;8205;0,500000000000000000000
2275;8820;0,250000000000000000000
2275;251238;0,250000000000000000000
2287;1041;0,250000000000000000000
2287;4058;0,125000000000000000000
2287;25205;0,250000000000000000000
2287;25229;0,125000000000000000000
2287;48255;0,250000000000000000000
2293;96;0,400000000000000000000
2293;5628;0,400000000000000000000
2293;11690;0,200000000000000000000
2310;320;0,333333333333333333333
2310;485;0,333333333333333333333
2310;648;0,166666666666666666666
2310;1462;0,166666666666666666666
2326;3143;1,000000000000000000000
2330;3393;0,500000000000000000000
2330;9419;0,500000000000000000000
2343;1197;0,142857142857142857142
2343;1198;0,285714285714285714285
2343;2323;0,571428571428571428571
2350;138;1,000000000000000000000
2352;3815;1,000000000000000000000
2355;3098;0,111111111111111111111
2355;3123;0,111111111111111111111
2355;3399;0,444444444444444444444
2355;3996;0,222222222222222222222
2355;16815;0,111111111111111111111
2364;5679;0,500000000000000000000
2364;125861;0,500000000000000000000
2374;240;0,111111111111111111111
2374;793;0,111111111111111111111
2374;1290;0,111111111111111111111
2374;1554;0,555555555555555555555
2374;1845;0,111111111111111111111
2379;3234;1,000000000000000000000
2383;266;1,000000000000000000000
2385;2543;1,000000000000000000000
2418;9436;1,000000000000000000000
2421;1042;1,000000000000000000000
2422;28858;1,000000000000000000000
2434;242;0,200000000000000000000
2434;621;0,400000000000000000000
2434;1671;0,400000000000000000000
2442;826;0,500000000000000000000
2442;191508;0,500000000000000000000
2445;3802;1,000000000000000000000
2448;151;1,000000000000000000000
2467;3176;0,250000000000000000000
2467;17278;0,625000000000000000000
2467;184987;0,125000000000000000000
2474;248;0,571428571428571428571
2474;10018;0,428571428571428571428
2479;2657;0,333333333333333333333
2479;4697;0,666666666666666666666
2489;669;0,500000000000000000000
2489;8909;0,500000000000000000000
2492;77;0,500000000000000000000
2492;4755;0,500000000000000000000
2500;779;1,000000000000000000000
2509;2112;1,000000000000000000000
2515;96;0,666666666666666666666
2515;285;0,266666666666666666666
2515;1988;0,066666666666666666666
2516;80;0,285714285714285714285
2516;219;0,214285714285714285714
2516;876;0,285714285714285714285
2516;1129;0,071428571428571428571
2516;1248;0,071428571428571428571
2516;1893;0,071428571428571428571
2518;80;0,200000000000000000000
2518;219;0,400000000000000000000
2518;324;0,200000000000000000000
2518;2516;0,200000000000000000000
2543;1545;0,333333333333333333333
2543;2385;0,333333333333333333333
2543;2778;0,333333333333333333333
2554;9352;0,500000000000000000000
2554;24113;0,500000000000000000000
2569;4206;1,000000000000000000000
2576;38;1,000000000000000000000
2578;2704;1,000000000000000000000
2586;242;0,500000000000000000000
2586;594;0,500000000000000000000
2591;983;0,125000000000000000000
2591;1085;0,125000000000000000000
2591;2176;0,125000000000000000000
2591;2559;0,125000000000000000000
2591;3096;0,125000000000000000000
2591;3610;0,125000000000000000000
2591;3859;0,125000000000000000000
2591;12936;0,125000000000000000000
2596;527;1,000000000000000000000
2607;1763;0,500000000000000000000
2607;43844;0,500000000000000000000
2639;39;1,000000000000000000000
2647;484;1,000000000000000000000
2652;28397;1,000000000000000000000
2661;678;0,230769230769230769230
2661;695;0,076923076923076923076
2661;768;0,076923076923076923076
2661;1889;0,153846153846153846153
2661;7160;0,230769230769230769230
2661;7907;0,076923076923076923076
2661;15586;0,153846153846153846153
2678;545;0,250000000000000000000
2678;891;0,250000000000000000000
2678;3978;0,250000000000000000000
2678;8348;0,250000000000000000000
2683;1690;1,000000000000000000000
2684;135;0,117647058823529411764
2684;678;0,058823529411764705882
2684;992;0,470588235294117647058
2684;1278;0,117647058823529411764
2684;115105;0,235294117647058823529
2697;4147;0,500000000000000000000
2697;59841;0,500000000000000000000
2706;3045;1,000000000000000000000
2712;1637;1,000000000000000000000
2713;267;0,250000000000000000000
2713;1889;0,250000000000000000000
2713;6347;0,500000000000000000000
2745;4430;1,000000000000000000000
2778;1877;0,500000000000000000000
2778;3705;0,500000000000000000000
2779;2780;1,000000000000000000000
2780;4979;1,000000000000000000000
2786;965;0,333333333333333333333
2786;1681;0,666666666666666666666
2792;763;0,500000000000000000000
2792;1462;0,500000000000000000000
2800;3891;1,000000000000000000000
2803;16;0,007075471698113207547
2803;57;0,007075471698113207547
2803;71;0,007075471698113207547
2803;82;0,007075471698113207547
2803;89;0,007075471698113207547
2803;129;0,007075471698113207547
2803;234;0,007075471698113207547
2803;309;0,007075471698113207547
2803;369;0,007075471698113207547
2803;644;0,007075471698113207547
2803;645;0,007075471698113207547
2803;827;0,007075471698113207547
2803;835;0,007075471698113207547
2803;890;0,007075471698113207547
2803;1022;0,007075471698113207547
2803;1040;0,007075471698113207547
2803;1143;0,007075471698113207547
2803;1152;0,007075471698113207547
2803;1231;0,007075471698113207547
2803;1276;0,007075471698113207547
2803;1612;0,007075471698113207547
2803;1657;0,007075471698113207547
2803;1948;0,007075471698113207547
2803;2109;0,007075471698113207547
2803;2355;0,007075471698113207547
2803;2414;0,007075471698113207547
2803;2479;0,007075471698113207547
2803;2487;0,007075471698113207547
2803;2736;0,007075471698113207547
2803;2802;0,007075471698113207547
2803;3098;0,007075471698113207547
2803;3123;0,007075471698113207547
2803;3128;0,007075471698113207547
2803;3141;0,007075471698113207547
2803;3145;0,007075471698113207547
2803;3237;0,007075471698113207547
2803;3399;0,268867924528301886792
2803;3574;0,007075471698113207547
2803;3852;0,007075471698113207547
2803;3953;0,007075471698113207547
2803;3996;0,007075471698113207547
2803;4024;0,007075471698113207547
2803;4159;0,007075471698113207547
2803;4160;0,007075471698113207547
2803;4306;0,007075471698113207547
2803;4501;0,007075471698113207547
2803;4695;0,007075471698113207547
2803;4852;0,028301886792452830188
2803;4853;0,007075471698113207547
2803;5136;0,007075471698113207547
2803;5306;0,007075471698113207547
2803;5338;0,007075471698113207547
2803;5607;0,007075471698113207547
2803;6045;0,007075471698113207547
2803;6396;0,042452830188679245283
2803;6495;0,007075471698113207547
2803;6496;0,007075471698113207547
2803;6497;0,007075471698113207547
2803;6498;0,101415094339622641509
2803;6499;0,007075471698113207547
2803;6501;0,007075471698113207547
2803;6502;0,007075471698113207547
2803;6503;0,007075471698113207547
2803;6504;0,007075471698113207547
2803;6505;0,007075471698113207547
2803;6506;0,007075471698113207547
2803;6509;0,007075471698113207547
2803;6511;0,007075471698113207547
2803;6512;0,007075471698113207547
2803;6513;0,007075471698113207547
2803;6514;0,007075471698113207547
2803;6515;0,007075471698113207547
2803;6517;0,007075471698113207547
2803;6518;0,007075471698113207547
2803;6520;0,007075471698113207547
2803;6522;0,007075471698113207547
2803;6523;0,007075471698113207547
2803;6524;0,007075471698113207547
2803;6527;0,007075471698113207547
2803;7686;0,007075471698113207547
2803;8238;0,007075471698113207547
2803;88154;0,007075471698113207547
2803;140271;0,007075471698113207547
2822;8017;1,000000000000000000000
2823;3141;1,000000000000000000000
2826;8044;1,000000000000000000000
2832;127;1,000000000000000000000
2834;468;0,250000000000000000000
2834;845;0,125000000000000000000
2834;2863;0,125000000000000000000
2834;7080;0,250000000000000000000
2834;14376;0,250000000000000000000
2850;1585;0,666666666666666666666
2850;3911;0,333333333333333333333
2865;5054;0,500000000000000000000
2865;255740;0,500000000000000000000
2877;8566;1,000000000000000000000
2882;109;0,500000000000000000000
2882;658;0,500000000000000000000
2893;14184;1,000000000000000000000
2897;1246;1,000000000000000000000
2962;248;0,333333333333333333333
2962;2009;0,333333333333333333333
2962;2139;0,333333333333333333333
2972;125861;1,000000000000000000000
2991;708;0,666666666666666666666
2991;1868;0,333333333333333333333
2998;1596;1,000000000000000000000
3007;600;0,250000000000000000000
3007;2246;0,750000000000000000000
3029;3557;1,000000000000000000000
3044;2239;1,000000000000000000000
3045;861;1,000000000000000000000
3091;3850;1,000000000000000000000
3098;835;1,000000000000000000000
3105;485;1,000000000000000000000
3122;296;0,500000000000000000000
3122;8229;0,500000000000000000000
3141;1231;0,333333333333333333333
3141;1948;0,142857142857142857142
3141;2355;0,047619047619047619047
3141;2487;0,047619047619047619047
3141;2736;0,047619047619047619047
3141;2823;0,047619047619047619047
3141;3123;0,047619047619047619047
3141;3268;0,047619047619047619047
3141;6503;0,047619047619047619047
3141;16786;0,047619047619047619047
3141;57838;0,142857142857142857142
3143;990;1,000000000000000000000
3145;2736;1,000000000000000000000
3169;35;1,000000000000000000000
3176;135;0,250000000000000000000
3176;882;0,250000000000000000000
3176;2467;0,250000000000000000000
3176;17278;0,250000000000000000000
3188;2204;1,000000000000000000000
3204;3205;1,000000000000000000000
3205;3204;1,000000000000000000000
3209;525;1,000000000000000000000
3222;1092;1,000000000000000000000
3230;132;0,700000000000000000000
3230;4244;0,300000000000000000000
3235;727;1,000000000000000000000
3250;400;0,666666666666666666666
3250;3347;0,333333333333333333333
3268;658;0,666666666666666666666
3268;3141;0,333333333333333333333
3292;180;1,000000000000000000000
3296;5564;1,000000000000000000000
3306;405;0,500000000000000000000
3306;1606;0,500000000000000000000
3315;1561;1,000000000000000000000
3318;275;0,166666666666666666666
3318;502;0,166666666666666666666
3318;826;0,166666666666666666666
3318;829;0,333333333333333333333
3318;3417;0,166666666666666666666
3325;71;1,000000000000000000000
3360;2678;1,000000000000000000000
3383;196;1,000000000000000000000
3390;1180;0,571428571428571428571
3390;1556;0,142857142857142857142
3390;3905;0,142857142857142857142
3390;13396;0,142857142857142857142
3394;4428;0,500000000000000000000
3394;184646;0,500000000000000000000
3395;517;0,222222222222222222222
3395;632;0,111111111111111111111
3395;1117;0,111111111111111111111
3395;1946;0,111111111111111111111
3395;2203;0,111111111111111111111
3395;4989;0,111111111111111111111
3395;8253;0,111111111111111111111
3395;116140;0,111111111111111111111
3418;9261;1,000000000000000000000
3429;101;0,058823529411764705882
3429;279;0,058823529411764705882
3429;284;0,058823529411764705882
3429;678;0,235294117647058823529
3429;2655;0,058823529411764705882
3429;2706;0,058823529411764705882
3429;3045;0,058823529411764705882
3429;4299;0,117647058823529411764
3429;4613;0,117647058823529411764
3429;7116;0,058823529411764705882
3429;8095;0,117647058823529411764
3433;1462;1,000000000000000000000
3436;194;1,000000000000000000000
3443;80;0,375000000000000000000
3443;502;0,125000000000000000000
3443;876;0,250000000000000000000
3443;1131;0,125000000000000000000
3443;3515;0,125000000000000000000
3450;3359;0,500000000000000000000
3450;140271;0,500000000000000000000
3500;10020;1,000000000000000000000
3515;80;0,242424242424242424242
3515;502;0,212121212121212121212
3515;876;0,060606060606060606060
3515;933;0,030303030303030303030
3515;1131;0,212121212121212121212
3515;1248;0,151515151515151515151
3515;3443;0,060606060606060606060
3515;4382;0,030303030303030303030
3523;194;0,100000000000000000000
3523;529;0,100000000000000000000
3523;695;0,200000000000000000000
3523;983;0,200000000000000000000
3523;2547;0,100000000000000000000
3523;78108;0,300000000000000000000
3551;37;0,111111111111111111111
3551;216;0,222222222222222222222
3551;1010;0,111111111111111111111
3551;2350;0,111111111111111111111
3551;3809;0,111111111111111111111
3551;4001;0,111111111111111111111
3551;5635;0,111111111111111111111
3551;14050;0,111111111111111111111
3564;3395;1,000000000000000000000
3575;2;0,004464285714285714285
3575;510;0,004464285714285714285
3575;546;0,004464285714285714285
3575;740;0,004464285714285714285
3575;1145;0,004464285714285714285
3575;1175;0,004464285714285714285
3575;1267;0,004464285714285714285
3575;1352;0,004464285714285714285
3575;1408;0,004464285714285714285
3575;1524;0,004464285714285714285
3575;1569;0,004464285714285714285
3575;1902;0,004464285714285714285
3575;1903;0,004464285714285714285
3575;1913;0,004464285714285714285
3575;3100;0,004464285714285714285
3575;3153;0,004464285714285714285
3575;3463;0,004464285714285714285
3575;3975;0,004464285714285714285
3575;3976;0,004464285714285714285
3575;4058;0,004464285714285714285
3575;4305;0,004464285714285714285
3575;4583;0,004464285714285714285
3575;4803;0,004464285714285714285
3575;4942;0,004464285714285714285
3575;5349;0,004464285714285714285
3575;5354;0,004464285714285714285
3575;5386;0,004464285714285714285
3575;5511;0,004464285714285714285
3575;5610;0,004464285714285714285
3575;5660;0,004464285714285714285
3575;5851;0,004464285714285714285
3575;5909;0,004464285714285714285
3575;5960;0,004464285714285714285
3575;6622;0,004464285714285714285
3575;7260;0,004464285714285714285
3575;7630;0,004464285714285714285
3575;8056;0,004464285714285714285
3575;8715;0,004464285714285714285
3575;8762;0,004464285714285714285
3575;8829;0,004464285714285714285
3575;8834;0,004464285714285714285
3575;8838;0,004464285714285714285
3575;8840;0,004464285714285714285
3575;8849;0,004464285714285714285
3575;8859;0,004464285714285714285
3575;8860;0,004464285714285714285
3575;8861;0,004464285714285714285
3575;9015;0,004464285714285714285
3575;9350;0,004464285714285714285
3575;9665;0,004464285714285714285
3575;9898;0,004464285714285714285
3575;10719;0,004464285714285714285
3575;10941;0,004464285714285714285
3575;11675;0,004464285714285714285
3575;12165;0,004464285714285714285
3575;12579;0,004464285714285714285
3575;12698;0,004464285714285714285
3575;12805;0,004464285714285714285
3575;13074;0,004464285714285714285
3575;13239;0,004464285714285714285
3575;13472;0,004464285714285714285
3575;13502;0,004464285714285714285
3575;13579;0,004464285714285714285
3575;13580;0,004464285714285714285
3575;13582;0,004464285714285714285
3575;13584;0,004464285714285714285
3575;13644;0,004464285714285714285
3575;13809;0,004464285714285714285
3575;14048;0,004464285714285714285
3575;14072;0,004464285714285714285
3575;14184;0,004464285714285714285
3575;14266;0,004464285714285714285
3575;14827;0,004464285714285714285
3575;16815;0,004464285714285714285
3575;16873;0,004464285714285714285
3575;16880;0,004464285714285714285
3575;17352;0,004464285714285714285
3575;18398;0,008928571428571428571
3575;19328;0,004464285714285714285
3575;19332;0,004464285714285714285
3575;19582;0,004464285714285714285
3575;19707;0,004464285714285714285
3575;20403;0,004464285714285714285
3575;20476;0,004464285714285714285
3575;20668;0,004464285714285714285
3575;21206;0,004464285714285714285
3575;21507;0,004464285714285714285
3575;22690;0,004464285714285714285
3575;23228;0,004464285714285714285
3575;23759;0,004464285714285714285
3575;25653;0,004464285714285714285
3575;26149;0,004464285714285714285
3575;26479;0,004464285714285714285
3575;27170;0,004464285714285714285
3575;27239;0,004464285714285714285
3575;27480;0,004464285714285714285
3575;27640;0,004464285714285714285
3575;27671;0,004464285714285714285
3575;27699;0,004464285714285714285
3575;27807;0,004464285714285714285
3575;27811;0,004464285714285714285
3575;27812;0,004464285714285714285
3575;27813;0,004464285714285714285
3575;27814;0,004464285714285714285
3575;27815;0,004464285714285714285
3575;27819;0,004464285714285714285
3575;27821;0,004464285714285714285
3575;27822;0,004464285714285714285
3575;27823;0,004464285714285714285
3575;27824;0,004464285714285714285
3575;27825;0,004464285714285714285
3575;27826;0,004464285714285714285
3575;27830;0,004464285714285714285
3575;27831;0,004464285714285714285
3575;27832;0,004464285714285714285
3575;27836;0,004464285714285714285
3575;27839;0,004464285714285714285
3575;27927;0,004464285714285714285
3575;27929;0,004464285714285714285
3575;27930;0,004464285714285714285
3575;27931;0,004464285714285714285
3575;27932;0,004464285714285714285
3575;27935;0,004464285714285714285
3575;27936;0,004464285714285714285
3575;27937;0,004464285714285714285
3575;27944;0,004464285714285714285
3575;27945;0,004464285714285714285
3575;27946;0,004464285714285714285
3575;27947;0,004464285714285714285
3575;27948;0,004464285714285714285
3575;27949;0,004464285714285714285
3575;27950;0,004464285714285714285
3575;27951;0,004464285714285714285
3575;27952;0,004464285714285714285
3575;27953;0,004464285714285714285
3575;27955;0,004464285714285714285
3575;27957;0,004464285714285714285
3575;27958;0,004464285714285714285
3575;27959;0,004464285714285714285
3575;27960;0,004464285714285714285
3575;27962;0,004464285714285714285
3575;27963;0,004464285714285714285
3575;27965;0,004464285714285714285
3575;27966;0,004464285714285714285
3575;27967;0,004464285714285714285
3575;27968;0,004464285714285714285
3575;27971;0,004464285714285714285
3575;27973;0,004464285714285714285
3575;27974;0,004464285714285714285
3575;27975;0,004464285714285714285
3575;27976;0,004464285714285714285
3575;27977;0,004464285714285714285
3575;27978;0,004464285714285714285
3575;27979;0,004464285714285714285
3575;27981;0,004464285714285714285
3575;27982;0,004464285714285714285
3575;27983;0,004464285714285714285
3575;27984;0,004464285714285714285
3575;27986;0,004464285714285714285
3575;27987;0,004464285714285714285
3575;27988;0,004464285714285714285
3575;27989;0,004464285714285714285
3575;27990;0,004464285714285714285
3575;27993;0,004464285714285714285
3575;27995;0,004464285714285714285
3575;27997;0,004464285714285714285
3575;27998;0,004464285714285714285
3575;27999;0,004464285714285714285
3575;28002;0,004464285714285714285
3575;28003;0,004464285714285714285
3575;28004;0,004464285714285714285
3575;28005;0,004464285714285714285
3575;28009;0,004464285714285714285
3575;28010;0,004464285714285714285
3575;28011;0,004464285714285714285
3575;28012;0,004464285714285714285
3575;28013;0,004464285714285714285
3575;28014;0,004464285714285714285
3575;28017;0,004464285714285714285
3575;28018;0,004464285714285714285
3575;28019;0,004464285714285714285
3575;28021;0,004464285714285714285
3575;28022;0,004464285714285714285
3575;28023;0,004464285714285714285
3575;28026;0,004464285714285714285
3575;28027;0,004464285714285714285
3575;28028;0,004464285714285714285
3575;28029;0,004464285714285714285
3575;28030;0,004464285714285714285
3575;28031;0,004464285714285714285
3575;28032;0,004464285714285714285
3575;28033;0,004464285714285714285
3575;28036;0,004464285714285714285
3575;28037;0,004464285714285714285
3575;28038;0,004464285714285714285
3575;28039;0,004464285714285714285
3575;28040;0,004464285714285714285
3575;28043;0,004464285714285714285
3575;28048;0,004464285714285714285
3575;28049;0,004464285714285714285
3575;28050;0,004464285714285714285
3575;28051;0,004464285714285714285
3575;28073;0,004464285714285714285
3575;28074;0,004464285714285714285
3575;28075;0,004464285714285714285
3575;28076;0,004464285714285714285
3575;28077;0,004464285714285714285
3575;28078;0,004464285714285714285
3575;28079;0,004464285714285714285
3575;28081;0,004464285714285714285
3575;28157;0,004464285714285714285
3575;28742;0,004464285714285714285
3575;28859;0,004464285714285714285
3575;28860;0,004464285714285714285
3575;28886;0,004464285714285714285
3575;28894;0,004464285714285714285
3575;28922;0,004464285714285714285
3575;28931;0,004464285714285714285
3575;28932;0,004464285714285714285
3575;28934;0,004464285714285714285
3575;28936;0,004464285714285714285
3575;28940;0,004464285714285714285
3575;103474;0,004464285714285714285
3587;521;0,333333333333333333333
3587;643;0,333333333333333333333
3587;8156;0,333333333333333333333
3591;5564;1,000000000000000000000
3618;2679;1,000000000000000000000
3619;71;1,000000000000000000000
3625;80;0,900000000000000000000
3625;219;0,100000000000000000000
3648;1483;1,000000000000000000000
3665;5484;1,000000000000000000000
3738;643;0,200000000000000000000
3738;1314;0,200000000000000000000
3738;1315;0,200000000000000000000
3738;3563;0,400000000000000000000
3800;521;0,333333333333333333333
3800;1510;0,666666666666666666666
3802;2445;1,000000000000000000000
3809;2001;1,000000000000000000000
3842;5392;0,250000000000000000000
3842;12441;0,750000000000000000000
3850;229;0,500000000000000000000
3850;3091;0,500000000000000000000
3877;983;0,500000000000000000000
3877;9158;0,500000000000000000000
3891;844;0,250000000000000000000
3891;1949;0,250000000000000000000
3891;2884;0,250000000000000000000
3891;4268;0,250000000000000000000
3957;7418;1,000000000000000000000
3975;5089;1,000000000000000000000
3986;3176;1,000000000000000000000
3996;2355;0,250000000000000000000
3996;2803;0,250000000000000000000
3996;7686;0,250000000000000000000
3996;48255;0,250000000000000000000
4001;3551;0,500000000000000000000
4001;4877;0,500000000000000000000
4058;2287;0,066666666666666666666
4058;5851;0,066666666666666666666
4058;8056;0,066666666666666666666
4058;8827;0,200000000000000000000
4058;8865;0,133333333333333333333
4058;12698;0,066666666666666666666
4058;13239;0,066666666666666666666
4058;13584;0,066666666666666666666
4058;27170;0,066666666666666666666
4058;27950;0,066666666666666666666
4058;28027;0,066666666666666666666
4058;48255;0,066666666666666666666
4089;4349;1,000000000000000000000
4099;4453;1,000000000000000000000
4117;4592;1,000000000000000000000
4147;2146;0,400000000000000000000
4147;2786;0,400000000000000000000
4147;53012;0,200000000000000000000
4173;80;0,250000000000000000000
4173;332;0,250000000000000000000
4173;668;0,250000000000000000000
4173;1025;0,250000000000000000000
4179;253;1,000000000000000000000
4205;194;1,000000000000000000000
4225;1227;0,400000000000000000000
4225;7741;0,400000000000000000000
4225;34784;0,200000000000000000000
4244;3230;1,000000000000000000000
4257;727;1,000000000000000000000
4262;911;1,000000000000000000000
4268;1949;0,125000000000000000000
4268;1956;0,375000000000000000000
4268;3891;0,125000000000000000000
4268;3975;0,125000000000000000000
4268;6749;0,125000000000000000000
4268;7711;0,125000000000000000000
4280;4281;1,000000000000000000000
4281;4280;0,250000000000000000000
4281;5097;0,250000000000000000000
4281;5679;0,500000000000000000000
4299;3429;0,500000000000000000000
4299;4430;0,100000000000000000000
4299;4440;0,100000000000000000000
4299;8095;0,100000000000000000000
4299;10020;0,200000000000000000000
4307;9686;1,000000000000000000000
4334;3716;0,333333333333333333333
4334;5423;0,666666666666666666666
4359;8489;1,000000000000000000000
4377;1162;1,000000000000000000000
4384;39;1,000000000000000000000
4386;2254;1,000000000000000000000
4421;10740;1,000000000000000000000
4425;4426;1,000000000000000000000
4430;1055;0,333333333333333333333
4430;2001;0,333333333333333333333
4430;3675;0,166666666666666666666
4430;4299;0,166666666666666666666
4435;14733;1,000000000000000000000
4453;937;0,250000000000000000000
4453;1480;0,250000000000000000000
4453;4099;0,500000000000000000000
4458;469;0,500000000000000000000
4458;979;0,500000000000000000000
4483;609;1,000000000000000000000
4512;71;0,500000000000000000000
4512;194;0,250000000000000000000
4512;854;0,250000000000000000000
4518;437;0,666666666666666666666
4518;1563;0,333333333333333333333
4552;41;0,500000000000000000000
4552;1261;0,500000000000000000000
4586;4587;0,500000000000000000000
4586;27613;0,500000000000000000000
4592;4117;1,000000000000000000000
4598;3636;1,000000000000000000000
4627;1723;1,000000000000000000000
4629;3212;1,000000000000000000000
4639;1457;0,250000000000000000000
4639;3499;0,500000000000000000000
4639;3694;0,250000000000000000000
4681;955;1,000000000000000000000
4697;2479;0,200000000000000000000
4697;3418;0,600000000000000000000
4697;8580;0,200000000000000000000
4713;251;0,500000000000000000000
4713;1583;0,500000000000000000000
4719;943;1,000000000000000000000
4755;2027;0,200000000000000000000
4755;2492;0,200000000000000000000
4755;8156;0,600000000000000000000
4772;469;0,333333333333333333333
4772;1598;0,333333333333333333333
4772;4428;0,333333333333333333333
4777;96;0,500000000000000000000
4777;846;0,500000000000000000000
4787;941;0,500000000000000000000
4787;1515;0,500000000000000000000
4825;7111;1,000000000000000000000
4852;8590;1,000000000000000000000
4861;9230;0,800000000000000000000
4861;9231;0,200000000000000000000
4876;4877;1,000000000000000000000
4877;347;0,600000000000000000000
4877;4876;0,400000000000000000000
4901;2280;1,000000000000000000000
4927;96;1,000000000000000000000
4933;4101;1,000000000000000000000
4935;2288;1,000000000000000000000
4976;135;0,500000000000000000000
4976;1077;0,250000000000000000000
4976;1278;0,250000000000000000000
4988;517;1,000000000000000000000
4989;779;1,000000000000000000000
5001;248832;1,000000000000000000000
5029;5383;1,000000000000000000000
5054;2865;1,000000000000000000000
5071;332;1,000000000000000000000
5082;2216;0,500000000000000000000
5082;27173;0,500000000000000000000
5148;332;0,500000000000000000000
5148;541;0,500000000000000000000
5158;2741;1,000000000000000000000
5167;467;1,000000000000000000000
5174;285;0,500000000000000000000
5174;14151;0,500000000000000000000
5214;192;0,333333333333333333333
5214;995;0,666666666666666666666
5219;1101;0,500000000000000000000
5219;9418;0,500000000000000000000
5239;5591;1,000000000000000000000
5289;285;1,000000000000000000000
5309;4538;1,000000000000000000000
5338;71;0,500000000000000000000
5338;293;0,500000000000000000000
5415;3104;1,000000000000000000000
5464;1713;0,500000000000000000000
5464;4293;0,500000000000000000000
5469;1109;1,000000000000000000000
5478;791;1,000000000000000000000
5481;11741;1,000000000000000000000
5519;29061;1,000000000000000000000
5528;306;0,500000000000000000000
5528;543;0,500000000000000000000
5534;30811;1,000000000000000000000
5564;192;0,384615384615384615384
5564;2046;0,076923076923076923076
5564;3296;0,230769230769230769230
5564;3591;0,153846153846153846153
5564;9418;0,076923076923076923076
5564;29061;0,076923076923076923076
5591;5239;0,500000000000000000000
5591;6635;0,500000000000000000000
5603;3204;1,000000000000000000000
5613;23;1,000000000000000000000
5617;617;0,100000000000000000000
5617;13704;0,600000000000000000000
5617;17611;0,300000000000000000000
5626;407;1,000000000000000000000
5628;2293;0,666666666666666666666
5628;3857;0,333333333333333333333
5632;190;0,500000000000000000000
5632;878;0,250000000000000000000
5632;1122;0,250000000000000000000
5635;2484;0,500000000000000000000
5635;3551;0,500000000000000000000
5640;829;1,000000000000000000000
5643;3513;1,000000000000000000000
5651;2491;1,000000000000000000000
5660;2893;0,019230769230769230769
5660;3793;0,019230769230769230769
5660;6192;0,019230769230769230769
5660;7660;0,019230769230769230769
5660;8762;0,019230769230769230769
5660;8826;0,019230769230769230769
5660;8827;0,019230769230769230769
5660;8828;0,019230769230769230769
5660;8830;0,019230769230769230769
5660;8831;0,019230769230769230769
5660;8832;0,019230769230769230769
5660;8833;0,019230769230769230769
5660;8835;0,019230769230769230769
5660;8836;0,019230769230769230769
5660;8837;0,019230769230769230769
5660;8839;0,019230769230769230769
5660;8841;0,019230769230769230769
5660;8842;0,019230769230769230769
5660;8843;0,019230769230769230769
5660;8844;0,019230769230769230769
5660;8845;0,019230769230769230769
5660;8846;0,019230769230769230769
5660;8847;0,019230769230769230769
5660;8848;0,019230769230769230769
5660;8850;0,019230769230769230769
5660;8851;0,019230769230769230769
5660;8852;0,019230769230769230769
5660;8853;0,019230769230769230769
5660;8854;0,019230769230769230769
5660;8855;0,019230769230769230769
5660;8856;0,019230769230769230769
5660;8857;0,019230769230769230769
5660;8858;0,019230769230769230769
5660;8862;0,019230769230769230769
5660;8863;0,019230769230769230769
5660;8864;0,019230769230769230769
5660;8865;0,019230769230769230769
5660;8866;0,019230769230769230769
5660;8867;0,019230769230769230769
5660;8868;0,019230769230769230769
5660;8869;0,038461538461538461538
5660;8870;0,019230769230769230769
5660;8871;0,019230769230769230769
5660;8872;0,019230769230769230769
5660;8873;0,019230769230769230769
5660;8874;0,019230769230769230769
5660;8875;0,019230769230769230769
5660;8876;0,019230769230769230769
5660;8877;0,019230769230769230769
5660;8878;0,019230769230769230769
5660;8879;0,019230769230769230769
5691;1443;0,200000000000000000000
5691;4262;0,200000000000000000000
5691;4271;0,200000000000000000000
5691;7759;0,200000000000000000000
5691;9208;0,200000000000000000000
5700;997;1,000000000000000000000
5753;2506;1,000000000000000000000
5909;1902;1,000000000000000000000
5918;488;1,000000000000000000000
5935;1778;0,500000000000000000000
5935;7578;0,500000000000000000000
5945;20801;1,000000000000000000000
5967;925;1,000000000000000000000
6010;173893;1,000000000000000000000
6045;6514;1,000000000000000000000
6058;8512;1,000000000000000000000
6072;9694;1,000000000000000000000
6169;643;1,000000000000000000000
6236;4145;1,000000000000000000000
6347;2713;1,000000000000000000000
6353;6354;1,000000000000000000000
6413;2607;1,000000000000000000000
6447;669;0,500000000000000000000
6447;6320;0,500000000000000000000
6499;113;0,666666666666666666666
6499;6045;0,333333333333333333333
6503;3141;1,000000000000000000000
6505;71;0,500000000000000000000
6505;1143;0,500000000000000000000
6567;13476;1,000000000000000000000
6622;1902;1,000000000000000000000
6635;5239;0,500000000000000000000
6635;31885;0,500000000000000000000
6694;3304;1,000000000000000000000
6723;1545;0,125000000000000000000
6723;1967;0,250000000000000000000
6723;2091;0,125000000000000000000
6723;6461;0,250000000000000000000
6723;8489;0,125000000000000000000
6723;240182;0,125000000000000000000
6746;4098;1,000000000000000000000
6749;4268;1,000000000000000000000
6773;1322;1,000000000000000000000
6788;306;0,875000000000000000000
6788;1897;0,125000000000000000000
6892;3233;0,250000000000000000000
6892;3299;0,250000000000000000000
6892;9722;0,250000000000000000000
6892;12433;0,250000000000000000000
6929;4991;1,000000000000000000000
6962;65;0,041666666666666666666
6962;71;0,041666666666666666666
6962;138;0,041666666666666666666
6962;194;0,041666666666666666666
6962;240;0,041666666666666666666
6962;452;0,041666666666666666666
6962;529;0,041666666666666666666
6962;749;0,041666666666666666666
6962;826;0,125000000000000000000
6962;1724;0,041666666666666666666
6962;1925;0,041666666666666666666
6962;1941;0,041666666666666666666
6962;2554;0,041666666666666666666
6962;3607;0,041666666666666666666
6962;4533;0,041666666666666666666
6962;6213;0,041666666666666666666
6962;7160;0,041666666666666666666
6962;14907;0,041666666666666666666
6962;15586;0,041666666666666666666
6962;59745;0,083333333333333333333
6962;112062;0,041666666666666666666
6980;251;0,333333333333333333333
6980;1515;0,333333333333333333333
6980;1520;0,333333333333333333333
7030;3372;0,333333333333333333333
7030;13907;0,666666666666666666666
7049;1583;1,000000000000000000000
7111;3105;1,000000000000000000000
7142;85;0,333333333333333333333
7142;254;0,666666666666666666666
7160;2661;1,000000000000000000000
7259;1637;1,000000000000000000000
7322;3607;1,000000000000000000000
7521;568;0,100000000000000000000
7521;3212;0,300000000000000000000
7521;4576;0,200000000000000000000
7521;4629;0,400000000000000000000
7543;152027;1,000000000000000000000
7564;2029;1,000000000000000000000
7578;5935;1,000000000000000000000
7586;151;1,000000000000000000000
7626;975;1,000000000000000000000
7701;1434;1,000000000000000000000
7713;3256;1,000000000000000000000
7738;8648;0,500000000000000000000
7738;12430;0,500000000000000000000
7741;4225;1,000000000000000000000
7747;521;1,000000000000000000000
7748;545;0,142857142857142857142
7748;891;0,285714285714285714285
7748;3189;0,142857142857142857142
7748;3978;0,142857142857142857142
7748;4374;0,142857142857142857142
7748;6701;0,142857142857142857142
7759;5691;0,500000000000000000000
7759;9208;0,500000000000000000000
7774;485;1,000000000000000000000
7859;8276;1,000000000000000000000
7886;5174;1,000000000000000000000
7906;5125;1,000000000000000000000
7920;115;0,500000000000000000000
7920;6557;0,500000000000000000000
7975;419;1,000000000000000000000
8000;3905;1,000000000000000000000
8044;1454;1,000000000000000000000
8095;2655;0,200000000000000000000
8095;3429;0,600000000000000000000
8095;4299;0,200000000000000000000
8106;1713;1,000000000000000000000
8109;1073;0,500000000000000000000
8109;7998;0,500000000000000000000
8156;3587;0,333333333333333333333
8156;4755;0,666666666666666666666
8164;1985;1,000000000000000000000
8268;14050;0,500000000000000000000
8268;59841;0,500000000000000000000
8276;7859;1,000000000000000000000
8281;59;1,000000000000000000000
8306;660;1,000000000000000000000
8348;545;1,000000000000000000000
8366;8000;1,000000000000000000000
8440;520;0,200000000000000000000
8440;643;0,100000000000000000000
8440;1182;0,300000000000000000000
8440;1778;0,300000000000000000000
8440;256951;0,100000000000000000000
8441;35;0,400000000000000000000
8441;3169;0,200000000000000000000
8441;8459;0,400000000000000000000
8447;248334;1,000000000000000000000
8459;35;0,200000000000000000000
8459;8441;0,800000000000000000000
8464;852;0,400000000000000000000
8464;4991;0,600000000000000000000
8465;568;1,000000000000000000000
8489;1898;0,333333333333333333333
8489;4359;0,333333333333333333333
8489;190971;0,333333333333333333333
8623;1419;1,000000000000000000000
8648;266;0,357142857142857142857
8648;2383;0,071428571428571428571
8648;3944;0,142857142857142857142
8648;8976;0,214285714285714285714
8648;13398;0,071428571428571428571
8648;13814;0,142857142857142857142
8786;1154;1,000000000000000000000
8820;2275;1,000000000000000000000
8827;3100;0,500000000000000000000
8827;4058;0,500000000000000000000
8865;4058;1,000000000000000000000
8869;5660;1,000000000000000000000
8902;1453;1,000000000000000000000
8909;2489;0,500000000000000000000
8909;4309;0,500000000000000000000
8910;972;1,000000000000000000000
8976;266;0,666666666666666666666
8976;8648;0,333333333333333333333
8985;522;1,000000000000000000000
9158;5691;1,000000000000000000000
9208;7759;0,333333333333333333333
9208;308238;0,666666666666666666666
9226;7478;1,000000000000000000000
9230;4861;1,000000000000000000000
9338;3508;1,000000000000000000000
9352;2554;1,000000000000000000000
9391;4070;0,500000000000000000000
9391;7747;0,500000000000000000000
9402;995;1,000000000000000000000
9418;2683;0,333333333333333333333
9418;5219;0,333333333333333333333
9418;5564;0,333333333333333333333
9419;2330;1,000000000000000000000
9424;8090;1,000000000000000000000
9441;1109;0,500000000000000000000
9441;1925;0,500000000000000000000
9442;9418;1,000000000000000000000
9657;285;1,000000000000000000000
9668;37814;1,000000000000000000000
9694;6072;1,000000000000000000000
10020;1234;0,166666666666666666666
10020;3429;0,333333333333333333333
10020;3500;0,166666666666666666666
10020;4299;0,333333333333333333333
10084;573;1,000000000000000000000
10093;2367;1,000000000000000000000
10338;1429;0,750000000000000000000
10338;1596;0,250000000000000000000
10359;360;1,000000000000000000000
10823;995;1,000000000000000000000
10860;2678;1,000000000000000000000
10926;351;0,333333333333333333333
10926;458;0,333333333333333333333
10926;1340;0,333333333333333333333
11249;1024;0,600000000000000000000
11249;12889;0,400000000000000000000
11427;2195;1,000000000000000000000
11869;2137;1,000000000000000000000
12339;27;0,016872890888638920134
12339;30;0,017997750281214848143
12339;33;0,016872890888638920134
12339;34;0,022497187851518560179
12339;42;0,015748031496062992125
12339;93;0,016872890888638920134
12339;113;0,017997750281214848143
12339;162;0,017997750281214848143
12339;228;0,015748031496062992125
12339;237;0,019122609673790776152
12339;266;0,015748031496062992125
12339;306;0,019122609673790776152
12339;365;0,016872890888638920134
12339;420;0,016872890888638920134
12339;526;0,017997750281214848143
12339;571;0,016872890888638920134
12339;628;0,017997750281214848143
12339;662;0,017997750281214848143
12339;1016;0,017997750281214848143
12339;1054;0,016872890888638920134
12339;1336;0,016872890888638920134
12339;1554;0,015748031496062992125
12339;1662;0,017997750281214848143
12339;1841;0,016872890888638920134
12339;1940;0,017997750281214848143
12339;1944;0,015748031496062992125
12339;2029;0,019122609673790776152
12339;2212;0,016872890888638920134
12339;2237;0,017997750281214848143
12339;2350;0,015748031496062992125
12339;2372;0,017997750281214848143
12339;2374;0,016872890888638920134
12339;2467;0,017997750281214848143
12339;2516;0,015748031496062992125
12339;2591;0,016872890888638920134
12339;2639;0,014623172103487064116
12339;3966;0,016872890888638920134
12339;4228;0,016872890888638920134
12339;4993;0,015748031496062992125
12339;5011;0,015748031496062992125
12339;6000;0,016872890888638920134
12339;6353;0,016872890888638920134
12339;7433;0,019122609673790776152
12339;8241;0,014623172103487064116
12339;10381;0,016872890888638920134
12339;12112;0,019122609673790776152
12339;12443;0,016872890888638920134
12339;12577;0,015748031496062992125
12339;13187;0,017997750281214848143
12339;20089;0,016872890888638920134
12339;20235;0,017997750281214848143
12339;25052;0,017997750281214848143
12339;27476;0,016872890888638920134
12339;27828;0,019122609673790776152
12339;28520;0,016872890888638920134
12339;59745;0,017997750281214848143
12339;59841;0,017997750281214848143
12339;99667;0,015748031496062992125
12387;2921;1,000000000000000000000
12430;7738;1,000000000000000000000
12486;1196;1,000000000000000000000
12596;761;1,000000000000000000000
12660;21112;1,000000000000000000000
12670;9098;1,000000000000000000000
12768;3940;1,000000000000000000000
12798;1044;1,000000000000000000000
12805;1173;1,000000000000000000000
12817;850;1,000000000000000000000
12850;1069;0,500000000000000000000
12850;5536;0,500000000000000000000
12876;626;0,333333333333333333333
12876;798;0,666666666666666666666
13179;3993;1,000000000000000000000
13236;1206;1,000000000000000000000
13239;3575;1,000000000000000000000
13396;1180;1,000000000000000000000
13452;2227;1,000000000000000000000
13476;6567;1,000000000000000000000
13504;48862;1,000000000000000000000
13580;313473;1,000000000000000000000
13799;1079;0,500000000000000000000
13799;2021;0,500000000000000000000
13907;7030;1,000000000000000000000
14050;2484;0,500000000000000000000
14050;3551;0,500000000000000000000
14151;96;0,034482758620689655172
14151;232;0,034482758620689655172
14151;547;0,034482758620689655172
14151;591;0,034482758620689655172
14151;923;0,034482758620689655172
14151;1111;0,068965517241379310344
14151;1637;0,068965517241379310344
14151;2080;0,034482758620689655172
14151;2164;0,068965517241379310344
14151;3235;0,034482758620689655172
14151;3891;0,103448275862068965517
14151;4021;0,034482758620689655172
14151;4749;0,034482758620689655172
14151;5005;0,034482758620689655172
14151;5528;0,034482758620689655172
14151;5719;0,034482758620689655172
14151;9300;0,068965517241379310344
14151;26347;0,034482758620689655172
14151;83231;0,137931034482758620689
14151;255463;0,034482758620689655172
14841;9722;1,000000000000000000000
14899;3328;0,250000000000000000000
14899;3535;0,250000000000000000000
14899;6903;0,500000000000000000000
15048;518;1,000000000000000000000
15471;282;0,500000000000000000000
15471;731;0,500000000000000000000
15586;2661;0,666666666666666666666
15586;7160;0,333333333333333333333
15895;1457;1,000000000000000000000
16786;3141;1,000000000000000000000
16921;1250;0,500000000000000000000
16921;26070;0,500000000000000000000
17047;1338;1,000000000000000000000
17248;527;1,000000000000000000000
17260;13416;1,000000000000000000000
17273;1325;1,000000000000000000000
17276;281;0,333333333333333333333
17276;351;0,166666666666666666666
17276;1340;0,500000000000000000000
17302;240;1,000000000000000000000
17323;1122;1,000000000000000000000
17554;1724;1,000000000000000000000
17611;5617;1,000000000000000000000
17678;9707;0,500000000000000000000
17678;28615;0,500000000000000000000
18247;111;1,000000000000000000000
18251;1286;1,000000000000000000000
18398;3575;1,000000000000000000000
19176;232;0,600000000000000000000
19176;3647;0,200000000000000000000
19176;11476;0,200000000000000000000
19198;1104;1,000000000000000000000
20307;1220;1,000000000000000000000
20801;4954;0,500000000000000000000
20801;5945;0,500000000000000000000
21005;13122;1,000000000000000000000
21166;993;1,000000000000000000000
21268;525;0,500000000000000000000
21268;4137;0,500000000000000000000
21734;1169;0,500000000000000000000
21734;3111;0,500000000000000000000
23563;2678;1,000000000000000000000
24113;1574;1,000000000000000000000
24259;5638;1,000000000000000000000
25205;2287;1,000000000000000000000
25849;2059;0,666666666666666666666
25849;8623;0,333333333333333333333
26070;16921;1,000000000000000000000
26347;3891;1,000000000000000000000
26786;189452;1,000000000000000000000
27173;5082;1,000000000000000000000
27610;20393;1,000000000000000000000
27645;4587;0,400000000000000000000
27645;27613;0,600000000000000000000
27674;3570;1,000000000000000000000
27763;887;0,125000000000000000000
27763;1231;0,500000000000000000000
27763;2017;0,250000000000000000000
27763;5167;0,125000000000000000000
28118;129892;1,000000000000000000000
28397;35;0,500000000000000000000
28397;2652;0,250000000000000000000
28397;8441;0,250000000000000000000
28858;2422;0,500000000000000000000
28858;4610;0,500000000000000000000
28914;3045;1,000000000000000000000
28930;1898;0,093750000000000000000
28930;2743;0,062500000000000000000
28930;2786;0,031250000000000000000
28930;3420;0,062500000000000000000
28930;3685;0,031250000000000000000
28930;7717;0,031250000000000000000
28930;7975;0,062500000000000000000
28930;12959;0,062500000000000000000
28930;15737;0,031250000000000000000
28930;23759;0,062500000000000000000
28930;24259;0,093750000000000000000
28930;152027;0,375000000000000000000
29061;5564;1,000000000000000000000
29376;1085;0,500000000000000000000
29376;1162;0,500000000000000000000
29796;2512;1,000000000000000000000
34784;4379;1,000000000000000000000
36186;1439;0,166666666666666666666
36186;1440;0,166666666666666666666
36186;1853;0,166666666666666666666
36186;2269;0,500000000000000000000
37814;1439;0,400000000000000000000
37814;1440;0,200000000000000000000
37814;9668;0,400000000000000000000
37815;30811;1,000000000000000000000
38738;1165;1,000000000000000000000
41776;354;0,333333333333333333333
41776;1946;0,142857142857142857142
41776;4918;0,047619047619047619047
41776;4919;0,333333333333333333333
41776;24601;0,142857142857142857142
43844;1974;0,666666666666666666666
43844;2607;0,333333333333333333333
48255;65;0,047619047619047619047
48255;240;0,047619047619047619047
48255;768;0,047619047619047619047
48255;1046;0,047619047619047619047
48255;1703;0,047619047619047619047
48255;1864;0,047619047619047619047
48255;2287;0,142857142857142857142
48255;2661;0,047619047619047619047
48255;3996;0,095238095238095238095
48255;4058;0,047619047619047619047
48255;6567;0,047619047619047619047
48255;7160;0,047619047619047619047
48255;7968;0,047619047619047619047
48255;8460;0,047619047619047619047
48255;12430;0,047619047619047619047
48255;15586;0,047619047619047619047
48255;28538;0,047619047619047619047
48255;112062;0,047619047619047619047
48862;13504;0,500000000000000000000
48862;19191;0,500000000000000000000
50332;747;1,000000000000000000000
56738;688;1,000000000000000000000
57838;3141;1,000000000000000000000
59522;12938;1,000000000000000000000
59745;43;0,083333333333333333333
59745;71;0,083333333333333333333
59745;1169;0,625000000000000000000
59745;48255;0,041666666666666666666
59745;59841;0,166666666666666666666
59841;71;0,061403508771929824561
59841;283;0,026315789473684210526
59841;296;0,026315789473684210526
59841;320;0,008771929824561403508
59841;419;0,008771929824561403508
59841;602;0,078947368421052631578
59841;628;0,008771929824561403508
59841;669;0,008771929824561403508
59841;695;0,087719298245614035087
59841;845;0,052631578947368421052
59841;846;0,043859649122807017543
59841;1065;0,008771929824561403508
59841;1066;0,008771929824561403508
59841;1142;0,008771929824561403508
59841;1169;0,122807017543859649122
59841;1563;0,008771929824561403508
59841;1657;0,008771929824561403508
59841;1696;0,008771929824561403508
59841;2083;0,008771929824561403508
59841;2697;0,026315789473684210526
59841;2731;0,026315789473684210526
59841;2863;0,026315789473684210526
59841;3123;0,026315789473684210526
59841;3256;0,026315789473684210526
59841;3427;0,026315789473684210526
59841;3683;0,026315789473684210526
59841;4874;0,008771929824561403508
59841;5149;0,026315789473684210526
59841;5338;0,008771929824561403508
59841;5789;0,008771929824561403508
59841;7713;0,008771929824561403508
59841;7975;0,026315789473684210526
59841;8268;0,008771929824561403508
59841;8715;0,026315789473684210526
59841;9721;0,008771929824561403508
59841;13502;0,008771929824561403508
59841;14481;0,026315789473684210526
59841;23562;0,008771929824561403508
59841;27674;0,008771929824561403508
59841;59745;0,008771929824561403508
59841;113392;0,008771929824561403508
59841;114536;0,017543859649122807017
65193;933;0,357142857142857142857
65193;1116;0,142857142857142857142
65193;1130;0,071428571428571428571
65193;1361;0,428571428571428571428
67709;8212;1,000000000000000000000
71411;75827;1,000000000000000000000
73134;1024;1,000000000000000000000
75827;213;0,277777777777777777777
75827;747;0,444444444444444444444
75827;71411;0,166666666666666666666
75827;75828;0,111111111111111111111
75828;71411;0,500000000000000000000
75828;75827;0,500000000000000000000
84925;2009;1,000000000000000000000
89874;520;1,000000000000000000000
90666;1165;1,000000000000000000000
94073;885;1,000000000000000000000
98841;3523;0,666666666666666666666
98841;112062;0,333333333333333333333
99667;59745;1,000000000000000000000
102129;1042;1,000000000000000000000
112062;240;0,142857142857142857142
112062;695;0,142857142857142857142
112062;826;0,285714285714285714285
112062;6962;0,142857142857142857142
112062;48255;0,142857142857142857142
112062;98841;0,142857142857142857142
113392;296;0,117647058823529411764
113392;846;0,470588235294117647058
113392;2350;0,176470588235294117647
113392;8306;0,117647058823529411764
113392;59841;0,117647058823529411764
113459;8602;1,000000000000000000000
114536;3427;0,200000000000000000000
114536;7030;0,200000000000000000000
114536;8212;0,200000000000000000000
114536;9215;0,200000000000000000000
114536;23562;0,200000000000000000000
115105;113;0,090909090909090909090
115105;763;0,090909090909090909090
115105;992;0,181818181818181818181
115105;1236;0,090909090909090909090
115105;1931;0,181818181818181818181
115105;2684;0,363636363636363636363
125861;2364;0,500000000000000000000
125861;2972;0,500000000000000000000
135566;2467;1,000000000000000000000
137801;96;1,000000000000000000000
140271;644;0,166666666666666666666
140271;1152;0,166666666666666666666
140271;3450;0,166666666666666666666
140271;5136;0,166666666666666666666
140271;5679;0,166666666666666666666
140271;6504;0,166666666666666666666
156500;1705;0,500000000000000000000
156500;21331;0,500000000000000000000
160268;1650;1,000000000000000000000
179346;669;1,000000000000000000000
189452;1293;1,000000000000000000000
192866;845;0,583333333333333333333
192866;846;0,166666666666666666666
192866;1041;0,083333333333333333333
192866;1437;0,166666666666666666666
193005;845;1,000000000000000000000
219255;749;1,000000000000000000000
239965;796;1,000000000000000000000
239967;1963;0,333333333333333333333
239967;2512;0,666666666666666666666
245879;1342;0,600000000000000000000
245879;1898;0,400000000000000000000
248334;525;0,500000000000000000000
248334;8447;0,500000000000000000000
248837;525;1,000000000000000000000
251238;2275;1,000000000000000000000
253384;2275;0,500000000000000000000
253384;7478;0,500000000000000000000
255463;5042;1,000000000000000000000
255740;2865;1,000000000000000000000
256951;362;0,285714285714285714285
256951;5005;0,142857142857142857142
256951;5484;0,285714285714285714285
256951;7739;0,142857142857142857142
256951;8440;0,142857142857142857142
267368;254;1,000000000000000000000
276780;904;1,000000000000000000000
280033;255899;0,500000000000000000000
280033;284853;0,500000000000000000000
284854;7759;1,000000000000000000000
308238;7759;0,666666666666666666666
308238;9208;0,333333333333333333333
