7;2078;0,500000000000000000000
7;3667;0,500000000000000000000
9;4148;1,000000000000000000000
48;9;0,250000000000000000000
48;4831;0,750000000000000000000
54;658;0,076923076923076923076
54;1116;0,076923076923076923076
54;1663;0,153846153846153846153
54;1891;0,076923076923076923076
54;2021;0,076923076923076923076
54;2131;0,076923076923076923076
54;7418;0,076923076923076923076
54;12698;0,384615384615384615384
65;622;0,500000000000000000000
65;1109;0,250000000000000000000
65;333184;0,250000000000000000000
71;194;0,076923076923076923076
71;360;0,076923076923076923076
71;628;0,038461538461538461538
71;695;0,115384615384615384615
71;1117;0,038461538461538461538
71;1143;0,038461538461538461538
71;1724;0,038461538461538461538
71;1940;0,038461538461538461538
71;1944;0,038461538461538461538
71;3098;0,076923076923076923076
71;3235;0,076923076923076923076
71;3996;0,038461538461538461538
71;4024;0,076923076923076923076
71;12432;0,038461538461538461538
71;366089;0,153846153846153846153
71;906176;0,038461538461538461538
80;502;0,181818181818181818181
80;531;0,181818181818181818181
80;668;0,272727272727272727272
80;1131;0,181818181818181818181
80;321395;0,181818181818181818181
96;1160;0,125000000000000000000
96;3096;0,125000000000000000000
96;3601;0,125000000000000000000
96;3753;0,250000000000000000000
96;3857;0,125000000000000000000
96;4881;0,250000000000000000000
100;71;0,029411764705882352941
100;294;0,029411764705882352941
100;577;0,029411764705882352941
100;588;0,029411764705882352941
100;695;0,029411764705882352941
100;1156;0,029411764705882352941
100;1552;0,029411764705882352941
100;1703;0,029411764705882352941
100;1913;0,029411764705882352941
100;2017;0,029411764705882352941
100;2064;0,029411764705882352941
100;2196;0,029411764705882352941
100;2433;0,029411764705882352941
100;2472;0,029411764705882352941
100;2510;0,029411764705882352941
100;2716;0,029411764705882352941
100;2739;0,029411764705882352941
100;3104;0,029411764705882352941
100;3299;0,029411764705882352941
100;3551;0,029411764705882352941
100;3980;0,029411764705882352941
100;4001;0,029411764705882352941
100;4553;0,029411764705882352941
100;4931;0,029411764705882352941
100;5289;0,029411764705882352941
100;5481;0,029411764705882352941
100;6499;0,029411764705882352941
100;6501;0,029411764705882352941
100;7209;0,029411764705882352941
100;12387;0,029411764705882352941
100;13720;0,029411764705882352941
100;27931;0,058823529411764705882
100;33843;0,029411764705882352941
102;668;1,000000000000000000000
104;1476;0,200000000000000000000
104;4424;0,800000000000000000000
115;490;0,173913043478260869565
115;1949;0,043478260869565217391
115;2199;0,260869565217391304347
115;335189;0,086956521739130434782
115;343358;0,347826086956521739130
115;383630;0,043478260869565217391
115;1082368;0,043478260869565217391
120;2200;1,000000000000000000000
127;3998;1,000000000000000000000
132;550;1,000000000000000000000
135;793;0,125000000000000000000
135;1117;0,125000000000000000000
135;1864;0,375000000000000000000
135;4173;0,125000000000000000000
135;7160;0,125000000000000000000
135;665791;0,125000000000000000000
138;1322;1,000000000000000000000
148;3551;1,000000000000000000000
149;1692;0,250000000000000000000
149;2196;0,750000000000000000000
151;7586;1,000000000000000000000
155;2059;1,000000000000000000000
162;5935;1,000000000000000000000
184;7574;0,750000000000000000000
184;381254;0,250000000000000000000
187;343074;1,000000000000000000000
190;127;0,333333333333333333333
190;2052;0,333333333333333333333
190;5441;0,333333333333333333333
192;5564;0,750000000000000000000
192;10946;0,250000000000000000000
194;71;0,071428571428571428571
194;628;0,142857142857142857142
194;1754;0,285714285714285714285
194;1925;0,071428571428571428571
194;1939;0,142857142857142857142
194;1940;0,071428571428571428571
194;349041;0,071428571428571428571
194;366089;0,071428571428571428571
194;813240;0,071428571428571428571
199;28602;1,000000000000000000000
211;179;0,333333333333333333333
211;5089;0,666666666666666666666
213;403195;1,000000000000000000000
232;931417;1,000000000000000000000
241;3872;1,000000000000000000000
242;1286;0,076923076923076923076
242;2736;0,769230769230769230769
242;2738;0,076923076923076923076
242;5691;0,076923076923076923076
249;96;0,333333333333333333333
249;360;0,666666666666666666666
261;237;1,000000000000000000000
266;995;0,142857142857142857142
266;2383;0,142857142857142857142
266;8985;0,142857142857142857142
266;13814;0,571428571428571428571
269;251;1,000000000000000000000
282;731;1,000000000000000000000
284;251;0,250000000000000000000
284;1281;0,750000000000000000000
287;14;0,666666666666666666666
287;28;0,333333333333333333333
291;28156;1,000000000000000000000
297;5679;1,000000000000000000000
299;1094;1,000000000000000000000
302;157662;1,000000000000000000000
306;131;0,500000000000000000000
306;4355;0,500000000000000000000
310;2851;0,100000000000000000000
310;8539;0,900000000000000000000
317;318;0,500000000000000000000
317;10359;0,500000000000000000000
324;455;1,000000000000000000000
341;742;1,000000000000000000000
354;983;0,500000000000000000000
354;98841;0,500000000000000000000
359;689;1,000000000000000000000
375;3697;1,000000000000000000000
379;1754;0,600000000000000000000
379;2547;0,400000000000000000000
397;8461;1,000000000000000000000
398;405;0,500000000000000000000
398;5536;0,500000000000000000000
407;404;0,125000000000000000000
407;458;0,125000000000000000000
407;713;0,125000000000000000000
407;2585;0,125000000000000000000
407;3779;0,125000000000000000000
407;5626;0,250000000000000000000
407;21161;0,125000000000000000000
414;1727;1,000000000000000000000
415;414;1,000000000000000000000
428;273;0,333333333333333333333
428;1092;0,333333333333333333333
428;3401;0,333333333333333333333
441;2364;0,250000000000000000000
441;27581;0,500000000000000000000
441;125861;0,250000000000000000000
443;7605;0,333333333333333333333
443;15643;0,500000000000000000000
443;29085;0,166666666666666666666
453;979;1,000000000000000000000
455;2175;1,000000000000000000000
466;866;1,000000000000000000000
469;468;1,000000000000000000000
470;3101;1,000000000000000000000
479;360;0,117647058823529411764
479;4379;0,058823529411764705882
479;5013;0,117647058823529411764
479;8442;0,058823529411764705882
479;8460;0,058823529411764705882
479;8473;0,470588235294117647058
479;317905;0,117647058823529411764
485;131;0,333333333333333333333
485;2817;0,333333333333333333333
485;7128;0,333333333333333333333
492;526;0,500000000000000000000
492;1321;0,500000000000000000000
498;12;0,500000000000000000000
498;13;0,500000000000000000000
502;80;0,166666666666666666666
502;2436;0,166666666666666666666
502;3443;0,166666666666666666666
502;321395;0,500000000000000000000
504;12356;1,000000000000000000000
519;3317;1,000000000000000000000
520;1171;0,100000000000000000000
520;1182;0,100000000000000000000
520;1278;0,100000000000000000000
520;1556;0,100000000000000000000
520;1650;0,100000000000000000000
520;4206;0,100000000000000000000
520;4991;0,100000000000000000000
520;4998;0,100000000000000000000
520;7578;0,100000000000000000000
520;8442;0,100000000000000000000
521;1866;1,000000000000000000000
524;2779;0,333333333333333333333
524;3356;0,666666666666666666666
526;492;0,111111111111111111111
526;1286;0,222222222222222222222
526;9396;0,444444444444444444444
526;9436;0,222222222222222222222
527;520;0,333333333333333333333
527;876;0,333333333333333333333
527;1123792;0,333333333333333333333
529;520;0,333333333333333333333
529;528;0,333333333333333333333
529;3523;0,333333333333333333333
550;596;0,333333333333333333333
550;2021;0,333333333333333333333
550;3694;0,333333333333333333333
551;2817;1,000000000000000000000
588;100;1,000000000000000000000
607;543;0,500000000000000000000
607;5061;0,500000000000000000000
612;39;1,000000000000000000000
615;6535;0,333333333333333333333
615;28405;0,333333333333333333333
615;144425;0,333333333333333333333
622;65;0,500000000000000000000
622;2054;0,500000000000000000000
625;122;0,148148148148148148148
625;525;0,037037037037037037037
625;635;0,037037037037037037037
625;798;0,333333333333333333333
625;1154;0,148148148148148148148
625;1820;0,037037037037037037037
625;2230;0,037037037037037037037
625;2302;0,037037037037037037037
625;2741;0,037037037037037037037
625;3528;0,037037037037037037037
625;5029;0,037037037037037037037
625;5383;0,037037037037037037037
625;6203;0,037037037037037037037
628;71;0,083333333333333333333
628;194;0,250000000000000000000
628;567;0,250000000000000000000
628;1169;0,083333333333333333333
628;1234;0,083333333333333333333
628;349041;0,083333333333333333333
628;1173768;0,166666666666666666666
644;827;0,200000000000000000000
644;2355;0,200000000000000000000
644;2657;0,200000000000000000000
644;5440;0,400000000000000000000
645;2355;1,000000000000000000000
648;2380;1,000000000000000000000
652;4377;1,000000000000000000000
662;529;0,142857142857142857142
662;78108;0,571428571428571428571
662;98841;0,142857142857142857142
662;366089;0,142857142857142857142
667;668;1,000000000000000000000
668;80;0,055555555555555555555
668;219;0,037037037037037037037
668;502;0,037037037037037037037
668;530;0,296296296296296296296
668;876;0,074074074074074074074
668;1131;0,166666666666666666666
668;1248;0,092592592592592592592
668;2436;0,018518518518518518518
668;3443;0,037037037037037037037
668;3515;0,055555555555555555555
668;3625;0,055555555555555555555
668;321395;0,018518518518518518518
668;507180;0,018518518518518518518
668;642255;0,018518518518518518518
668;665791;0,018518518518518518518
670;59745;1,000000000000000000000
678;11;0,625000000000000000000
678;980;0,250000000000000000000
678;1570;0,125000000000000000000
689;846;1,000000000000000000000
695;71;0,500000000000000000000
695;100;0,250000000000000000000
695;940328;0,250000000000000000000
700;1110539;1,000000000000000000000
713;407;0,117647058823529411764
713;458;0,352941176470588235294
713;2585;0,058823529411764705882
713;5626;0,352941176470588235294
713;306994;0,058823529411764705882
713;381277;0,058823529411764705882
731;15471;0,500000000000000000000
731;282773;0,500000000000000000000
744;845;0,909090909090909090909
744;846;0,090909090909090909090
748;747;1,000000000000000000000
749;1337;0,125000000000000000000
749;1939;0,062500000000000000000
749;3420;0,062500000000000000000
749;4225;0,062500000000000000000
749;6189;0,062500000000000000000
749;8460;0,062500000000000000000
749;9395;0,062500000000000000000
749;10649;0,187500000000000000000
749;112062;0,125000000000000000000
749;336063;0,062500000000000000000
749;1101851;0,062500000000000000000
749;1107305;0,062500000000000000000
752;2607;1,000000000000000000000
761;1180;0,200000000000000000000
761;3038;0,200000000000000000000
761;248835;0,200000000000000000000
761;584314;0,400000000000000000000
774;3829;1,000000000000000000000
787;36;0,200000000000000000000
787;3459;0,800000000000000000000
794;7132;1,000000000000000000000
817;351;0,800000000000000000000
817;1027;0,200000000000000000000
819;452;0,300000000000000000000
819;933;0,100000000000000000000
819;1130;0,100000000000000000000
819;1391;0,100000000000000000000
819;1647;0,200000000000000000000
819;1892;0,100000000000000000000
819;642255;0,100000000000000000000
822;3675;1,000000000000000000000
827;2355;0,400000000000000000000
827;6027;0,200000000000000000000
827;9968;0,200000000000000000000
827;59745;0,200000000000000000000
829;1988;0,714285714285714285714
829;2817;0,142857142857142857142
829;474028;0,142857142857142857142
837;1110539;1,000000000000000000000
839;4772;1,000000000000000000000
844;360;0,250000000000000000000
844;1719;0,500000000000000000000
844;3802;0,125000000000000000000
844;59745;0,125000000000000000000
845;744;0,357142857142857142857
845;846;0,071428571428571428571
845;1041;0,071428571428571428571
845;1724;0,071428571428571428571
845;2834;0,071428571428571428571
845;131383;0,071428571428571428571
845;623129;0,285714285714285714285
846;263;0,125000000000000000000
846;1437;0,250000000000000000000
846;1681;0,250000000000000000000
846;2396;0,125000000000000000000
846;2731;0,125000000000000000000
846;4350;0,125000000000000000000
849;441;0,500000000000000000000
849;5647;0,500000000000000000000
850;1574;1,000000000000000000000
854;28528;1,000000000000000000000
860;163510;1,000000000000000000000
861;3871;1,000000000000000000000
863;20474;1,000000000000000000000
866;1971;1,000000000000000000000
870;859;0,250000000000000000000
870;934;0,250000000000000000000
870;1699;0,250000000000000000000
870;3564;0,250000000000000000000
887;877;0,500000000000000000000
887;3403;0,500000000000000000000
890;59841;1,000000000000000000000
899;490;1,000000000000000000000
911;4262;0,500000000000000000000
911;9624;0,500000000000000000000
933;819;0,750000000000000000000
933;507180;0,250000000000000000000
943;1979;1,000000000000000000000
966;965;0,500000000000000000000
966;2146;0,500000000000000000000
970;1286;0,333333333333333333333
970;9386;0,166666666666666666666
970;13265;0,333333333333333333333
970;587053;0,166666666666666666666
972;2741;0,333333333333333333333
972;3636;0,333333333333333333333
972;6543;0,333333333333333333333
977;866;0,200000000000000000000
977;3798;0,200000000000000000000
977;5691;0,200000000000000000000
977;5762;0,200000000000000000000
977;7747;0,200000000000000000000
980;678;0,428571428571428571428
980;3619;0,571428571428571428571
983;354;0,111111111111111111111
983;12826;0,222222222222222222222
983;112062;0,333333333333333333333
983;366089;0,333333333333333333333
984;1154;1,000000000000000000000
995;71;0,062500000000000000000
995;132;0,187500000000000000000
995;520;0,062500000000000000000
995;706;0,062500000000000000000
995;748;0,062500000000000000000
995;887;0,062500000000000000000
995;2075;0,125000000000000000000
995;2296;0,062500000000000000000
995;3523;0,125000000000000000000
995;5530;0,125000000000000000000
995;71411;0,062500000000000000000
997;5693;1,000000000000000000000
1018;216;0,500000000000000000000
1018;18149;0,500000000000000000000
1024;1117;0,142857142857142857142
1024;5628;0,142857142857142857142
1024;5647;0,428571428571428571428
1024;959966;0,285714285714285714285
1041;845;0,250000000000000000000
1041;982;0,625000000000000000000
1041;623129;0,125000000000000000000
1058;7626;1,000000000000000000000
1066;5440;1,000000000000000000000
1069;214;0,142857142857142857142
1069;2961;0,142857142857142857142
1069;3161;0,142857142857142857142
1069;4621;0,142857142857142857142
1069;5177;0,285714285714285714285
1069;8003;0,142857142857142857142
1079;119;1,000000000000000000000
1082;189;0,200000000000000000000
1082;891;0,200000000000000000000
1082;2433;0,200000000000000000000
1082;13899;0,200000000000000000000
1082;19402;0,200000000000000000000
1083;4100;0,200000000000000000000
1083;13141;0,200000000000000000000
1083;13452;0,200000000000000000000
1083;13899;0,200000000000000000000
1083;28615;0,200000000000000000000
1094;4667;0,142857142857142857142
1094;7711;0,142857142857142857142
1094;8756;0,142857142857142857142
1094;25264;0,142857142857142857142
1094;38738;0,142857142857142857142
1094;45604;0,142857142857142857142
1094;374246;0,142857142857142857142
1101;5564;1,000000000000000000000
1109;192;0,071428571428571428571
1109;841;0,071428571428571428571
1109;1122;0,071428571428571428571
1109;2017;0,071428571428571428571
1109;2050;0,071428571428571428571
1109;2059;0,071428571428571428571
1109;2212;0,071428571428571428571
1109;2223;0,071428571428571428571
1109;2492;0,071428571428571428571
1109;2504;0,071428571428571428571
1109;5564;0,071428571428571428571
1109;7762;0,071428571428571428571
1109;9391;0,071428571428571428571
1109;9402;0,071428571428571428571
1117;71;0,105263157894736842105
1117;1569;0,052631578947368421052
1117;2972;0,368421052631578947368
1117;8253;0,052631578947368421052
1117;12817;0,105263157894736842105
1117;116140;0,105263157894736842105
1117;474028;0,105263157894736842105
1117;704910;0,105263157894736842105
1118;1064740;1,000000000000000000000
1131;80;0,250000000000000000000
1131;668;0,750000000000000000000
1141;237;0,500000000000000000000
1141;3174;0,500000000000000000000
1143;71;1,000000000000000000000
1149;15643;1,000000000000000000000
1150;17323;1,000000000000000000000
1154;122;0,166666666666666666666
1154;625;0,166666666666666666666
1154;1981;0,166666666666666666666
1154;2302;0,333333333333333333333
1154;4553;0,166666666666666666666
1160;96;0,250000000000000000000
1160;1513;0,250000000000000000000
1160;2054;0,250000000000000000000
1160;3332;0,250000000000000000000
1169;100;0,090909090909090909090
1169;138;0,090909090909090909090
1169;628;0,030303030303030303030
1169;695;0,090909090909090909090
1169;1942;0,090909090909090909090
1169;1943;0,090909090909090909090
1169;1945;0,030303030303030303030
1169;4512;0,090909090909090909090
1169;59745;0,090909090909090909090
1169;98841;0,090909090909090909090
1169;131383;0,090909090909090909090
1169;408414;0,030303030303030303030
1169;1173768;0,090909090909090909090
1187;1402;0,500000000000000000000
1187;18525;0,500000000000000000000
1196;4059;1,000000000000000000000
1227;9722;1,000000000000000000000
1231;3141;0,833333333333333333333
1231;4159;0,166666666666666666666
1234;524;0,047619047619047619047
1234;628;0,095238095238095238095
1234;1263;0,238095238095238095238
1234;1277;0,428571428571428571428
1234;1340;0,047619047619047619047
1234;1657;0,047619047619047619047
1234;2779;0,047619047619047619047
1234;10020;0,047619047619047619047
1235;980;1,000000000000000000000
1248;668;1,000000000000000000000
1250;360;0,500000000000000000000
1250;689;0,500000000000000000000
1254;458;0,500000000000000000000
1254;4744;0,500000000000000000000
1261;12;0,083333333333333333333
1261;13;0,083333333333333333333
1261;41;0,083333333333333333333
1261;159;0,083333333333333333333
1261;275;0,083333333333333333333
1261;440;0,083333333333333333333
1261;642;0,083333333333333333333
1261;826;0,083333333333333333333
1261;1522;0,083333333333333333333
1261;1829;0,083333333333333333333
1261;8199;0,083333333333333333333
1261;8539;0,083333333333333333333
1265;8805;1,000000000000000000000
1277;528;0,047619047619047619047
1277;911;0,047619047619047619047
1277;1234;0,476190476190476190476
1277;2111;0,142857142857142857142
1277;2181;0,047619047619047619047
1277;2445;0,047619047619047619047
1277;3188;0,095238095238095238095
1277;3802;0,047619047619047619047
1277;10188;0,047619047619047619047
1278;135;0,166666666666666666666
1278;520;0,166666666666666666666
1278;1277;0,333333333333333333333
1278;1814;0,166666666666666666666
1278;3392;0,166666666666666666666
1286;111;0,090909090909090909090
1286;242;0,090909090909090909090
1286;970;0,090909090909090909090
1286;2434;0,090909090909090909090
1286;2586;0,090909090909090909090
1286;5148;0,181818181818181818181
1286;17323;0,090909090909090909090
1286;17502;0,090909090909090909090
1286;28686;0,090909090909090909090
1286;57838;0,090909090909090909090
1288;2371;1,000000000000000000000
1290;385;1,000000000000000000000
1321;2826;0,666666666666666666666
1321;3359;0,333333333333333333333
1322;863;1,000000000000000000000
1337;749;1,000000000000000000000
1348;1068;1,000000000000000000000
1370;281;0,222222222222222222222
1370;452;0,222222222222222222222
1370;1391;0,222222222222222222222
1370;693032;0,111111111111111111111
1370;791903;0,222222222222222222222
1419;8623;1,000000000000000000000
1434;5037;1,000000000000000000000
1439;3436;0,666666666666666666666
1439;8473;0,333333333333333333333
1440;1684;0,250000000000000000000
1440;6955;0,250000000000000000000
1440;9356;0,250000000000000000000
1440;38738;0,250000000000000000000
1457;2023;1,000000000000000000000
1462;2206;0,500000000000000000000
1462;4150;0,500000000000000000000
1487;909;1,000000000000000000000
1503;2559;0,333333333333333333333
1503;12936;0,666666666666666666666
1513;1160;0,428571428571428571428
1513;8630;0,142857142857142857142
1513;13253;0,428571428571428571428
1552;100;0,500000000000000000000
1552;2504;0,500000000000000000000
1556;520;0,142857142857142857142
1556;1002;0,142857142857142857142
1556;5626;0,142857142857142857142
1556;6006;0,142857142857142857142
1556;248836;0,285714285714285714285
1556;248841;0,142857142857142857142
1574;131;0,500000000000000000000
1574;5647;0,500000000000000000000
1589;428;0,125000000000000000000
1589;642;0,125000000000000000000
1589;738;0,250000000000000000000
1589;3256;0,125000000000000000000
1589;8539;0,125000000000000000000
1589;191508;0,125000000000000000000
1589;343358;0,125000000000000000000
1591;771;0,600000000000000000000
1591;1278;0,400000000000000000000
1596;794;0,200000000000000000000
1596;7132;0,200000000000000000000
1596;11235;0,600000000000000000000
1608;27269;1,000000000000000000000
1629;1763;1,000000000000000000000
1637;336640;1,000000000000000000000
1639;1662;0,500000000000000000000
1639;2375;0,500000000000000000000
1644;1278;0,500000000000000000000
1644;5640;0,500000000000000000000
1650;520;0,333333333333333333333
1650;3665;0,333333333333333333333
1650;13372;0,333333333333333333333
1662;1639;1,000000000000000000000
1663;54;0,166666666666666666666
1663;199;0,333333333333333333333
1663;1943;0,333333333333333333333
1663;3135;0,166666666666666666666
1681;277;0,041666666666666666666
1681;302;0,041666666666666666666
1681;704;0,041666666666666666666
1681;738;0,041666666666666666666
1681;744;0,125000000000000000000
1681;835;0,041666666666666666666
1681;846;0,208333333333333333333
1681;1589;0,041666666666666666666
1681;2834;0,166666666666666666666
1681;3256;0,041666666666666666666
1681;8229;0,041666666666666666666
1681;131383;0,083333333333333333333
1681;789157;0,041666666666666666666
1681;813240;0,041666666666666666666
1690;2196;1,000000000000000000000
1692;1263;0,666666666666666666666
1692;1152828;0,333333333333333333333
1705;12372;1,000000000000000000000
1717;839;0,400000000000000000000
1717;4772;0,600000000000000000000
1725;20474;1,000000000000000000000
1727;6000;1,000000000000000000000
1754;194;0,071428571428571428571
1754;379;0,285714285714285714285
1754;335189;0,071428571428571428571
1754;1128679;0,571428571428571428571
1762;349041;0,333333333333333333333
1762;747808;0,333333333333333333333
1762;1128679;0,333333333333333333333
1763;1629;0,333333333333333333333
1763;2825;0,333333333333333333333
1763;17426;0,333333333333333333333
1771;377520;1,000000000000000000000
1778;5935;1,000000000000000000000
1822;10103;1,000000000000000000000
1824;10085;1,000000000000000000000
1840;306;0,400000000000000000000
1840;7389;0,200000000000000000000
1840;529797;0,400000000000000000000
1843;23930;1,000000000000000000000
1853;37814;1,000000000000000000000
1854;19402;1,000000000000000000000
1855;5613;1,000000000000000000000
1864;135;0,500000000000000000000
1864;3235;0,500000000000000000000
1866;12;0,250000000000000000000
1866;13;0,250000000000000000000
1866;466;0,250000000000000000000
1866;521;0,250000000000000000000
1873;31343;1,000000000000000000000
1889;7116;1,000000000000000000000
1894;671;0,500000000000000000000
1894;7975;0,500000000000000000000
1897;3548;0,333333333333333333333
1897;22123;0,333333333333333333333
1897;78108;0,333333333333333333333
1902;740;0,333333333333333333333
1902;5610;0,333333333333333333333
1902;5909;0,333333333333333333333
1912;1569;0,125000000000000000000
1912;1903;0,125000000000000000000
1912;1913;0,125000000000000000000
1912;12165;0,125000000000000000000
1912;13809;0,125000000000000000000
1912;19582;0,125000000000000000000
1912;23228;0,125000000000000000000
1912;28936;0,125000000000000000000
1931;2218;1,000000000000000000000
1940;628;0,428571428571428571428
1940;3680;0,142857142857142857142
1940;349041;0,285714285714285714285
1940;1036379;0,142857142857142857142
1948;57;0,500000000000000000000
1948;369;0,500000000000000000000
1959;10255;1,000000000000000000000
1988;829;0,444444444444444444444
1988;3601;0,055555555555555555555
1988;4881;0,444444444444444444444
1988;370126;0,055555555555555555555
1996;964;0,250000000000000000000
1996;8253;0,250000000000000000000
1996;9718;0,250000000000000000000
1996;9730;0,250000000000000000000
2004;488062;1,000000000000000000000
2017;1109;0,333333333333333333333
2017;2054;0,333333333333333333333
2017;7126;0,333333333333333333333
2023;1457;1,000000000000000000000
2046;77;0,142857142857142857142
2046;1122;0,142857142857142857142
2046;5219;0,142857142857142857142
2046;5564;0,285714285714285714285
2046;6320;0,142857142857142857142
2046;6548;0,142857142857142857142
2050;1109;0,333333333333333333333
2050;5440;0,666666666666666666666
2059;155;1,000000000000000000000
2070;5632;1,000000000000000000000
2078;7;1,000000000000000000000
2083;302;1,000000000000000000000
2087;4988;1,000000000000000000000
2099;3802;1,000000000000000000000
2105;5037;1,000000000000000000000
2111;1278;0,333333333333333333333
2111;1591;0,666666666666666666666
2130;27416;1,000000000000000000000
2131;54;1,000000000000000000000
2140;6000;1,000000000000000000000
2146;966;0,500000000000000000000
2146;533247;0,500000000000000000000
2164;1111;1,000000000000000000000
2175;455;0,272727272727272727272
2175;4145;0,090909090909090909090
2175;65998;0,545454545454545454545
2175;66075;0,090909090909090909090
2181;1277;1,000000000000000000000
2196;149;0,222222222222222222222
2196;1692;0,111111111111111111111
2196;1699;0,111111111111111111111
2196;7774;0,111111111111111111111
2196;408414;0,333333333333333333333
2196;764124;0,111111111111111111111
2199;115;0,333333333333333333333
2199;2288;0,666666666666666666666
2200;120;0,666666666666666666666
2200;2950;0,333333333333333333333
2204;5001;1,000000000000000000000
2239;1598;0,250000000000000000000
2239;1991;0,250000000000000000000
2239;3675;0,500000000000000000000
2269;11;0,166666666666666666666
2269;2133;0,166666666666666666666
2269;2742;0,166666666666666666666
2269;2852;0,166666666666666666666
2269;4098;0,166666666666666666666
2269;8539;0,166666666666666666666
2276;4472;1,000000000000000000000
2310;485;1,000000000000000000000
2318;4364;0,666666666666666666666
2318;5698;0,333333333333333333333
2326;990;1,000000000000000000000
2349;2070;1,000000000000000000000
2355;644;0,076923076923076923076
2355;645;0,153846153846153846153
2355;827;0,384615384615384615384
2355;1948;0,076923076923076923076
2355;3098;0,153846153846153846153
2355;3123;0,076923076923076923076
2355;3399;0,076923076923076923076
2364;1117;0,090909090909090909090
2364;1946;0,090909090909090909090
2364;2972;0,090909090909090909090
2364;4988;0,090909090909090909090
2364;8253;0,090909090909090909090
2364;28092;0,090909090909090909090
2364;559679;0,181818181818181818181
2364;1080816;0,181818181818181818181
2364;1080900;0,090909090909090909090
2372;2433;0,500000000000000000000
2372;4522;0,500000000000000000000
2374;1845;1,000000000000000000000
2380;648;1,000000000000000000000
2383;3944;0,500000000000000000000
2383;13398;0,500000000000000000000
2398;861;1,000000000000000000000
2414;3996;0,500000000000000000000
2414;5338;0,500000000000000000000
2425;2275;1,000000000000000000000
2434;1286;0,500000000000000000000
2434;5440;0,500000000000000000000
2438;3071;0,333333333333333333333
2438;6694;0,666666666666666666666
2445;527;0,307692307692307692307
2445;839;0,076923076923076923076
2445;2099;0,153846153846153846153
2445;2972;0,076923076923076923076
2445;3235;0,076923076923076923076
2445;3802;0,307692307692307692307
2461;229072;1,000000000000000000000
2470;21750;1,000000000000000000000
2481;13335;0,500000000000000000000
2481;1080816;0,500000000000000000000
2503;383070;1,000000000000000000000
2511;1077888;1,000000000000000000000
2515;1988;1,000000000000000000000
2523;2716;0,333333333333333333333
2523;281170;0,666666666666666666666
2555;3876;0,800000000000000000000
2555;1142847;0,200000000000000000000
2559;464;0,600000000000000000000
2559;1503;0,200000000000000000000
2559;2594;0,200000000000000000000
2561;1048958;0,500000000000000000000
2561;1142637;0,500000000000000000000
2578;3436;0,500000000000000000000
2578;9026;0,500000000000000000000
2591;2559;1,000000000000000000000
2600;7741;1,000000000000000000000
2607;752;0,500000000000000000000
2607;3971;0,500000000000000000000
2642;2396;0,500000000000000000000
2642;3905;0,500000000000000000000
2661;7160;1,000000000000000000000
2664;1340;0,500000000000000000000
2664;17207;0,500000000000000000000
2678;10860;1,000000000000000000000
2683;7939;1,000000000000000000000
2697;846;1,000000000000000000000
2713;1889;0,500000000000000000000
2713;6347;0,500000000000000000000
2716;100;0,166666666666666666666
2716;2523;0,833333333333333333333
2739;2736;1,000000000000000000000
2741;972;0,333333333333333333333
2741;8786;0,333333333333333333333
2741;221895;0,333333333333333333333
2779;866;0,400000000000000000000
2779;3714;0,200000000000000000000
2779;9026;0,400000000000000000000
2792;320;0,500000000000000000000
2792;4244;0,500000000000000000000
2823;3141;1,000000000000000000000
2826;1321;0,400000000000000000000
2826;2825;0,200000000000000000000
2826;3268;0,200000000000000000000
2826;27719;0,200000000000000000000
2834;845;0,333333333333333333333
2834;846;0,333333333333333333333
2834;2863;0,333333333333333333333
2850;306;1,000000000000000000000
2852;2269;1,000000000000000000000
2897;1092;0,875000000000000000000
2897;12159;0,125000000000000000000
2950;2200;1,000000000000000000000
2961;1069;1,000000000000000000000
2972;1080816;1,000000000000000000000
2998;1173768;1,000000000000000000000
3029;3557;0,333333333333333333333
3029;5464;0,666666666666666666666
3033;61;0,500000000000000000000
3033;286660;0,500000000000000000000
3045;2706;1,000000000000000000000
3069;642;0,416666666666666666666
3069;1965;0,583333333333333333333
3091;240;1,000000000000000000000
3095;17323;1,000000000000000000000
3100;8827;1,000000000000000000000
3103;540;1,000000000000000000000
3105;658;1,000000000000000000000
3141;1231;0,370370370370370370370
3141;2736;0,037037037037037037037
3141;2823;0,111111111111111111111
3141;3145;0,111111111111111111111
3141;3996;0,111111111111111111111
3141;6503;0,074074074074074074074
3141;6518;0,037037037037037037037
3141;57838;0,111111111111111111111
3141;1107578;0,037037037037037037037
3143;703;0,142857142857142857142
3143;1280;0,142857142857142857142
3143;2362;0,142857142857142857142
3143;3966;0,142857142857142857142
3143;6800;0,142857142857142857142
3143;7416;0,142857142857142857142
3143;9194;0,142857142857142857142
3145;135;0,142857142857142857142
3145;3141;0,714285714285714285714
3145;6045;0,142857142857142857142
3158;2223;1,000000000000000000000
3169;35;0,444444444444444444444
3169;4991;0,222222222222222222222
3169;6929;0,333333333333333333333
3182;5464;1,000000000000000000000
3188;1277;1,000000000000000000000
3222;1092;1,000000000000000000000
3233;990;1,000000000000000000000
3235;2111;0,333333333333333333333
3235;9360;0,333333333333333333333
3235;374246;0,333333333333333333333
3271;5564;1,000000000000000000000
3304;347;1,000000000000000000000
3315;249;0,500000000000000000000
3315;934;0,500000000000000000000
3318;12850;1,000000000000000000000
3344;7275;1,000000000000000000000
3356;524;0,909090909090909090909
3356;866;0,090909090909090909090
3359;313;0,071428571428571428571
3359;1321;0,071428571428571428571
3359;1402;0,071428571428571428571
3359;1453;0,071428571428571428571
3359;1632;0,071428571428571428571
3359;1692;0,071428571428571428571
3359;1699;0,071428571428571428571
3359;1705;0,071428571428571428571
3359;1769;0,071428571428571428571
3359;2254;0,071428571428571428571
3359;2826;0,071428571428571428571
3359;4386;0,071428571428571428571
3359;21502;0,071428571428571428571
3359;529797;0,071428571428571428571
3383;196;1,000000000000000000000
3392;1278;1,000000000000000000000
3401;6915;1,000000000000000000000
3403;883;0,500000000000000000000
3403;887;0,500000000000000000000
3414;4262;1,000000000000000000000
3417;351;1,000000000000000000000
3429;3045;0,666666666666666666666
3429;3473;0,333333333333333333333
3443;876;1,000000000000000000000
3458;3457;0,666666666666666666666
3458;12572;0,333333333333333333333
3465;681;1,000000000000000000000
3515;668;1,000000000000000000000
3523;354;0,142857142857142857142
3523;2547;0,142857142857142857142
3523;15643;0,142857142857142857142
3523;78108;0,285714285714285714285
3523;906176;0,285714285714285714285
3551;148;0,750000000000000000000
3551;573;0,250000000000000000000
3574;4024;1,000000000000000000000
3587;1938;0,500000000000000000000
3587;3588;0,500000000000000000000
3601;96;0,200000000000000000000
3601;249;0,200000000000000000000
3601;1988;0,200000000000000000000
3601;2515;0,200000000000000000000
3601;13253;0,200000000000000000000
3665;1650;1,000000000000000000000
3675;822;0,333333333333333333333
3675;1598;0,333333333333333333333
3675;2239;0,333333333333333333333
3685;5627;0,250000000000000000000
3685;8267;0,250000000000000000000
3685;8306;0,250000000000000000000
3685;15643;0,250000000000000000000
3714;2779;1,000000000000000000000
3738;521;0,333333333333333333333
3738;706;0,333333333333333333333
3738;1315;0,333333333333333333333
3753;96;0,666666666666666666666
3753;5578;0,333333333333333333333
3763;498;1,000000000000000000000
3766;749;1,000000000000000000000
3779;458;1,000000000000000000000
3800;521;1,000000000000000000000
3802;1278;0,200000000000000000000
3802;59745;0,800000000000000000000
3809;13504;1,000000000000000000000
3811;7741;1,000000000000000000000
3850;229;1,000000000000000000000
3857;1873;0,250000000000000000000
3857;3753;0,250000000000000000000
3857;659899;0,500000000000000000000
3911;306;1,000000000000000000000
3944;266;0,200000000000000000000
3944;2383;0,400000000000000000000
3944;5681;0,200000000000000000000
3944;1082368;0,200000000000000000000
3957;7209;1,000000000000000000000
3971;408414;1,000000000000000000000
3983;1122;1,000000000000000000000
3996;71;0,250000000000000000000
3996;3141;0,750000000000000000000
3999;17269;1,000000000000000000000
4004;727;0,333333333333333333333
4004;1307;0,333333333333333333333
4004;3763;0,333333333333333333333
4031;3091;1,000000000000000000000
4048;26251;0,500000000000000000000
4048;533247;0,500000000000000000000
4058;2287;1,000000000000000000000
4059;1196;0,666666666666666666666
4059;5005;0,333333333333333333333
4099;122436;1,000000000000000000000
4148;9;0,666666666666666666666
4148;59841;0,333333333333333333333
4160;12;1,000000000000000000000
4173;754;1,000000000000000000000
4225;761;0,250000000000000000000
4225;1650;0,250000000000000000000
4225;6048;0,250000000000000000000
4225;8156;0,250000000000000000000
4237;1879;1,000000000000000000000
4240;9807;1,000000000000000000000
4262;3414;1,000000000000000000000
4269;115;1,000000000000000000000
4280;4281;0,250000000000000000000
4280;5351;0,250000000000000000000
4280;6581;0,250000000000000000000
4280;18247;0,250000000000000000000
4281;4280;0,285714285714285714285
4281;5351;0,142857142857142857142
4281;9807;0,428571428571428571428
4281;18247;0,142857142857142857142
4283;4471;1,000000000000000000000
4317;1048958;1,000000000000000000000
4355;306;0,333333333333333333333
4355;5089;0,111111111111111111111
4355;23930;0,222222222222222222222
4355;110738;0,333333333333333333333
4359;8489;0,333333333333333333333
4359;163510;0,333333333333333333333
4359;1173953;0,333333333333333333333
4364;2318;1,000000000000000000000
4377;652;1,000000000000000000000
4462;1717;0,333333333333333333333
4462;4432;0,333333333333333333333
4462;4463;0,333333333333333333333
4471;1482;0,333333333333333333333
4471;3675;0,333333333333333333333
4471;4442;0,333333333333333333333
4472;2276;1,000000000000000000000
4518;2470;0,500000000000000000000
4518;9694;0,500000000000000000000
4522;2372;0,500000000000000000000
4522;2544;0,500000000000000000000
4552;41;0,500000000000000000000
4552;1261;0,500000000000000000000
4553;1154;0,333333333333333333333
4553;2302;0,333333333333333333333
4553;443599;0,333333333333333333333
4572;5373;1,000000000000000000000
4592;2390;0,666666666666666666666
4592;10020;0,333333333333333333333
4686;1135;0,500000000000000000000
4686;1764;0,500000000000000000000
4729;2487;1,000000000000000000000
4772;839;0,142857142857142857142
4772;1717;0,571428571428571428571
4772;6465;0,142857142857142857142
4772;728154;0,142857142857142857142
4821;983;0,500000000000000000000
4821;1107578;0,500000000000000000000
4876;4877;0,500000000000000000000
4876;368117;0,500000000000000000000
4877;5635;1,000000000000000000000
4885;2598;1,000000000000000000000
4901;866;1,000000000000000000000
5001;2204;1,000000000000000000000
5053;1840;1,000000000000000000000
5071;1391;1,000000000000000000000
5089;211;1,000000000000000000000
5142;7160;0,200000000000000000000
5142;12876;0,800000000000000000000
5148;1286;0,500000000000000000000
5148;3664;0,500000000000000000000
5167;190;0,333333333333333333333
5167;2052;0,333333333333333333333
5167;3781;0,333333333333333333333
5177;1069;1,000000000000000000000
5219;1101;0,200000000000000000000
5219;2046;0,200000000000000000000
5219;5564;0,200000000000000000000
5219;9418;0,400000000000000000000
5232;17727;1,000000000000000000000
5309;9905;1,000000000000000000000
5437;18258;1,000000000000000000000
5440;644;0,142857142857142857142
5440;1066;0,428571428571428571428
5440;2434;0,428571428571428571428
5449;5042;1,000000000000000000000
5464;3029;0,666666666666666666666
5464;3129;0,333333333333333333333
5470;3551;0,500000000000000000000
5470;113392;0,500000000000000000000
5487;1066;1,000000000000000000000
5519;5922;1,000000000000000000000
5530;9396;1,000000000000000000000
5543;7131;0,500000000000000000000
5543;9905;0,500000000000000000000
5564;192;0,125000000000000000000
5564;866;0,062500000000000000000
5564;977;0,062500000000000000000
5564;1101;0,125000000000000000000
5564;1109;0,062500000000000000000
5564;2017;0,062500000000000000000
5564;2046;0,125000000000000000000
5564;3271;0,062500000000000000000
5564;5691;0,125000000000000000000
5564;7747;0,062500000000000000000
5564;10946;0,125000000000000000000
5578;3753;1,000000000000000000000
5603;4307;1,000000000000000000000
5613;2851;0,923076923076923076923
5613;5061;0,076923076923076923076
5616;1085;0,500000000000000000000
5616;28130;0,500000000000000000000
5617;13704;0,500000000000000000000
5617;40028;0,500000000000000000000
5623;706;1,000000000000000000000
5626;249;0,045454545454545454545
5626;407;0,272727272727272727272
5626;458;0,045454545454545454545
5626;713;0,045454545454545454545
5626;975;0,045454545454545454545
5626;1085;0,045454545454545454545
5626;1180;0,136363636363636363636
5626;1556;0,045454545454545454545
5626;3829;0,045454545454545454545
5626;4877;0,045454545454545454545
5626;6006;0,090909090909090909090
5626;8223;0,045454545454545454545
5626;9940;0,090909090909090909090
5640;982;0,200000000000000000000
5640;8253;0,200000000000000000000
5640;17502;0,200000000000000000000
5640;28092;0,200000000000000000000
5640;28875;0,200000000000000000000
5647;444;0,083333333333333333333
5647;849;0,083333333333333333333
5647;850;0,083333333333333333333
5647;1024;0,083333333333333333333
5647;1574;0,166666666666666666666
5647;4344;0,083333333333333333333
5647;13482;0,083333333333333333333
5647;24113;0,083333333333333333333
5647;29667;0,083333333333333333333
5647;55134;0,083333333333333333333
5647;511019;0,083333333333333333333
5681;3944;0,333333333333333333333
5681;4380;0,333333333333333333333
5681;4493;0,333333333333333333333
5691;242;0,500000000000000000000
5691;2739;0,250000000000000000000
5691;5564;0,250000000000000000000
5892;8723;0,666666666666666666666
5892;10080;0,333333333333333333333
5922;5519;1,000000000000000000000
5935;1778;1,000000000000000000000
5991;3038;0,500000000000000000000
5991;3738;0,500000000000000000000
6000;2140;1,000000000000000000000
6027;6509;1,000000000000000000000
6169;1938;1,000000000000000000000
6213;57838;1,000000000000000000000
6347;250;0,500000000000000000000
6347;2713;0,500000000000000000000
6503;3141;1,000000000000000000000
6509;2736;1,000000000000000000000
6518;6509;1,000000000000000000000
6535;615;0,666666666666666666666
6535;2713;0,333333333333333333333
6581;20969;1,000000000000000000000
6609;1591;1,000000000000000000000
6723;157551;1,000000000000000000000
6734;25205;1,000000000000000000000
6773;681;1,000000000000000000000
6788;1897;1,000000000000000000000
6929;3169;1,000000000000000000000
6962;826;0,166666666666666666666
6962;112062;0,500000000000000000000
6962;408414;0,333333333333333333333
7049;1570;0,210526315789473684210
7049;1583;0,368421052631578947368
7049;10020;0,210526315789473684210
7049;12907;0,210526315789473684210
7116;1889;0,666666666666666666666
7116;3045;0,333333333333333333333
7128;54;1,000000000000000000000
7131;5543;0,500000000000000000000
7131;909216;0,500000000000000000000
7142;85;1,000000000000000000000
7160;135;0,100000000000000000000
7160;475;0,300000000000000000000
7160;2661;0,200000000000000000000
7160;2713;0,100000000000000000000
7160;5142;0,100000000000000000000
7160;12907;0,100000000000000000000
7160;499117;0,100000000000000000000
7209;100;0,250000000000000000000
7209;2206;0,250000000000000000000
7209;3957;0,500000000000000000000
7389;1840;1,000000000000000000000
7543;1898;0,046511627906976744186
7543;2743;0,093023255813953488372
7543;2786;0,046511627906976744186
7543;3007;0,069767441860465116279
7543;3420;0,069767441860465116279
7543;4587;0,023255813953488372093
7543;5136;0,023255813953488372093
7543;7975;0,069767441860465116279
7543;12959;0,069767441860465116279
7543;23759;0,023255813953488372093
7543;27613;0,023255813953488372093
7543;152027;0,395348837209302325581
7543;329272;0,046511627906976744186
7574;184;1,000000000000000000000
7578;520;0,142857142857142857142
7578;1182;0,142857142857142857142
7578;4225;0,142857142857142857142
7578;4497;0,428571428571428571428
7578;5935;0,142857142857142857142
7626;975;0,250000000000000000000
7626;1058;0,250000000000000000000
7626;10682;0,250000000000000000000
7626;248840;0,125000000000000000000
7626;398786;0,125000000000000000000
7741;1182;0,100000000000000000000
7741;1514;0,100000000000000000000
7741;2600;0,100000000000000000000
7741;3374;0,100000000000000000000
7741;3811;0,100000000000000000000
7741;4108;0,100000000000000000000
7741;4307;0,100000000000000000000
7741;4681;0,100000000000000000000
7741;5012;0,100000000000000000000
7741;9722;0,100000000000000000000
7747;9208;1,000000000000000000000
7759;284854;0,500000000000000000000
7759;308238;0,500000000000000000000
7793;2054;1,000000000000000000000
8009;8281;1,000000000000000000000
8106;1713;0,500000000000000000000
8106;2512;0,500000000000000000000
8212;2512;1,000000000000000000000
8229;296;0,333333333333333333333
8229;3212;0,666666666666666666666
8281;59;1,000000000000000000000
8306;2350;0,500000000000000000000
8306;393418;0,500000000000000000000
8440;1182;0,500000000000000000000
8440;4379;0,500000000000000000000
8442;479;0,500000000000000000000
8442;520;0,500000000000000000000
8445;1016;1,000000000000000000000
8446;3374;1,000000000000000000000
8465;8438;1,000000000000000000000
8473;479;0,666666666666666666666
8473;1439;0,166666666666666666666
8473;3436;0,166666666666666666666
8478;1556;1,000000000000000000000
8489;11;0,250000000000000000000
8489;4359;0,250000000000000000000
8489;5223;0,250000000000000000000
8489;5872;0,250000000000000000000
8493;3980;1,000000000000000000000
8580;8899;1,000000000000000000000
8623;1419;1,000000000000000000000
8630;10020;1,000000000000000000000
8633;4748;1,000000000000000000000
8705;13644;1,000000000000000000000
8723;1744;0,333333333333333333333
8723;5892;0,666666666666666666666
8756;1085;1,000000000000000000000
8786;122;0,375000000000000000000
8786;2741;0,375000000000000000000
8786;4890;0,250000000000000000000
8805;1265;1,000000000000000000000
8827;3100;1,000000000000000000000
8839;10941;1,000000000000000000000
8899;2367;0,500000000000000000000
8899;8580;0,500000000000000000000
8909;2489;0,333333333333333333333
8909;2838;0,333333333333333333333
8909;189452;0,333333333333333333333
8928;2427;0,500000000000000000000
8928;4283;0,500000000000000000000
9026;2779;1,000000000000000000000
9356;189452;1,000000000000000000000
9385;9396;1,000000000000000000000
9392;127;0,500000000000000000000
9392;3998;0,500000000000000000000
9396;526;0,600000000000000000000
9396;5530;0,200000000000000000000
9396;9385;0,200000000000000000000
9412;4829;1,000000000000000000000
9418;1101;0,500000000000000000000
9418;5219;0,500000000000000000000
9483;928;0,500000000000000000000
9483;12436;0,500000000000000000000
9624;911;1,000000000000000000000
9660;547708;1,000000000000000000000
9686;19402;1,000000000000000000000
9722;808;0,166666666666666666666
9722;1227;0,166666666666666666666
9722;7741;0,083333333333333333333
9722;9762;0,250000000000000000000
9722;908758;0,166666666666666666666
9722;1103804;0,166666666666666666666
9730;1996;1,000000000000000000000
9806;9807;1,000000000000000000000
9807;4281;1,000000000000000000000
9831;13599;1,000000000000000000000
9940;964;0,500000000000000000000
9940;5626;0,250000000000000000000
9940;908617;0,250000000000000000000
9982;2137;1,000000000000000000000
10000;3116;1,000000000000000000000
10020;3381;1,000000000000000000000
10093;2230;1,000000000000000000000
10109;1639;1,000000000000000000000
10359;317;1,000000000000000000000
10649;749;0,800000000000000000000
10649;9395;0,200000000000000000000
10682;7626;1,000000000000000000000
10941;8839;0,500000000000000000000
10941;14048;0,500000000000000000000
10946;192;0,666666666666666666666
10946;5564;0,333333333333333333333
11235;1596;1,000000000000000000000
12156;772;0,025000000000000000000
12156;853;0,075000000000000000000
12156;1319;0,075000000000000000000
12156;1717;0,100000000000000000000
12156;2073;0,025000000000000000000
12156;4430;0,075000000000000000000
12156;4470;0,075000000000000000000
12156;4772;0,100000000000000000000
12156;5526;0,075000000000000000000
12156;8873;0,075000000000000000000
12156;9090;0,075000000000000000000
12156;13622;0,075000000000000000000
12156;27862;0,075000000000000000000
12156;122436;0,075000000000000000000
12159;738;0,500000000000000000000
12159;1092;0,500000000000000000000
12372;1705;1,000000000000000000000
12596;1180;1,000000000000000000000
12698;54;1,000000000000000000000
12768;3940;1,000000000000000000000
12826;983;1,000000000000000000000
12850;3318;1,000000000000000000000
12864;4890;1,000000000000000000000
12876;85;0,125000000000000000000
12876;5142;0,875000000000000000000
12936;1503;1,000000000000000000000
13253;1513;0,750000000000000000000
13253;1988;0,250000000000000000000
13265;970;1,000000000000000000000
13335;423;0,125000000000000000000
13335;9367;0,125000000000000000000
13335;14742;0,750000000000000000000
13369;1206;1,000000000000000000000
13372;1650;1,000000000000000000000
13396;1080900;1,000000000000000000000
13419;8199;1,000000000000000000000
13452;1083;1,000000000000000000000
13504;3809;1,000000000000000000000
13644;8705;1,000000000000000000000
13814;266;1,000000000000000000000
14050;8268;1,000000000000000000000
14151;96;0,076923076923076923076
14151;250;0,153846153846153846153
14151;796;0,038461538461538461538
14151;885;0,038461538461538461538
14151;1111;0,038461538461538461538
14151;1160;0,076923076923076923076
14151;1162;0,038461538461538461538
14151;1600;0,038461538461538461538
14151;2794;0,038461538461538461538
14151;4538;0,038461538461538461538
14151;5005;0,115384615384615384615
14151;6535;0,076923076923076923076
14151;83231;0,038461538461538461538
14151;239963;0,038461538461538461538
14151;239966;0,038461538461538461538
14151;239969;0,038461538461538461538
14151;323416;0,038461538461538461538
14151;335189;0,038461538461538461538
14269;16665;1,000000000000000000000
15471;14;0,200000000000000000000
15471;731;0,400000000000000000000
15471;95154;0,200000000000000000000
15471;282773;0,200000000000000000000
15643;71;0,019801980198019801980
15643;131;0,019801980198019801980
15643;135;0,019801980198019801980
15643;194;0,019801980198019801980
15643;277;0,019801980198019801980
15643;296;0,019801980198019801980
15643;352;0,019801980198019801980
15643;354;0,019801980198019801980
15643;404;0,019801980198019801980
15643;425;0,019801980198019801980
15643;427;0,019801980198019801980
15643;443;0,019801980198019801980
15643;749;0,019801980198019801980
15643;796;0,019801980198019801980
15643;1118;0,019801980198019801980
15643;1122;0,019801980198019801980
15643;1149;0,029702970297029702970
15643;1180;0,019801980198019801980
15643;1366;0,019801980198019801980
15643;1692;0,019801980198019801980
15643;1892;0,009900990099009900990
15643;1946;0,019801980198019801980
15643;2112;0,019801980198019801980
15643;2445;0,019801980198019801980
15643;2489;0,019801980198019801980
15643;2504;0,019801980198019801980
15643;2825;0,019801980198019801980
15643;3315;0,019801980198019801980
15643;3317;0,009900990099009900990
15643;3446;0,019801980198019801980
15643;3523;0,029702970297029702970
15643;3607;0,029702970297029702970
15643;3685;0,019801980198019801980
15643;4004;0,019801980198019801980
15643;4344;0,019801980198019801980
15643;4530;0,019801980198019801980
15643;5071;0,019801980198019801980
15643;6297;0,019801980198019801980
15643;6627;0,019801980198019801980
15643;7605;0,019801980198019801980
15643;7713;0,019801980198019801980
15643;9047;0,019801980198019801980
15643;10359;0,009900990099009900990
15643;20235;0,019801980198019801980
15643;27887;0,009900990099009900990
15643;29085;0,009900990099009900990
15643;59745;0,009900990099009900990
15643;59841;0,019801980198019801980
15643;78108;0,019801980198019801980
15643;98841;0,019801980198019801980
15643;604246;0,019801980198019801980
15643;1064740;0,019801980198019801980
16497;1041;1,000000000000000000000
16665;14269;1,000000000000000000000
17269;351;1,000000000000000000000
17302;7741;1,000000000000000000000
18247;4281;1,000000000000000000000
18258;5437;1,000000000000000000000
18525;1453;1,000000000000000000000
18641;131383;1,000000000000000000000
19402;1854;1,000000000000000000000
20801;5666;1,000000000000000000000
20969;6581;1,000000000000000000000
21697;1107578;1,000000000000000000000
23228;1903;0,333333333333333333333
23228;1912;0,333333333333333333333
23228;1913;0,333333333333333333333
23930;1843;1,000000000000000000000
26251;4048;1,000000000000000000000
27141;918;1,000000000000000000000
27269;1608;1,000000000000000000000
27373;2398;1,000000000000000000000
27416;13253;1,000000000000000000000
27426;1107578;1,000000000000000000000
27478;26251;1,000000000000000000000
27557;16487;1,000000000000000000000
27931;100;0,500000000000000000000
27931;191488;0,500000000000000000000
28156;13;1,000000000000000000000
28405;615;0,666666666666666666666
28405;2515;0,333333333333333333333
28528;854;1,000000000000000000000
28615;1083;1,000000000000000000000
30811;25264;0,500000000000000000000
30811;653504;0,500000000000000000000
31343;96;0,142857142857142857142
31343;1873;0,285714285714285714285
31343;3857;0,142857142857142857142
31343;4825;0,428571428571428571428
31885;17273;1,000000000000000000000
38589;625;0,500000000000000000000
38589;6203;0,500000000000000000000
40028;979;1,000000000000000000000
45604;1439;1,000000000000000000000
55134;959966;1,000000000000000000000
57838;3141;1,000000000000000000000
59745;71;0,027027027027027027027
59745;100;0,054054054054054054054
59745;138;0,054054054054054054054
59745;354;0,027027027027027027027
59745;695;0,081081081081081081081
59745;984;0,027027027027027027027
59745;1169;0,054054054054054054054
59745;1943;0,054054054054054054054
59745;1946;0,027027027027027027027
59745;3802;0,135135135135135135135
59745;4512;0,054054054054054054054
59745;98841;0,054054054054054054054
59745;131383;0,054054054054054054054
59745;366089;0,108108108108108108108
59745;408414;0,027027027027027027027
59745;689181;0,027027027027027027027
59745;1173768;0,135135135135135135135
64082;5037;1,000000000000000000000
65998;12664;0,500000000000000000000
65998;66075;0,500000000000000000000
66075;538;0,285714285714285714285
66075;2175;0,142857142857142857142
66075;17280;0,285714285714285714285
66075;17281;0,285714285714285714285
67275;749;1,000000000000000000000
71411;748;0,500000000000000000000
71411;75827;0,500000000000000000000
77678;887;1,000000000000000000000
78108;662;0,307692307692307692307
78108;984;0,076923076923076923076
78108;3523;0,307692307692307692307
78108;59745;0,076923076923076923076
78108;366089;0,076923076923076923076
78108;408414;0,153846153846153846153
95154;15471;1,000000000000000000000
98841;662;0,750000000000000000000
98841;695;0,250000000000000000000
110738;4355;1,000000000000000000000
112062;475;0,052631578947368421052
112062;749;0,263157894736842105263
112062;826;0,210526315789473684210
112062;983;0,157894736842105263157
112062;6962;0,052631578947368421052
112062;57838;0,105263157894736842105
112062;366089;0,052631578947368421052
112062;408414;0,105263157894736842105
113392;296;0,500000000000000000000
113392;2350;0,500000000000000000000
114536;437;1,000000000000000000000
116140;72;0,333333333333333333333
116140;8253;0,333333333333333333333
116140;1122255;0,333333333333333333333
131383;695;0,666666666666666666666
131383;623129;0,333333333333333333333
140175;860;1,000000000000000000000
144425;615;0,052631578947368421052
144425;4098;0,894736842105263157894
144425;5042;0,052631578947368421052
146462;1988;0,500000000000000000000
146462;4881;0,500000000000000000000
157662;302;1,000000000000000000000
163510;11;0,333333333333333333333
163510;678;0,333333333333333333333
163510;860;0,333333333333333333333
189452;5624;0,333333333333333333333
189452;9356;0,333333333333333333333
189452;307900;0,333333333333333333333
191488;27931;1,000000000000000000000
193005;845;1,000000000000000000000
229072;1988;0,500000000000000000000
229072;2461;0,500000000000000000000
239964;1713;1,000000000000000000000
239965;796;1,000000000000000000000
239969;85;0,200000000000000000000
239969;238453;0,200000000000000000000
239969;239963;0,600000000000000000000
248832;347540;1,000000000000000000000
248835;761;1,000000000000000000000
248836;1556;1,000000000000000000000
248837;1107305;1,000000000000000000000
248838;3374;1,000000000000000000000
248841;66;0,666666666666666666666
248841;1556;0,333333333333333333333
251573;122;1,000000000000000000000
255726;5660;0,500000000000000000000
255726;14151;0,500000000000000000000
276695;813240;1,000000000000000000000
278351;706;1,000000000000000000000
281170;2523;1,000000000000000000000
282900;2956;1,000000000000000000000
283633;2302;1,000000000000000000000
284853;228;1,000000000000000000000
284854;7759;1,000000000000000000000
286660;975;1,000000000000000000000
306994;407;0,200000000000000000000
306994;458;0,400000000000000000000
306994;5626;0,400000000000000000000
308238;7759;1,000000000000000000000
321395;80;0,500000000000000000000
321395;876;0,500000000000000000000
323416;261;1,000000000000000000000
326597;564;1,000000000000000000000
328526;9730;1,000000000000000000000
329272;8489;1,000000000000000000000
333184;65;1,000000000000000000000
335189;1754;1,000000000000000000000
336063;749;0,333333333333333333333
336063;1162;0,333333333333333333333
336063;14151;0,333333333333333333333
336640;1637;1,000000000000000000000
343358;115;1,000000000000000000000
343424;4993;1,000000000000000000000
347540;248832;1,000000000000000000000
349041;194;0,444444444444444444444
349041;628;0,111111111111111111111
349041;837;0,111111111111111111111
349041;1762;0,111111111111111111111
349041;1940;0,222222222222222222222
352262;2359;1,000000000000000000000
366089;71;0,214285714285714285714
366089;194;0,071428571428571428571
366089;662;0,071428571428571428571
366089;983;0,285714285714285714285
366089;1117;0,071428571428571428571
366089;1169;0,142857142857142857142
366089;59745;0,071428571428571428571
366089;408414;0,071428571428571428571
366867;1182;0,500000000000000000000
366867;5603;0,500000000000000000000
368117;4876;0,066666666666666666666
368117;7748;0,933333333333333333333
373677;11369;1,000000000000000000000
374246;658;0,250000000000000000000
374246;2111;0,250000000000000000000
374246;653504;0,500000000000000000000
377520;1771;1,000000000000000000000
381254;184;1,000000000000000000000
381277;458;0,500000000000000000000
381277;713;0,500000000000000000000
383070;2503;1,000000000000000000000
389498;39;1,000000000000000000000
393418;37;0,166666666666666666666
393418;6461;0,833333333333333333333
398786;229;0,111111111111111111111
398786;749;0,777777777777777777777
398786;398787;0,111111111111111111111
403195;213;1,000000000000000000000
408414;43;0,069767441860465116279
408414;138;0,069767441860465116279
408414;307;0,023255813953488372093
408414;475;0,023255813953488372093
408414;1169;0,162790697674418604651
408414;1329;0,023255813953488372093
408414;2196;0,046511627906976744186
408414;6962;0,046511627906976744186
408414;20235;0,023255813953488372093
408414;59745;0,116279069767441860465
408414;78108;0,023255813953488372093
408414;98068;0,023255813953488372093
408414;112062;0,069767441860465116279
408414;366089;0,023255813953488372093
408414;442813;0,023255813953488372093
408414;1051510;0,046511627906976744186
408414;1173768;0,186046511627906976744
442813;3944;1,000000000000000000000
459252;682;1,000000000000000000000
474028;829;0,333333333333333333333
474028;1117;0,333333333333333333333
474028;1569;0,333333333333333333333
488062;2004;1,000000000000000000000
529797;1840;1,000000000000000000000
547708;9660;1,000000000000000000000
547774;15975;1,000000000000000000000
559679;2364;1,000000000000000000000
584314;859;1,000000000000000000000
622466;131;0,333333333333333333333
622466;311584;0,333333333333333333333
622466;1142431;0,333333333333333333333
623129;845;0,250000000000000000000
623129;982;0,083333333333333333333
623129;1041;0,666666666666666666666
629364;1723;1,000000000000000000000
642255;452;0,111111111111111111111
642255;668;0,111111111111111111111
642255;819;0,111111111111111111111
642255;876;0,333333333333333333333
642255;1130;0,222222222222222222222
642255;59745;0,111111111111111111111
653504;3235;0,500000000000000000000
653504;374246;0,500000000000000000000
665791;668;0,500000000000000000000
665791;754;0,500000000000000000000
704910;1122255;1,000000000000000000000
714174;89703;1,000000000000000000000
764124;1173953;1,000000000000000000000
791903;281;1,000000000000000000000
813240;194;0,058823529411764705882
813240;249;0,117647058823529411764
813240;1342;0,176470588235294117647
813240;1898;0,235294117647058823529
813240;4359;0,058823529411764705882
813240;4747;0,058823529411764705882
813240;276695;0,058823529411764705882
813240;329272;0,235294117647058823529
834579;3891;1,000000000000000000000
883847;157662;1,000000000000000000000
908617;407;0,250000000000000000000
908617;713;0,250000000000000000000
908617;5626;0,250000000000000000000
908617;306994;0,250000000000000000000
908758;9722;1,000000000000000000000
909216;7131;1,000000000000000000000
931417;232;0,600000000000000000000
931417;437;0,200000000000000000000
931417;1700;0,200000000000000000000
959966;1574;1,000000000000000000000
983252;1263;1,000000000000000000000
985164;4070;1,000000000000000000000
1036379;1940;0,750000000000000000000
1036379;349041;0,250000000000000000000
1048958;3716;0,400000000000000000000
1048958;1110539;0,600000000000000000000
1080816;2364;0,400000000000000000000
1080816;2972;0,600000000000000000000
1080900;2364;0,052631578947368421052
1080900;2481;0,052631578947368421052
1080900;3390;0,052631578947368421052
1080900;5117;0,052631578947368421052
1080900;13335;0,052631578947368421052
1080900;13396;0,157894736842105263157
1080900;23843;0,052631578947368421052
1080900;28092;0,052631578947368421052
1080900;431565;0,052631578947368421052
1080900;559679;0,052631578947368421052
1080900;896624;0,210526315789473684210
1080900;1122255;0,052631578947368421052
1080900;1203580;0,105263157894736842105
1082368;115;0,200000000000000000000
1082368;266;0,600000000000000000000
1082368;3944;0,200000000000000000000
1096171;61;0,500000000000000000000
1096171;3188;0,500000000000000000000
1101851;4621;1,000000000000000000000
1103804;9722;1,000000000000000000000
1107305;38;0,333333333333333333333
1107305;749;0,333333333333333333333
1107305;248837;0,333333333333333333333
1107578;3141;0,500000000000000000000
1107578;21697;0,250000000000000000000
1107578;1142431;0,250000000000000000000
1110187;3496;1,000000000000000000000
1110539;837;0,142857142857142857142
1110539;2800;0,142857142857142857142
1110539;1048958;0,571428571428571428571
1110539;1128679;0,142857142857142857142
1121004;964;1,000000000000000000000
1123792;527;1,000000000000000000000
1128679;1762;0,500000000000000000000
1128679;1110539;0,500000000000000000000
1173768;628;0,102564102564102564102
1173768;1169;0,179487179487179487179
1173768;1695;0,025641025641025641025
1173768;2998;0,025641025641025641025
1173768;59745;0,358974358974358974358
1173768;366089;0,051282051282051282051
1173768;408414;0,230769230769230769230
1173768;891311;0,025641025641025641025
1173953;4359;1,000000000000000000000
1204501;1822;0,500000000000000000000
1204501;10103;0,500000000000000000000
