22;4086;1,000000000000000000000
46;1445;0,400000000000000000000
46;8590;0,400000000000000000000
46;9261;0,200000000000000000000
48;8590;1,000000000000000000000
54;1116;0,500000000000000000000
54;2792;0,250000000000000000000
54;4041;0,250000000000000000000
57;890;0,500000000000000000000
57;4852;0,250000000000000000000
57;7686;0,250000000000000000000
65;695;0,333333333333333333333
65;3085;0,666666666666666666666
71;194;0,076923076923076923076
71;529;0,076923076923076923076
71;1276;0,076923076923076923076
71;3235;0,076923076923076923076
71;4512;0,076923076923076923076
71;192866;0,615384615384615384615
72;2500;1,000000000000000000000
77;1121;0,500000000000000000000
77;10946;0,500000000000000000000
80;219;0,035087719298245614035
80;224;0,017543859649122807017
80;324;0,017543859649122807017
80;502;0,087719298245614035087
80;531;0,017543859649122807017
80;668;0,228070175438596491228
80;876;0,087719298245614035087
80;1129;0,017543859649122807017
80;1131;0,017543859649122807017
80;1248;0,035087719298245614035
80;2516;0,105263157894736842105
80;2518;0,052631578947368421052
80;3443;0,035087719298245614035
80;3515;0,105263157894736842105
80;3625;0,087719298245614035087
80;4173;0,017543859649122807017
80;18885;0,017543859649122807017
80;65193;0,017543859649122807017
83;671;0,111111111111111111111
83;1504;0,222222222222222222222
83;1862;0,111111111111111111111
83;5239;0,222222222222222222222
83;5591;0,111111111111111111111
83;6635;0,222222222222222222222
96;42;0,100000000000000000000
96;85;0,100000000000000000000
96;122;0,100000000000000000000
96;210;0,100000000000000000000
96;251;0,200000000000000000000
96;615;0,200000000000000000000
96;7130;0,100000000000000000000
96;137801;0,100000000000000000000
100;695;1,000000000000000000000
101;3234;1,000000000000000000000
102;1165;1,000000000000000000000
104;163;0,428571428571428571428
104;172;0,285714285714285714285
104;1498;0,142857142857142857142
104;4472;0,142857142857142857142
108;1340;0,500000000000000000000
108;1510;0,500000000000000000000
119;179346;1,000000000000000000000
120;8566;1,000000000000000000000
127;2825;0,571428571428571428571
127;3748;0,428571428571428571428
132;550;1,000000000000000000000
135;13;0,043478260869565217391
135;1234;0,086956521739130434782
135;1262;0,043478260869565217391
135;1815;0,521739130434782608695
135;1939;0,043478260869565217391
135;2111;0,086956521739130434782
135;2825;0,043478260869565217391
135;4020;0,043478260869565217391
135;9468;0,086956521739130434782
138;61;0,333333333333333333333
138;876;0,666666666666666666666
149;2196;1,000000000000000000000
151;5082;1,000000000000000000000
163;104;0,051282051282051282051
163;768;0,025641025641025641025
163;822;0,025641025641025641025
163;839;0,025641025641025641025
163;937;0,025641025641025641025
163;940;0,025641025641025641025
163;1598;0,025641025641025641025
163;1613;0,025641025641025641025
163;1991;0,025641025641025641025
163;2239;0,025641025641025641025
163;2448;0,025641025641025641025
163;2745;0,025641025641025641025
163;3044;0,025641025641025641025
163;3306;0,025641025641025641025
163;3985;0,025641025641025641025
163;4009;0,025641025641025641025
163;4283;0,025641025641025641025
163;4424;0,025641025641025641025
163;4425;0,025641025641025641025
163;4426;0,025641025641025641025
163;4429;0,025641025641025641025
163;4430;0,051282051282051282051
163;4432;0,025641025641025641025
163;4437;0,025641025641025641025
163;4438;0,025641025641025641025
163;4439;0,025641025641025641025
163;4448;0,025641025641025641025
163;4454;0,025641025641025641025
163;4462;0,025641025641025641025
163;4468;0,025641025641025641025
163;4470;0,025641025641025641025
163;4471;0,025641025641025641025
163;4772;0,025641025641025641025
163;5386;0,025641025641025641025
163;8928;0,025641025641025641025
163;17584;0,025641025641025641025
163;254306;0,025641025641025641025
172;104;0,666666666666666666666
172;245879;0,333333333333333333333
174;437;0,500000000000000000000
174;1454;0,500000000000000000000
179;211;1,000000000000000000000
183;528;0,500000000000000000000
183;2576;0,500000000000000000000
184;7574;1,000000000000000000000
189;1082;0,100000000000000000000
189;1581;0,100000000000000000000
189;1840;0,100000000000000000000
189;3087;0,100000000000000000000
189;4576;0,100000000000000000000
189;6701;0,100000000000000000000
189;7756;0,100000000000000000000
189;9707;0,100000000000000000000
189;18622;0,100000000000000000000
189;21541;0,100000000000000000000
194;71;0,090909090909090909090
194;85;0,090909090909090909090
194;628;0,454545454545454545454
194;695;0,090909090909090909090
194;1563;0,090909090909090909090
194;1754;0,090909090909090909090
194;4512;0,090909090909090909090
199;657;0,250000000000000000000
199;1759;0,500000000000000000000
199;5789;0,250000000000000000000
206;2046;0,333333333333333333333
206;9391;0,666666666666666666666
213;747;0,833333333333333333333
213;2734;0,166666666666666666666
219;224;0,500000000000000000000
219;2518;0,500000000000000000000
224;80;0,071428571428571428571
224;219;0,142857142857142857142
224;324;0,071428571428571428571
224;718;0,071428571428571428571
224;1131;0,071428571428571428571
224;1248;0,071428571428571428571
224;1893;0,071428571428571428571
224;2516;0,071428571428571428571
224;2518;0,071428571428571428571
224;3443;0,071428571428571428571
224;3515;0,071428571428571428571
224;3625;0,071428571428571428571
224;3671;0,071428571428571428571
232;19176;1,000000000000000000000
241;3234;1,000000000000000000000
242;2736;0,250000000000000000000
242;2737;0,250000000000000000000
242;2738;0,250000000000000000000
242;2830;0,250000000000000000000
250;2713;1,000000000000000000000
253;4179;1,000000000000000000000
263;131;0,200000000000000000000
263;420;0,400000000000000000000
263;830;0,200000000000000000000
263;2203;0,200000000000000000000
266;428;0,111111111111111111111
266;1080;0,333333333333333333333
266;3401;0,111111111111111111111
266;3944;0,111111111111111111111
266;13398;0,111111111111111111111
266;13814;0,222222222222222222222
267;251;0,666666666666666666666
267;861;0,333333333333333333333
269;4713;1,000000000000000000000
273;14151;1,000000000000000000000
279;678;0,333333333333333333333
279;2706;0,333333333333333333333
279;7116;0,333333333333333333333
283;1898;0,333333333333333333333
283;4359;0,666666666666666666666
287;14;0,375000000000000000000
287;1216;0,125000000000000000000
287;1262;0,125000000000000000000
287;1829;0,250000000000000000000
287;2073;0,125000000000000000000
288;3360;1,000000000000000000000
289;1402;1,000000000000000000000
290;8348;1,000000000000000000000
291;13;1,000000000000000000000
293;12959;1,000000000000000000000
296;288;1,000000000000000000000
306;1719;0,500000000000000000000
306;7132;0,500000000000000000000
317;318;1,000000000000000000000
318;317;0,733333333333333333333
318;2099;0,066666666666666666666
318;3802;0,200000000000000000000
320;2206;1,000000000000000000000
324;219;0,500000000000000000000
324;455;0,500000000000000000000
332;452;0,232142857142857142857
332;527;0,017857142857142857142
332;531;0,035714285714285714285
332;718;0,089285714285714285714
332;819;0,017857142857142857142
332;854;0,017857142857142857142
332;1130;0,017857142857142857142
332;1180;0,017857142857142857142
332;1391;0,017857142857142857142
332;1676;0,017857142857142857142
332;1706;0,035714285714285714285
332;1843;0,017857142857142857142
332;1949;0,017857142857142857142
332;2434;0,017857142857142857142
332;4933;0,017857142857142857142
332;5071;0,250000000000000000000
332;5521;0,017857142857142857142
332;5922;0,017857142857142857142
332;8899;0,035714285714285714285
332;9394;0,017857142857142857142
332;12339;0,017857142857142857142
332;12596;0,017857142857142857142
332;27870;0,035714285714285714285
339;850;0,333333333333333333333
339;1024;0,333333333333333333333
339;55134;0,333333333333333333333
347;4877;1,000000000000000000000
352;356;0,500000000000000000000
352;2098;0,500000000000000000000
353;352;1,000000000000000000000
354;41776;1,000000000000000000000
355;352;0,500000000000000000000
355;353;0,500000000000000000000
356;352;1,000000000000000000000
367;5603;1,000000000000000000000
384;247;1,000000000000000000000
388;391;0,250000000000000000000
388;403;0,250000000000000000000
388;1218;0,250000000000000000000
388;6262;0,250000000000000000000
389;1451;1,000000000000000000000
393;3049;1,000000000000000000000
398;21112;1,000000000000000000000
400;9340;1,000000000000000000000
410;337;0,333333333333333333333
410;2877;0,333333333333333333333
410;3513;0,333333333333333333333
419;59841;1,000000000000000000000
420;11;0,028776978417266187050
420;24;0,028776978417266187050
420;113;0,028776978417266187050
420;131;0,035971223021582733812
420;263;0,057553956834532374100
420;369;0,028776978417266187050
420;427;0,028776978417266187050
420;485;0,028776978417266187050
420;531;0,028776978417266187050
420;567;0,028776978417266187050
420;600;0,028776978417266187050
420;643;0,028776978417266187050
420;738;0,028776978417266187050
420;860;0,028776978417266187050
420;934;0,028776978417266187050
420;1041;0,035971223021582733812
420;1192;0,028776978417266187050
420;1263;0,043165467625899280575
420;1355;0,028776978417266187050
420;1583;0,028776978417266187050
420;1681;0,028776978417266187050
420;1856;0,028776978417266187050
420;1974;0,028776978417266187050
420;2176;0,028776978417266187050
420;2515;0,007194244604316546762
420;2803;0,028776978417266187050
420;2851;0,028776978417266187050
420;3111;0,028776978417266187050
420;3417;0,028776978417266187050
420;3570;0,028776978417266187050
420;3575;0,028776978417266187050
420;4440;0,028776978417266187050
420;5016;0,007194244604316546762
420;7130;0,007194244604316546762
420;9234;0,028776978417266187050
423;424;1,000000000000000000000
428;266;0,333333333333333333333
428;527;0,333333333333333333333
428;1124;0,333333333333333333333
442;1574;1,000000000000000000000
444;2543;0,500000000000000000000
444;3523;0,500000000000000000000
453;839;0,333333333333333333333
453;1498;0,333333333333333333333
453;4432;0,333333333333333333333
466;1744;0,333333333333333333333
466;9442;0,666666666666666666666
479;5013;0,666666666666666666666
479;8466;0,333333333333333333333
484;1831;1,000000000000000000000
494;2064;0,500000000000000000000
494;12755;0,500000000000000000000
502;3515;0,545454545454545454545
502;18885;0,181818181818181818181
502;321395;0,272727272727272727272
517;830;0,250000000000000000000
517;2203;0,250000000000000000000
517;3395;0,333333333333333333333
517;116140;0,166666666666666666666
518;765;0,500000000000000000000
518;3096;0,500000000000000000000
520;521;0,058823529411764705882
520;522;0,117647058823529411764
520;523;0,058823529411764705882
520;524;0,058823529411764705882
520;525;0,117647058823529411764
520;526;0,058823529411764705882
520;527;0,058823529411764705882
520;528;0,058823529411764705882
520;529;0,058823529411764705882
520;706;0,235294117647058823529
520;1182;0,058823529411764705882
520;1340;0,058823529411764705882
521;528;0,100000000000000000000
521;1150;0,100000000000000000000
521;1866;0,100000000000000000000
521;3680;0,100000000000000000000
521;3800;0,100000000000000000000
521;4237;0,100000000000000000000
521;6320;0,100000000000000000000
521;8156;0,100000000000000000000
521;9390;0,100000000000000000000
521;9399;0,100000000000000000000
524;1838;0,125000000000000000000
524;2683;0,125000000000000000000
524;2779;0,125000000000000000000
524;3355;0,125000000000000000000
524;3356;0,125000000000000000000
524;7939;0,125000000000000000000
524;9026;0,125000000000000000000
524;9418;0,125000000000000000000
527;4108;0,250000000000000000000
527;4345;0,500000000000000000000
527;5071;0,250000000000000000000
529;3523;1,000000000000000000000
541;5149;0,333333333333333333333
541;12572;0,666666666666666666666
545;2322;0,500000000000000000000
545;8348;0,500000000000000000000
550;132;0,095238095238095238095
550;596;0,190476190476190476190
550;658;0,095238095238095238095
550;1319;0,047619047619047619047
550;1462;0,047619047619047619047
550;1487;0,142857142857142857142
550;2509;0,095238095238095238095
550;5149;0,095238095238095238095
550;8510;0,047619047619047619047
550;15895;0,047619047619047619047
550;179346;0,095238095238095238095
551;2817;1,000000000000000000000
558;1596;1,000000000000000000000
567;113;0,250000000000000000000
567;643;0,250000000000000000000
567;1588;0,250000000000000000000
567;9729;0,250000000000000000000
571;1897;0,250000000000000000000
571;4906;0,500000000000000000000
571;14151;0,250000000000000000000
577;13545;1,000000000000000000000
585;2215;1,000000000000000000000
588;3340;1,000000000000000000000
608;609;1,000000000000000000000
613;4307;1,000000000000000000000
615;96;0,086956521739130434782
615;675;0,043478260869565217391
615;1043;0,043478260869565217391
615;2761;0,043478260869565217391
615;28914;0,086956521739130434782
615;34696;0,043478260869565217391
615;137801;0,086956521739130434782
615;146155;0,043478260869565217391
615;162695;0,043478260869565217391
615;219132;0,043478260869565217391
615;251668;0,043478260869565217391
615;257563;0,043478260869565217391
615;259636;0,043478260869565217391
615;278074;0,043478260869565217391
615;278190;0,043478260869565217391
615;278351;0,043478260869565217391
615;283637;0,043478260869565217391
615;283638;0,043478260869565217391
615;321112;0,043478260869565217391
615;327535;0,043478260869565217391
622;1443;0,666666666666666666666
622;2054;0,166666666666666666666
622;2512;0,166666666666666666666
625;122;0,200000000000000000000
625;626;0,200000000000000000000
625;798;0,600000000000000000000
628;194;0,111111111111111111111
628;520;0,111111111111111111111
628;695;0,111111111111111111111
628;1940;0,444444444444444444444
628;3465;0,111111111111111111111
628;3607;0,111111111111111111111
632;116140;1,000000000000000000000
644;645;0,375000000000000000000
644;1596;0,250000000000000000000
644;2109;0,125000000000000000000
644;4160;0,125000000000000000000
644;140271;0,125000000000000000000
645;644;0,500000000000000000000
645;835;0,500000000000000000000
652;829;1,000000000000000000000
662;78108;1,000000000000000000000
667;1293;1,000000000000000000000
668;80;0,833333333333333333333
668;4173;0,166666666666666666666
669;65;0,037037037037037037037
669;408;0,037037037037037037037
669;695;0,037037037037037037037
669;706;0,037037037037037037037
669;990;0,037037037037037037037
669;1186;0,037037037037037037037
669;1500;0,074074074074074074074
669;1513;0,037037037037037037037
669;1956;0,074074074074074074074
669;2184;0,037037037037037037037
669;2191;0,074074074074074074074
669;2659;0,222222222222222222222
669;3143;0,037037037037037037037
669;3574;0,037037037037037037037
669;3607;0,037037037037037037037
669;4268;0,074074074074074074074
669;7968;0,037037037037037037037
669;38738;0,037037037037037037037
671;1140;0,142857142857142857142
671;12563;0,142857142857142857142
671;119973;0,714285714285714285714
675;281;0,333333333333333333333
675;452;0,083333333333333333333
675;1129;0,250000000000000000000
675;1370;0,250000000000000000000
675;2436;0,083333333333333333333
678;1526;0,200000000000000000000
678;1889;0,400000000000000000000
678;2661;0,400000000000000000000
682;681;1,000000000000000000000
691;132;1,000000000000000000000
695;65;0,100000000000000000000
695;71;0,100000000000000000000
695;90;0,100000000000000000000
695;1169;0,200000000000000000000
695;1290;0,100000000000000000000
695;1650;0,100000000000000000000
695;112062;0,300000000000000000000
698;1814;1,000000000000000000000
700;194;0,333333333333333333333
700;837;0,333333333333333333333
700;1754;0,333333333333333333333
712;3323;1,000000000000000000000
724;1149;0,333333333333333333333
724;5500;0,666666666666666666666
733;2939;1,000000000000000000000
740;3431;1,000000000000000000000
744;845;0,857142857142857142857
744;846;0,142857142857142857142
747;213;0,529411764705882352941
747;75827;0,352941176470588235294
747;76428;0,117647058823529411764
748;747;0,250000000000000000000
748;76428;0,250000000000000000000
748;325646;0,500000000000000000000
749;77;0,058823529411764705882
749;982;0,058823529411764705882
749;1065;0,058823529411764705882
749;1121;0,058823529411764705882
749;1162;0,058823529411764705882
749;1168;0,176470588235294117647
749;1437;0,058823529411764705882
749;1681;0,058823529411764705882
749;2786;0,058823529411764705882
749;2834;0,058823529411764705882
749;3636;0,058823529411764705882
749;3683;0,058823529411764705882
749;5638;0,058823529411764705882
749;8715;0,058823529411764705882
749;23759;0,058823529411764705882
750;3401;1,000000000000000000000
752;7478;1,000000000000000000000
758;3563;1,000000000000000000000
765;518;1,000000000000000000000
766;10946;1,000000000000000000000
768;2661;1,000000000000000000000
772;4772;1,000000000000000000000
777;839;0,333333333333333333333
777;4299;0,666666666666666666666
779;2500;0,400000000000000000000
779;4274;0,200000000000000000000
779;8363;0,400000000000000000000
784;43844;1,000000000000000000000
794;1596;1,000000000000000000000
817;351;0,500000000000000000000
817;1027;0,500000000000000000000
819;111;0,096774193548387096774
819;281;0,032258064516129032258
819;332;0,129032258064516129032
819;452;0,354838709677419354838
819;530;0,064516129032258064516
819;718;0,064516129032258064516
819;820;0,032258064516129032258
819;1025;0,032258064516129032258
819;1370;0,032258064516129032258
819;1391;0,064516129032258064516
819;1647;0,096774193548387096774
822;768;0,333333333333333333333
822;1598;0,333333333333333333333
822;4430;0,333333333333333333333
829;1727;0,750000000000000000000
829;3395;0,125000000000000000000
829;5619;0,125000000000000000000
830;779;0,250000000000000000000
830;829;0,250000000000000000000
830;1117;0,250000000000000000000
830;27615;0,250000000000000000000
835;3996;1,000000000000000000000
837;277;0,333333333333333333333
837;700;0,666666666666666666666
839;210;0,111111111111111111111
839;777;0,111111111111111111111
839;822;0,111111111111111111111
839;1055;0,111111111111111111111
839;1498;0,222222222222222222222
839;1717;0,111111111111111111111
839;2450;0,111111111111111111111
839;4432;0,111111111111111111111
844;360;0,750000000000000000000
844;9338;0,250000000000000000000
845;71;0,024390243902439024390
845;131;0,048780487804878048780
845;277;0,024390243902439024390
845;744;0,219512195121951219512
845;846;0,292682926829268292682
845;982;0,048780487804878048780
845;1041;0,097560975609756097560
845;1724;0,073170731707317073170
845;5638;0,073170731707317073170
845;7130;0,024390243902439024390
845;9693;0,024390243902439024390
845;192866;0,048780487804878048780
846;744;0,210526315789473684210
846;845;0,421052631578947368421
846;982;0,105263157894736842105
846;1041;0,105263157894736842105
846;2731;0,052631578947368421052
846;2834;0,052631578947368421052
846;59841;0,052631578947368421052
854;990;0,166666666666666666666
854;3292;0,166666666666666666666
854;7624;0,333333333333333333333
854;12436;0,166666666666666666666
854;12441;0,166666666666666666666
861;267;0,500000000000000000000
861;3871;0,500000000000000000000
865;945;1,000000000000000000000
869;349;0,500000000000000000000
869;538;0,500000000000000000000
877;887;1,000000000000000000000
885;2198;0,222222222222222222222
885;3235;0,111111111111111111111
885;4309;0,111111111111111111111
885;5493;0,222222222222222222222
885;6994;0,111111111111111111111
885;9360;0,222222222222222222222
890;57;1,000000000000000000000
899;2948;1,000000000000000000000
904;846;0,333333333333333333333
904;2127;0,333333333333333333333
904;3420;0,333333333333333333333
925;286660;1,000000000000000000000
930;346;1,000000000000000000000
933;452;0,200000000000000000000
933;65193;0,800000000000000000000
937;163;0,400000000000000000000
937;1149;0,400000000000000000000
937;1498;0,200000000000000000000
938;512;1,000000000000000000000
943;3683;1,000000000000000000000
945;865;0,142857142857142857142
945;983;0,142857142857142857142
945;1140;0,428571428571428571428
945;5679;0,142857142857142857142
945;26070;0,142857142857142857142
955;4681;1,000000000000000000000
960;3085;1,000000000000000000000
970;2029;1,000000000000000000000
972;4890;1,000000000000000000000
977;7747;0,333333333333333333333
977;8090;0,666666666666666666666
982;845;0,500000000000000000000
982;1041;0,500000000000000000000
983;3523;0,400000000000000000000
983;3872;0,200000000000000000000
983;151009;0,400000000000000000000
984;1917;0,666666666666666666666
984;3503;0,333333333333333333333
992;113;0,181818181818181818181
992;1234;0,090909090909090909090
992;1647;0,181818181818181818181
992;2684;0,181818181818181818181
992;115105;0,363636363636363636363
995;183;0,125000000000000000000
995;658;0,125000000000000000000
995;695;0,125000000000000000000
995;1639;0,125000000000000000000
995;1751;0,125000000000000000000
995;2054;0,125000000000000000000
995;21396;0,250000000000000000000
997;16487;1,000000000000000000000
1010;2001;0,800000000000000000000
1010;3809;0,200000000000000000000
1041;420;0,052631578947368421052
1041;845;0,105263157894736842105
1041;982;0,421052631578947368421
1041;1771;0,052631578947368421052
1041;1829;0,052631578947368421052
1041;3683;0,157894736842105263157
1041;8715;0,157894736842105263157
1044;3403;1,000000000000000000000
1054;1055;1,000000000000000000000
1055;166;0,500000000000000000000
1055;1054;0,500000000000000000000
1058;3188;0,750000000000000000000
1058;98068;0,250000000000000000000
1064;174;0,250000000000000000000
1064;2008;0,750000000000000000000
1073;770;0,129032258064516129032
1073;1315;0,193548387096774193548
1073;4918;0,096774193548387096774
1073;4919;0,032258064516129032258
1073;8109;0,161290322580645161290
1073;8164;0,096774193548387096774
1073;8165;0,129032258064516129032
1073;9513;0,161290322580645161290
1082;609;0,500000000000000000000
1082;891;0,500000000000000000000
1083;28615;1,000000000000000000000
1100;4434;1,000000000000000000000
1109;2059;1,000000000000000000000
1117;263;0,166666666666666666666
1117;632;0,333333333333333333333
1117;830;0,333333333333333333333
1117;8253;0,166666666666666666666
1121;151;0,100000000000000000000
1121;749;0,100000000000000000000
1121;25849;0,100000000000000000000
1121;257324;0,100000000000000000000
1121;276505;0,100000000000000000000
1121;284854;0,100000000000000000000
1121;325535;0,100000000000000000000
1121;327858;0,100000000000000000000
1121;327859;0,100000000000000000000
1121;327860;0,100000000000000000000
1124;6788;1,000000000000000000000
1127;5536;1,000000000000000000000
1131;80;0,500000000000000000000
1131;502;0,500000000000000000000
1135;638;0,166666666666666666666
1135;3496;0,166666666666666666666
1135;3667;0,166666666666666666666
1135;6930;0,166666666666666666666
1135;7585;0,166666666666666666666
1135;17260;0,166666666666666666666
1138;2822;1,000000000000000000000
1140;6;0,102040816326530612244
1140;1822;0,081632653061224489795
1140;2921;0,081632653061224489795
1140;3284;0,081632653061224489795
1140;3999;0,081632653061224489795
1140;4786;0,081632653061224489795
1140;7802;0,081632653061224489795
1140;10103;0,081632653061224489795
1140;12387;0,081632653061224489795
1140;12670;0,081632653061224489795
1140;17274;0,081632653061224489795
1140;26386;0,081632653061224489795
1142;937;1,000000000000000000000
1143;1948;1,000000000000000000000
1149;724;0,200000000000000000000
1149;937;0,400000000000000000000
1149;2713;0,200000000000000000000
1149;4592;0,200000000000000000000
1150;521;1,000000000000000000000
1152;835;1,000000000000000000000
1153;1154;1,000000000000000000000
1154;1637;1,000000000000000000000
1160;2576;1,000000000000000000000
1164;1831;0,500000000000000000000
1164;6955;0,500000000000000000000
1165;488;0,083333333333333333333
1165;1085;0,083333333333333333333
1165;1464;0,083333333333333333333
1165;1637;0,083333333333333333333
1165;2080;0,083333333333333333333
1165;3096;0,083333333333333333333
1165;5449;0,083333333333333333333
1165;21360;0,083333333333333333333
1165;22298;0,083333333333333333333
1165;28818;0,083333333333333333333
1165;42210;0,083333333333333333333
1165;76428;0,083333333333333333333
1168;37;0,111111111111111111111
1168;277;0,111111111111111111111
1168;5168;0,111111111111111111111
1168;8000;0,111111111111111111111
1168;131383;0,111111111111111111111
1168;189452;0,222222222222222222222
1168;283633;0,222222222222222222222
1169;71;0,098039215686274509803
1169;100;0,078431372549019607843
1169;276;0,078431372549019607843
1169;695;0,098039215686274509803
1169;696;0,078431372549019607843
1169;1939;0,078431372549019607843
1169;1942;0,078431372549019607843
1169;1944;0,078431372549019607843
1169;1946;0,078431372549019607843
1169;3523;0,078431372549019607843
1169;4512;0,078431372549019607843
1169;59745;0,019607843137254901960
1169;98841;0,078431372549019607843
1173;10941;1,000000000000000000000
1174;452;0,200000000000000000000
1174;531;0,200000000000000000000
1174;1361;0,200000000000000000000
1174;1647;0,200000000000000000000
1174;3515;0,200000000000000000000
1181;643;0,333333333333333333333
1181;3708;0,333333333333333333333
1181;21268;0,333333333333333333333
1196;4395;0,500000000000000000000
1196;5000;0,333333333333333333333
1196;17487;0,166666666666666666666
1197;2343;1,000000000000000000000
1198;1197;1,000000000000000000000
1206;13236;1,000000000000000000000
1225;990;0,500000000000000000000
1225;4349;0,500000000000000000000
1227;3401;0,500000000000000000000
1227;9762;0,500000000000000000000
1231;3141;0,800000000000000000000
1231;4501;0,200000000000000000000
1234;113;0,047619047619047619047
1234;1235;0,190476190476190476190
1234;1236;0,142857142857142857142
1234;1237;0,142857142857142857142
1234;1277;0,333333333333333333333
1234;1745;0,047619047619047619047
1234;3188;0,047619047619047619047
1234;21154;0,047619047619047619047
1235;1234;0,333333333333333333333
1235;1277;0,666666666666666666666
1237;763;0,333333333333333333333
1237;1234;0,333333333333333333333
1237;1277;0,333333333333333333333
1240;1338;1,000000000000000000000
1246;6250;1,000000000000000000000
1254;1228;0,250000000000000000000
1254;2509;0,250000000000000000000
1254;5149;0,500000000000000000000
1277;763;0,050000000000000000000
1277;1234;0,250000000000000000000
1277;1235;0,100000000000000000000
1277;1236;0,150000000000000000000
1277;1237;0,150000000000000000000
1277;1815;0,100000000000000000000
1277;7866;0,050000000000000000000
1277;21154;0,150000000000000000000
1278;183;0,500000000000000000000
1278;826;0,166666666666666666666
1278;4695;0,166666666666666666666
1278;13239;0,166666666666666666666
1282;492;1,000000000000000000000
1286;2450;1,000000000000000000000
1288;2371;1,000000000000000000000
1293;4091;1,000000000000000000000
1303;2195;1,000000000000000000000
1307;727;0,500000000000000000000
1307;2117;0,500000000000000000000
1316;352;1,000000000000000000000
1321;4697;1,000000000000000000000
1322;863;0,500000000000000000000
1322;1243;0,500000000000000000000
1325;1333;0,500000000000000000000
1325;2153;0,500000000000000000000
1326;9;0,008000000000000000000
1326;151;0,008000000000000000000
1326;206;0,008000000000000000000
1326;307;0,008000000000000000000
1326;467;0,008000000000000000000
1326;1044;0,008000000000000000000
1326;1274;0,008000000000000000000
1326;1325;0,008000000000000000000
1326;1327;0,008000000000000000000
1326;1329;0,008000000000000000000
1326;1331;0,008000000000000000000
1326;1332;0,008000000000000000000
1326;1337;0,008000000000000000000
1326;1338;0,008000000000000000000
1326;1419;0,008000000000000000000
1326;1549;0,008000000000000000000
1326;1676;0,008000000000000000000
1326;1838;0,008000000000000000000
1326;2017;0,008000000000000000000
1326;2039;0,008000000000000000000
1326;2041;0,008000000000000000000
1326;2050;0,008000000000000000000
1326;2064;0,008000000000000000000
1326;2066;0,008000000000000000000
1326;2070;0,008000000000000000000
1326;2152;0,008000000000000000000
1326;2156;0,008000000000000000000
1326;2215;0,008000000000000000000
1326;2349;0,008000000000000000000
1326;2830;0,008000000000000000000
1326;3147;0,008000000000000000000
1326;3158;0,008000000000000000000
1326;3204;0,008000000000000000000
1326;3205;0,008000000000000000000
1326;3355;0,008000000000000000000
1326;3403;0,008000000000000000000
1326;3714;0,008000000000000000000
1326;3736;0,008000000000000000000
1326;3864;0,008000000000000000000
1326;3983;0,008000000000000000000
1326;4070;0,008000000000000000000
1326;4625;0,008000000000000000000
1326;4720;0,008000000000000000000
1326;4748;0,008000000000000000000
1326;4755;0,008000000000000000000
1326;4979;0,008000000000000000000
1326;5082;0,008000000000000000000
1326;5097;0,008000000000000000000
1326;5144;0,008000000000000000000
1326;5214;0,008000000000000000000
1326;5250;0,008000000000000000000
1326;5351;0,008000000000000000000
1326;5530;0,008000000000000000000
1326;5831;0,008000000000000000000
1326;5892;0,008000000000000000000
1326;5922;0,008000000000000000000
1326;6234;0,008000000000000000000
1326;6465;0,008000000000000000000
1326;6604;0,008000000000000000000
1326;6624;0,008000000000000000000
1326;6828;0,008000000000000000000
1326;7278;0,008000000000000000000
1326;7328;0,008000000000000000000
1326;7546;0,008000000000000000000
1326;7564;0,008000000000000000000
1326;7586;0,008000000000000000000
1326;7788;0,008000000000000000000
1326;7979;0,008000000000000000000
1326;8618;0,008000000000000000000
1326;8730;0,008000000000000000000
1326;8933;0,008000000000000000000
1326;9208;0,008000000000000000000
1326;9371;0,008000000000000000000
1326;9385;0,008000000000000000000
1326;9396;0,008000000000000000000
1326;9405;0,008000000000000000000
1326;9416;0,008000000000000000000
1326;9421;0,008000000000000000000
1326;9429;0,008000000000000000000
1326;9681;0,008000000000000000000
1326;10000;0,008000000000000000000
1326;10080;0,008000000000000000000
1326;10169;0,008000000000000000000
1326;10649;0,008000000000000000000
1326;10740;0,008000000000000000000
1326;11030;0,008000000000000000000
1326;11213;0,008000000000000000000
1326;11536;0,008000000000000000000
1326;11999;0,008000000000000000000
1326;12798;0,008000000000000000000
1326;13369;0,008000000000000000000
1326;13372;0,008000000000000000000
1326;14073;0,008000000000000000000
1326;14465;0,008000000000000000000
1326;15437;0,008000000000000000000
1326;16644;0,008000000000000000000
1326;17047;0,008000000000000000000
1326;17603;0,008000000000000000000
1326;18247;0,008000000000000000000
1326;18258;0,008000000000000000000
1326;19031;0,008000000000000000000
1326;20801;0,008000000000000000000
1326;25849;0,008000000000000000000
1326;26502;0,008000000000000000000
1326;27173;0,008000000000000000000
1326;27286;0,008000000000000000000
1326;27494;0,008000000000000000000
1326;27500;0,008000000000000000000
1326;27512;0,008000000000000000000
1326;27837;0,008000000000000000000
1326;27865;0,008000000000000000000
1326;27892;0,008000000000000000000
1326;27893;0,008000000000000000000
1326;27902;0,008000000000000000000
1326;28598;0,008000000000000000000
1326;56195;0,008000000000000000000
1326;219255;0,008000000000000000000
1326;257324;0,008000000000000000000
1326;276505;0,008000000000000000000
1326;284854;0,008000000000000000000
1326;286660;0,008000000000000000000
1326;308238;0,008000000000000000000
1326;309580;0,008000000000000000000
1326;325535;0,008000000000000000000
1326;327859;0,008000000000000000000
1327;1332;0,250000000000000000000
1327;1333;0,750000000000000000000
1332;1327;1,000000000000000000000
1333;1325;0,500000000000000000000
1333;1327;0,500000000000000000000
1340;349;0,200000000000000000000
1340;520;0,400000000000000000000
1340;1027;0,400000000000000000000
1344;179346;1,000000000000000000000
1364;237;0,500000000000000000000
1364;2269;0,500000000000000000000
1370;281;0,111111111111111111111
1370;452;0,444444444444444444444
1370;675;0,111111111111111111111
1370;719;0,111111111111111111111
1370;23720;0,222222222222222222222
1416;4933;1,000000000000000000000
1419;8623;1,000000000000000000000
1437;749;0,142857142857142857142
1437;192866;0,857142857142857142857
1439;1810;0,333333333333333333333
1439;4435;0,333333333333333333333
1439;10338;0,333333333333333333333
1440;748;1,000000000000000000000
1443;622;0,179487179487179487179
1443;1121;0,025641025641025641025
1443;2146;0,153846153846153846153
1443;2147;0,205128205128205128205
1443;2223;0,025641025641025641025
1443;2697;0,025641025641025641025
1443;3085;0,153846153846153846153
1443;3736;0,051282051282051282051
1443;5367;0,025641025641025641025
1443;5691;0,102564102564102564102
1443;9806;0,025641025641025641025
1443;9807;0,025641025641025641025
1445;46;0,333333333333333333333
1445;1632;0,333333333333333333333
1445;114536;0,333333333333333333333
1454;1610;0,500000000000000000000
1454;8489;0,500000000000000000000
1457;2882;1,000000000000000000000
1462;550;0,111111111111111111111
1462;1867;0,111111111111111111111
1462;3372;0,111111111111111111111
1462;3694;0,111111111111111111111
1462;5395;0,111111111111111111111
1462;5789;0,111111111111111111111
1462;28471;0,111111111111111111111
1462;28590;0,111111111111111111111
1462;54440;0,111111111111111111111
1464;1165;0,333333333333333333333
1464;1637;0,666666666666666666666
1475;151009;1,000000000000000000000
1478;8928;1,000000000000000000000
1479;8928;1,000000000000000000000
1487;550;0,200000000000000000000
1487;909;0,800000000000000000000
1489;71;1,000000000000000000000
1497;288;0,500000000000000000000
1497;8348;0,500000000000000000000
1498;104;0,200000000000000000000
1498;839;0,400000000000000000000
1498;4472;0,400000000000000000000
1499;4592;0,500000000000000000000
1499;281067;0,500000000000000000000
1503;3791;1,000000000000000000000
1510;35;1,000000000000000000000
1512;14151;1,000000000000000000000
1513;1160;1,000000000000000000000
1515;4592;1,000000000000000000000
1526;678;1,000000000000000000000
1527;362;1,000000000000000000000
1544;1979;0,500000000000000000000
1544;2435;0,500000000000000000000
1545;2091;0,500000000000000000000
1545;75230;0,500000000000000000000
1554;793;0,400000000000000000000
1554;1845;0,600000000000000000000
1556;742;0,142857142857142857142
1556;1180;0,142857142857142857142
1556;1963;0,142857142857142857142
1556;3519;0,142857142857142857142
1556;3827;0,285714285714285714285
1556;5009;0,142857142857142857142
1565;2890;0,500000000000000000000
1565;3395;0,500000000000000000000
1581;891;1,000000000000000000000
1589;738;1,000000000000000000000
1591;1234;0,333333333333333333333
1591;7030;0,666666666666666666666
1596;644;0,333333333333333333333
1596;1366;0,333333333333333333333
1596;2825;0,333333333333333333333
1608;6940;1,000000000000000000000
1616;113;1,000000000000000000000
1629;1763;1,000000000000000000000
1637;1464;0,428571428571428571428
1637;2712;0,500000000000000000000
1637;7259;0,071428571428571428571
1639;626;0,500000000000000000000
1639;2375;0,500000000000000000000
1650;2374;1,000000000000000000000
1676;332;1,000000000000000000000
1681;277;0,250000000000000000000
1681;733;0,125000000000000000000
1681;1065;0,125000000000000000000
1681;2275;0,125000000000000000000
1681;2923;0,125000000000000000000
1681;8212;0,125000000000000000000
1681;282900;0,125000000000000000000
1685;1708;0,500000000000000000000
1685;6144;0,500000000000000000000
1697;1321;0,500000000000000000000
1697;1769;0,500000000000000000000
1699;4561;1,000000000000000000000
1700;1608;1,000000000000000000000
1723;9380;1,000000000000000000000
1751;955;0,500000000000000000000
1751;3089;0,250000000000000000000
1751;4238;0,250000000000000000000
1754;2188;0,500000000000000000000
1754;59745;0,500000000000000000000
1759;846;0,333333333333333333333
1759;5149;0,333333333333333333333
1759;59841;0,333333333333333333333
1763;1600;0,250000000000000000000
1763;1629;0,250000000000000000000
1763;2976;0,500000000000000000000
1778;8435;1,000000000000000000000
1785;2080;1,000000000000000000000
1799;310;0,500000000000000000000
1799;5776;0,500000000000000000000
1815;135;0,888888888888888888888
1815;1277;0,111111111111111111111
1822;1140;0,125000000000000000000
1822;3284;0,125000000000000000000
1822;3999;0,125000000000000000000
1822;4786;0,125000000000000000000
1822;7802;0,125000000000000000000
1822;10103;0,125000000000000000000
1822;17274;0,125000000000000000000
1822;26386;0,125000000000000000000
1831;1164;0,250000000000000000000
1831;1439;0,250000000000000000000
1831;1440;0,250000000000000000000
1831;173893;0,250000000000000000000
1840;9707;1,000000000000000000000
1850;4278;1,000000000000000000000
1853;37814;1,000000000000000000000
1864;1210;0,500000000000000000000
1864;2704;0,500000000000000000000
1866;3033;0,333333333333333333333
1866;6349;0,666666666666666666666
1889;678;0,500000000000000000000
1889;2661;0,500000000000000000000
1894;671;1,000000000000000000000
1897;528;0,833333333333333333333
1897;571;0,166666666666666666666
1910;3323;1,000000000000000000000
1917;984;0,250000000000000000000
1917;3503;0,500000000000000000000
1917;4553;0,250000000000000000000
1931;2684;1,000000000000000000000
1942;7866;1,000000000000000000000
1945;360;1,000000000000000000000
1946;7941;0,333333333333333333333
1946;41776;0,666666666666666666666
1948;57;0,200000000000000000000
1948;3141;0,200000000000000000000
1948;3574;0,200000000000000000000
1948;4853;0,200000000000000000000
1948;140271;0,200000000000000000000
1974;23;1,000000000000000000000
1983;2847;1,000000000000000000000
1988;4825;0,250000000000000000000
1988;5898;0,250000000000000000000
1988;8147;0,250000000000000000000
1988;229072;0,250000000000000000000
1991;163;1,000000000000000000000
1996;839;1,000000000000000000000
2008;1064;1,000000000000000000000
2015;3891;1,000000000000000000000
2017;1109;1,000000000000000000000
2021;485;0,250000000000000000000
2021;551;0,250000000000000000000
2021;1663;0,250000000000000000000
2021;3241;0,250000000000000000000
2046;206;0,750000000000000000000
2046;9418;0,250000000000000000000
2052;190;1,000000000000000000000
2059;1109;0,500000000000000000000
2059;25849;0,500000000000000000000
2064;77;0,200000000000000000000
2064;494;0,400000000000000000000
2064;2017;0,200000000000000000000
2064;2504;0,200000000000000000000
2080;1637;0,333333333333333333333
2080;4621;0,333333333333333333333
2080;90666;0,333333333333333333333
2098;7755;1,000000000000000000000
2099;318;1,000000000000000000000
2111;763;0,500000000000000000000
2111;1237;0,500000000000000000000
2117;1307;0,750000000000000000000
2117;21005;0,250000000000000000000
2136;2139;0,500000000000000000000
2136;10175;0,500000000000000000000
2137;3431;1,000000000000000000000
2139;85;0,333333333333333333333
2139;249;0,333333333333333333333
2139;3234;0,333333333333333333333
2146;283;0,500000000000000000000
2146;1443;0,500000000000000000000
2147;622;0,166666666666666666666
2147;1169;0,500000000000000000000
2147;1443;0,166666666666666666666
2147;5367;0,166666666666666666666
2164;2602;0,500000000000000000000
2164;4699;0,500000000000000000000
2175;2005;0,032258064516129032258
2175;2264;0,032258064516129032258
2175;4145;0,322580645161290322580
2175;6236;0,064516129032258064516
2175;65998;0,516129032258064516129
2175;66075;0,032258064516129032258
2196;149;0,500000000000000000000
2196;5478;0,500000000000000000000
2198;4384;1,000000000000000000000
2199;14013;1,000000000000000000000
2203;131;0,142857142857142857142
2203;263;0,200000000000000000000
2203;355;0,057142857142857142857
2203;518;0,057142857142857142857
2203;829;0,028571428571428571428
2203;1117;0,114285714285714285714
2203;3394;0,057142857142857142857
2203;3395;0,114285714285714285714
2203;8253;0,200000000000000000000
2203;184646;0,028571428571428571428
2204;3188;1,000000000000000000000
2215;585;0,100000000000000000000
2215;1044;0,100000000000000000000
2215;2214;0,100000000000000000000
2215;4748;0,100000000000000000000
2215;5513;0,100000000000000000000
2215;6624;0,100000000000000000000
2215;7780;0,100000000000000000000
2215;9371;0,100000000000000000000
2215;9396;0,100000000000000000000
2215;10740;0,100000000000000000000
2223;12001;1,000000000000000000000
2239;163;0,333333333333333333333
2239;2578;0,333333333333333333333
2239;4461;0,333333333333333333333
2254;5478;0,625000000000000000000
2254;5753;0,250000000000000000000
2254;8491;0,125000000000000000000
2269;237;0,285714285714285714285
2269;1364;0,142857142857142857142
2269;2742;0,285714285714285714285
2269;2847;0,285714285714285714285
2272;192;0,050000000000000000000
2272;496;0,050000000000000000000
2272;1667;0,050000000000000000000
2272;2037;0,050000000000000000000
2272;2271;0,150000000000000000000
2272;2359;0,050000000000000000000
2272;3296;0,050000000000000000000
2272;3591;0,050000000000000000000
2272;4364;0,050000000000000000000
2272;4561;0,050000000000000000000
2272;5158;0,050000000000000000000
2272;5564;0,050000000000000000000
2272;7762;0,050000000000000000000
2272;9387;0,050000000000000000000
2272;9413;0,050000000000000000000
2272;9432;0,050000000000000000000
2272;10946;0,050000000000000000000
2272;169356;0,050000000000000000000
2275;211;0,125000000000000000000
2275;1681;0,125000000000000000000
2275;6918;0,125000000000000000000
2275;19198;0,125000000000000000000
2275;21360;0,125000000000000000000
2275;27062;0,125000000000000000000
2275;253384;0,125000000000000000000
2275;283633;0,125000000000000000000
2280;1401;0,500000000000000000000
2280;4901;0,500000000000000000000
2293;1141;1,000000000000000000000
2323;2343;1,000000000000000000000
2326;2844;1,000000000000000000000
2330;9419;1,000000000000000000000
2343;1197;0,142857142857142857142
2343;1198;0,571428571428571428571
2343;2323;0,285714285714285714285
2350;7215;1,000000000000000000000
2355;827;0,333333333333333333333
2355;6496;0,333333333333333333333
2355;6524;0,333333333333333333333
2364;2500;0,500000000000000000000
2364;4989;0,500000000000000000000
2374;240;0,333333333333333333333
2374;1650;0,666666666666666666666
2379;3234;0,800000000000000000000
2379;3992;0,200000000000000000000
2383;266;0,666666666666666666666
2383;8648;0,333333333333333333333
2398;1180;1,000000000000000000000
2419;2422;1,000000000000000000000
2422;2419;0,500000000000000000000
2422;9068;0,250000000000000000000
2422;28858;0,250000000000000000000
2428;2296;1,000000000000000000000
2433;608;0,500000000000000000000
2433;3968;0,500000000000000000000
2434;611;0,500000000000000000000
2434;4380;0,500000000000000000000
2461;168;1,000000000000000000000
2464;2330;0,333333333333333333333
2464;8949;0,333333333333333333333
2464;30415;0,333333333333333333333
2467;17269;1,000000000000000000000
2474;248;0,333333333333333333333
2474;2523;0,111111111111111111111
2474;2716;0,166666666666666666666
2474;2962;0,222222222222222222222
2474;3869;0,055555555555555555555
2474;10018;0,055555555555555555555
2474;10197;0,055555555555555555555
2494;519;1,000000000000000000000
2500;72;0,125000000000000000000
2500;441;0,125000000000000000000
2500;779;0,250000000000000000000
2500;2364;0,250000000000000000000
2500;2561;0,062500000000000000000
2500;116140;0,187500000000000000000
2504;2064;0,222222222222222222222
2504;8143;0,222222222222222222222
2504;8730;0,333333333333333333333
2504;251584;0,222222222222222222222
2509;1319;1,000000000000000000000
2515;420;0,111111111111111111111
2515;1940;0,333333333333333333333
2515;3459;0,222222222222222222222
2515;3601;0,111111111111111111111
2515;4821;0,222222222222222222222
2516;80;0,217391304347826086956
2516;219;0,130434782608695652173
2516;224;0,043478260869565217391
2516;876;0,304347826086956521739
2516;933;0,043478260869565217391
2516;1248;0,043478260869565217391
2516;1893;0,086956521739130434782
2516;2518;0,130434782608695652173
2518;2516;1,000000000000000000000
2523;2474;1,000000000000000000000
2543;1545;0,333333333333333333333
2543;2385;0,333333333333333333333
2543;10255;0,333333333333333333333
2555;82;0,250000000000000000000
2555;3876;0,250000000000000000000
2555;9352;0,500000000000000000000
2559;2591;0,500000000000000000000
2559;3859;0,500000000000000000000
2576;38;1,000000000000000000000
2578;925;0,333333333333333333333
2578;2239;0,333333333333333333333
2578;4461;0,333333333333333333333
2586;1180;1,000000000000000000000
2591;464;0,142857142857142857142
2591;1085;0,142857142857142857142
2591;2559;0,285714285714285714285
2591;3859;0,142857142857142857142
2591;21697;0,142857142857142857142
2591;29376;0,142857142857142857142
2607;1563;0,666666666666666666666
2607;1763;0,333333333333333333333
2630;1139;1,000000000000000000000
2632;6701;1,000000000000000000000
2644;960;1,000000000000000000000
2655;1065;0,500000000000000000000
2655;3429;0,500000000000000000000
2659;854;1,000000000000000000000
2661;678;0,333333333333333333333
2661;1889;0,166666666666666666666
2661;7160;0,333333333333333333333
2661;8095;0,166666666666666666666
2678;891;0,333333333333333333333
2678;8348;0,333333333333333333333
2678;10860;0,333333333333333333333
2679;2678;1,000000000000000000000
2683;524;0,250000000000000000000
2683;2779;0,250000000000000000000
2683;7939;0,250000000000000000000
2683;9026;0,250000000000000000000
2684;113;0,060000000000000000000
2684;763;0,080000000000000000000
2684;992;0,260000000000000000000
2684;1236;0,060000000000000000000
2684;1237;0,100000000000000000000
2684;1931;0,140000000000000000000
2684;21154;0,020000000000000000000
2684;115105;0,280000000000000000000
2706;3045;0,250000000000000000000
2706;3429;0,250000000000000000000
2706;3601;0,500000000000000000000
2712;1637;1,000000000000000000000
2713;1149;0,052631578947368421052
2713;1160;0,052631578947368421052
2713;1523;0,052631578947368421052
2713;2661;0,052631578947368421052
2713;2714;0,052631578947368421052
2713;3873;0,052631578947368421052
2713;4513;0,052631578947368421052
2713;4613;0,052631578947368421052
2713;4821;0,157894736842105263157
2713;5430;0,052631578947368421052
2713;5861;0,052631578947368421052
2713;6347;0,052631578947368421052
2713;6535;0,052631578947368421052
2713;7160;0,052631578947368421052
2713;7334;0,052631578947368421052
2713;10595;0,052631578947368421052
2713;28997;0,052631578947368421052
2716;2474;1,000000000000000000000
2739;3141;1,000000000000000000000
2741;798;0,500000000000000000000
2741;2847;0,500000000000000000000
2746;288;1,000000000000000000000
2778;148;0,333333333333333333333
2778;2543;0,666666666666666666666
2792;54440;1,000000000000000000000
2796;4553;1,000000000000000000000
2803;16;0,007751937984496124031
2803;57;0,007751937984496124031
2803;71;0,007751937984496124031
2803;82;0,007751937984496124031
2803;89;0,007751937984496124031
2803;129;0,007751937984496124031
2803;234;0,007751937984496124031
2803;309;0,007751937984496124031
2803;369;0,015503875968992248062
2803;644;0,015503875968992248062
2803;645;0,015503875968992248062
2803;827;0,007751937984496124031
2803;835;0,007751937984496124031
2803;890;0,007751937984496124031
2803;1022;0,007751937984496124031
2803;1040;0,007751937984496124031
2803;1143;0,007751937984496124031
2803;1152;0,007751937984496124031
2803;1231;0,007751937984496124031
2803;1276;0,085271317829457364341
2803;1612;0,007751937984496124031
2803;1657;0,007751937984496124031
2803;1948;0,007751937984496124031
2803;2109;0,007751937984496124031
2803;2355;0,007751937984496124031
2803;2414;0,007751937984496124031
2803;2479;0,015503875968992248062
2803;2487;0,007751937984496124031
2803;2736;0,007751937984496124031
2803;2739;0,007751937984496124031
2803;2802;0,007751937984496124031
2803;3098;0,007751937984496124031
2803;3123;0,007751937984496124031
2803;3128;0,007751937984496124031
2803;3141;0,023255813953488372093
2803;3145;0,046511627906976744186
2803;3237;0,007751937984496124031
2803;3399;0,007751937984496124031
2803;3574;0,007751937984496124031
2803;3852;0,007751937984496124031
2803;3953;0,007751937984496124031
2803;3996;0,015503875968992248062
2803;4024;0,015503875968992248062
2803;4159;0,007751937984496124031
2803;4160;0,007751937984496124031
2803;4306;0,007751937984496124031
2803;4501;0,007751937984496124031
2803;4695;0,007751937984496124031
2803;4852;0,093023255813953488372
2803;4853;0,007751937984496124031
2803;5136;0,007751937984496124031
2803;5306;0,007751937984496124031
2803;5338;0,007751937984496124031
2803;5607;0,007751937984496124031
2803;6027;0,007751937984496124031
2803;6045;0,007751937984496124031
2803;6396;0,015503875968992248062
2803;6495;0,015503875968992248062
2803;6496;0,007751937984496124031
2803;6497;0,007751937984496124031
2803;6498;0,015503875968992248062
2803;6499;0,007751937984496124031
2803;6501;0,007751937984496124031
2803;6502;0,007751937984496124031
2803;6503;0,015503875968992248062
2803;6504;0,007751937984496124031
2803;6505;0,007751937984496124031
2803;6506;0,007751937984496124031
2803;6509;0,007751937984496124031
2803;6511;0,023255813953488372093
2803;6512;0,007751937984496124031
2803;6513;0,007751937984496124031
2803;6514;0,007751937984496124031
2803;6515;0,007751937984496124031
2803;6517;0,007751937984496124031
2803;6518;0,007751937984496124031
2803;6520;0,007751937984496124031
2803;6522;0,007751937984496124031
2803;6524;0,007751937984496124031
2803;6527;0,007751937984496124031
2803;7686;0,007751937984496124031
2803;8238;0,007751937984496124031
2803;9968;0,007751937984496124031
2803;16786;0,007751937984496124031
2803;33180;0,007751937984496124031
2803;88154;0,007751937984496124031
2803;140271;0,007751937984496124031
2803;237945;0,007751937984496124031
2803;328404;0,007751937984496124031
2822;1138;1,000000000000000000000
2823;2586;1,000000000000000000000
2825;54;0,060000000000000000000
2825;127;0,140000000000000000000
2825;135;0,020000000000000000000
2825;249;0,060000000000000000000
2825;396;0,060000000000000000000
2825;520;0,060000000000000000000
2825;522;0,060000000000000000000
2825;891;0,060000000000000000000
2825;990;0,060000000000000000000
2825;1064;0,060000000000000000000
2825;1122;0,060000000000000000000
2825;1234;0,020000000000000000000
2825;1596;0,040000000000000000000
2825;3096;0,060000000000000000000
2825;3098;0,060000000000000000000
2825;3100;0,060000000000000000000
2825;5440;0,020000000000000000000
2825;7873;0,020000000000000000000
2825;9686;0,020000000000000000000
2834;468;0,500000000000000000000
2834;14376;0,500000000000000000000
2838;885;0,500000000000000000000
2838;7080;0,500000000000000000000
2850;1902;0,200000000000000000000
2850;3911;0,800000000000000000000
2877;410;0,333333333333333333333
2877;458;0,666666666666666666666
2882;109;0,176470588235294117647
2882;658;0,235294117647058823529
2882;1457;0,470588235294117647058
2882;4639;0,058823529411764705882
2882;4780;0,058823529411764705882
2884;13178;1,000000000000000000000
2890;1565;1,000000000000000000000
2916;4274;1,000000000000000000000
2961;585;1,000000000000000000000
2962;1583;0,750000000000000000000
2962;2474;0,250000000000000000000
3029;3557;1,000000000000000000000
3049;393;1,000000000000000000000
3085;960;0,129032258064516129032
3085;1401;0,096774193548387096774
3085;1443;0,032258064516129032258
3085;2146;0,032258064516129032258
3085;2697;0,064516129032258064516
3085;4146;0,129032258064516129032
3085;4147;0,096774193548387096774
3085;5367;0,064516129032258064516
3085;5679;0,032258064516129032258
3085;10658;0,129032258064516129032
3085;14899;0,129032258064516129032
3085;169356;0,064516129032258064516
3087;7756;1,000000000000000000000
3095;1064;0,500000000000000000000
3095;41776;0,500000000000000000000
3101;1897;1,000000000000000000000
3118;3345;1,000000000000000000000
3123;835;0,333333333333333333333
3123;3141;0,666666666666666666666
3141;1231;0,166666666666666666666
3141;1948;0,041666666666666666666
3141;2479;0,041666666666666666666
3141;2736;0,125000000000000000000
3141;2739;0,083333333333333333333
3141;2803;0,083333333333333333333
3141;3123;0,125000000000000000000
3141;3142;0,041666666666666666666
3141;3145;0,083333333333333333333
3141;4024;0,041666666666666666666
3141;4262;0,041666666666666666666
3141;4852;0,083333333333333333333
3141;75555;0,041666666666666666666
3142;2737;1,000000000000000000000
3145;3141;0,250000000000000000000
3145;6045;0,125000000000000000000
3145;14151;0,125000000000000000000
3145;57838;0,500000000000000000000
3169;8441;1,000000000000000000000
3176;31885;1,000000000000000000000
3178;7585;1,000000000000000000000
3188;1058;0,285714285714285714285
3188;2204;0,714285714285714285714
3204;918;1,000000000000000000000
3209;525;1,000000000000000000000
3212;28615;1,000000000000000000000
3230;132;0,500000000000000000000
3230;596;0,500000000000000000000
3235;71;0,333333333333333333333
3235;1406;0,333333333333333333333
3235;5089;0,333333333333333333333
3245;3633;1,000000000000000000000
3251;59;1,000000000000000000000
3284;1822;1,000000000000000000000
3318;5239;1,000000000000000000000
3340;371;0,030303030303030303030
3340;468;0,030303030303030303030
3340;588;0,060606060606060606060
3340;952;0,030303030303030303030
3340;1284;0,030303030303030303030
3340;2128;0,030303030303030303030
3340;2335;0,030303030303030303030
3340;2408;0,030303030303030303030
3340;2549;0,030303030303030303030
3340;2647;0,030303030303030303030
3340;2804;0,030303030303030303030
3340;3118;0,030303030303030303030
3340;3170;0,030303030303030303030
3340;3180;0,030303030303030303030
3340;3341;0,030303030303030303030
3340;3342;0,030303030303030303030
3340;3343;0,030303030303030303030
3340;3344;0,030303030303030303030
3340;3345;0,030303030303030303030
3340;3346;0,030303030303030303030
3340;3347;0,030303030303030303030
3340;3348;0,030303030303030303030
3340;3349;0,030303030303030303030
3340;3350;0,030303030303030303030
3340;3960;0,030303030303030303030
3340;7367;0,030303030303030303030
3340;9924;0,030303030303030303030
3340;9925;0,030303030303030303030
3340;26786;0,030303030303030303030
3340;28697;0,030303030303030303030
3340;28705;0,030303030303030303030
3340;28707;0,030303030303030303030
3359;1402;0,400000000000000000000
3359;1704;0,200000000000000000000
3359;1707;0,400000000000000000000
3360;288;1,000000000000000000000
3383;196;1,000000000000000000000
3393;1235;1,000000000000000000000
3394;424;0,500000000000000000000
3394;4274;0,500000000000000000000
3395;517;0,500000000000000000000
3395;779;0,500000000000000000000
3399;1948;0,428571428571428571428
3399;2355;0,142857142857142857142
3399;3574;0,142857142857142857142
3399;4024;0,142857142857142857142
3399;4853;0,142857142857142857142
3401;750;1,000000000000000000000
3403;1044;0,500000000000000000000
3403;9385;0,500000000000000000000
3414;4262;1,000000000000000000000
3417;1138;1,000000000000000000000
3418;1697;0,142857142857142857142
3418;1766;0,142857142857142857142
3418;2479;0,142857142857142857142
3418;3145;0,142857142857142857142
3418;4697;0,285714285714285714285
3418;257158;0,142857142857142857142
3420;904;1,000000000000000000000
3426;507;1,000000000000000000000
3427;8212;1,000000000000000000000
3429;24;0,125000000000000000000
3429;226;0,125000000000000000000
3429;2655;0,125000000000000000000
3429;2706;0,125000000000000000000
3429;4398;0,125000000000000000000
3429;7116;0,125000000000000000000
3429;8095;0,250000000000000000000
3431;740;1,000000000000000000000
3477;1466;0,500000000000000000000
3477;9982;0,500000000000000000000
3499;576;0,250000000000000000000
3499;3458;0,250000000000000000000
3499;4639;0,250000000000000000000
3499;13796;0,250000000000000000000
3513;120;1,000000000000000000000
3515;502;0,300000000000000000000
3515;531;0,200000000000000000000
3515;1174;0,400000000000000000000
3515;1248;0,100000000000000000000
3523;71;0,058823529411764705882
3523;360;0,058823529411764705882
3523;444;0,058823529411764705882
3523;529;0,058823529411764705882
3523;983;0,088235294117647058823
3523;1316;0,088235294117647058823
3523;1724;0,058823529411764705882
3523;2547;0,029411764705882352941
3523;3235;0,058823529411764705882
3523;12432;0,058823529411764705882
3523;12816;0,058823529411764705882
3523;41776;0,029411764705882352941
3523;63981;0,058823529411764705882
3523;78108;0,147058823529411764705
3523;98841;0,088235294117647058823
3528;2302;0,500000000000000000000
3528;4890;0,500000000000000000000
3564;23886;1,000000000000000000000
3574;1948;1,000000000000000000000
3575;2834;1,000000000000000000000
3585;975;0,333333333333333333333
3585;1171;0,333333333333333333333
3585;7699;0,333333333333333333333
3587;4835;1,000000000000000000000
3601;2706;1,000000000000000000000
3615;3747;1,000000000000000000000
3618;3978;1,000000000000000000000
3647;3648;0,500000000000000000000
3647;11476;0,500000000000000000000
3675;2001;1,000000000000000000000
3685;5627;0,333333333333333333333
3685;8267;0,333333333333333333333
3685;8306;0,333333333333333333333
3705;2433;1,000000000000000000000
3748;127;1,000000000000000000000
3790;4206;1,000000000000000000000
3791;1503;1,000000000000000000000
3793;5660;1,000000000000000000000
3800;6320;1,000000000000000000000
3802;318;0,333333333333333333333
3802;1277;0,333333333333333333333
3802;1815;0,333333333333333333333
3811;4307;0,500000000000000000000
3811;4345;0,500000000000000000000
3827;1556;1,000000000000000000000
3836;246;0,250000000000000000000
3836;1497;0,250000000000000000000
3836;2188;0,250000000000000000000
3836;8928;0,250000000000000000000
3872;983;1,000000000000000000000
3891;844;0,666666666666666666666
3891;2015;0,333333333333333333333
3944;162;0,500000000000000000000
3944;266;0,500000000000000000000
3978;2337;1,000000000000000000000
3991;5437;0,333333333333333333333
3991;9624;0,666666666666666666666
3996;835;0,400000000000000000000
3996;2803;0,600000000000000000000
4041;54;0,500000000000000000000
4041;1462;0,500000000000000000000
4091;891;0,250000000000000000000
4091;8268;0,500000000000000000000
4091;18300;0,250000000000000000000
4099;240;1,000000000000000000000
4101;89874;1,000000000000000000000
4108;4345;1,000000000000000000000
4132;863;1,000000000000000000000
4145;2175;0,500000000000000000000
4145;65998;0,500000000000000000000
4147;2146;0,500000000000000000000
4147;2697;0,500000000000000000000
4148;447;0,750000000000000000000
4148;10337;0,250000000000000000000
4159;6513;1,000000000000000000000
4172;1265;1,000000000000000000000
4173;80;0,500000000000000000000
4173;668;0,500000000000000000000
4187;502;1,000000000000000000000
4217;3477;1,000000000000000000000
4225;520;0,250000000000000000000
4225;4379;0,250000000000000000000
4225;5012;0,250000000000000000000
4225;160268;0,250000000000000000000
4228;793;1,000000000000000000000
4244;7598;1,000000000000000000000
4245;521;1,000000000000000000000
4268;468;0,076923076923076923076
4268;652;0,076923076923076923076
4268;1180;0,384615384615384615384
4268;1949;0,076923076923076923076
4268;1956;0,076923076923076923076
4268;3436;0,076923076923076923076
4268;3975;0,076923076923076923076
4268;6749;0,153846153846153846153
4278;538;1,000000000000000000000
4281;960;1,000000000000000000000
4299;4430;0,500000000000000000000
4299;8095;0,500000000000000000000
4307;4345;1,000000000000000000000
4309;885;1,000000000000000000000
4313;11;0,500000000000000000000
4313;4376;0,500000000000000000000
4345;527;0,333333333333333333333
4345;3811;0,333333333333333333333
4345;4307;0,333333333333333333333
4349;1225;1,000000000000000000000
4359;11;1,000000000000000000000
4376;1827;0,333333333333333333333
4376;3234;0,333333333333333333333
4376;4313;0,333333333333333333333
4386;870;1,000000000000000000000
4398;226;0,166666666666666666666
4398;1515;0,166666666666666666666
4398;3429;0,333333333333333333333
4398;4592;0,333333333333333333333
4421;523;0,050000000000000000000
4421;864;0,050000000000000000000
4421;2188;0,050000000000000000000
4421;3189;0,050000000000000000000
4421;4091;0,050000000000000000000
4421;4877;0,050000000000000000000
4421;5470;0,050000000000000000000
4421;5667;0,050000000000000000000
4421;5800;0,050000000000000000000
4421;6372;0,050000000000000000000
4421;6991;0,050000000000000000000
4421;6992;0,050000000000000000000
4421;10740;0,100000000000000000000
4421;14050;0,050000000000000000000
4421;15906;0,050000000000000000000
4421;20436;0,050000000000000000000
4421;21511;0,050000000000000000000
4421;21515;0,050000000000000000000
4421;28661;0,050000000000000000000
4434;1100;0,500000000000000000000
4434;2578;0,500000000000000000000
4435;1439;1,000000000000000000000
4440;1597;1,000000000000000000000
4472;3836;1,000000000000000000000
4486;3532;1,000000000000000000000
4501;1040;1,000000000000000000000
4510;424;1,000000000000000000000
4525;3235;1,000000000000000000000
4552;41;0,500000000000000000000
4552;1261;0,500000000000000000000
4553;1154;0,250000000000000000000
4553;1917;0,250000000000000000000
4553;2796;0,500000000000000000000
4586;4587;0,500000000000000000000
4586;27613;0,500000000000000000000
4592;1149;0,142857142857142857142
4592;1515;0,428571428571428571428
4592;4398;0,285714285714285714285
4592;5719;0,142857142857142857142
4598;3636;1,000000000000000000000
4621;1429;0,500000000000000000000
4621;2080;0,500000000000000000000
4639;3499;1,000000000000000000000
4681;955;1,000000000000000000000
4686;1027;1,000000000000000000000
4692;6641;1,000000000000000000000
4697;3418;1,000000000000000000000
4713;251;0,500000000000000000000
4713;2009;0,500000000000000000000
4715;24;1,000000000000000000000
4719;4777;1,000000000000000000000
4729;2742;0,500000000000000000000
4729;3123;0,500000000000000000000
4755;2027;0,500000000000000000000
4755;2492;0,500000000000000000000
4780;131;0,333333333333333333333
4780;658;0,333333333333333333333
4780;2882;0,333333333333333333333
4821;2713;0,600000000000000000000
4821;5643;0,400000000000000000000
4829;866;1,000000000000000000000
4852;57;0,333333333333333333333
4852;3141;0,666666666666666666666
4853;3355;1,000000000000000000000
4885;266;1,000000000000000000000
4901;2280;1,000000000000000000000
4933;1416;0,500000000000000000000
4933;4101;0,500000000000000000000
4935;2288;1,000000000000000000000
5001;259636;1,000000000000000000000
5016;420;0,333333333333333333333
5016;5681;0,333333333333333333333
5016;6483;0,333333333333333333333
5029;2591;1,000000000000000000000
5061;2851;1,000000000000000000000
5071;332;0,571428571428571428571
5071;527;0,142857142857142857142
5071;1180;0,285714285714285714285
5077;441;0,333333333333333333333
5077;8253;0,666666666666666666666
5082;151;0,500000000000000000000
5082;1667;0,250000000000000000000
5082;2216;0,250000000000000000000
5089;1406;0,400000000000000000000
5089;3096;0,200000000000000000000
5089;3235;0,400000000000000000000
5142;798;1,000000000000000000000
5149;54;0,020618556701030927835
5149;119;0,020618556701030927835
5149;322;0,020618556701030927835
5149;550;0,020618556701030927835
5149;657;0,041237113402061855670
5149;658;0,020618556701030927835
5149;689;0,020618556701030927835
5149;846;0,030927835051546391752
5149;1068;0,020618556701030927835
5149;1254;0,030927835051546391752
5149;1344;0,010309278350515463917
5149;1463;0,020618556701030927835
5149;1487;0,020618556701030927835
5149;1663;0,020618556701030927835
5149;1759;0,020618556701030927835
5149;1839;0,020618556701030927835
5149;2007;0,020618556701030927835
5149;2182;0,020618556701030927835
5149;2183;0,020618556701030927835
5149;2184;0,020618556701030927835
5149;2206;0,020618556701030927835
5149;2380;0,020618556701030927835
5149;2817;0,020618556701030927835
5149;3095;0,010309278350515463917
5149;3105;0,010309278350515463917
5149;3642;0,041237113402061855670
5149;3694;0,020618556701030927835
5149;4031;0,020618556701030927835
5149;4172;0,020618556701030927835
5149;4940;0,020618556701030927835
5149;5457;0,020618556701030927835
5149;5657;0,020618556701030927835
5149;5789;0,020618556701030927835
5149;5790;0,030927835051546391752
5149;6567;0,020618556701030927835
5149;7598;0,020618556701030927835
5149;7694;0,020618556701030927835
5149;9138;0,020618556701030927835
5149;9394;0,020618556701030927835
5149;9618;0,020618556701030927835
5149;12247;0,020618556701030927835
5149;14733;0,020618556701030927835
5149;15895;0,020618556701030927835
5149;20853;0,020618556701030927835
5149;21161;0,020618556701030927835
5149;28546;0,020618556701030927835
5149;41776;0,010309278350515463917
5219;1101;0,500000000000000000000
5219;9402;0,500000000000000000000
5264;9410;0,500000000000000000000
5264;9416;0,500000000000000000000
5395;1462;0,500000000000000000000
5395;2021;0,500000000000000000000
5437;18258;1,000000000000000000000
5457;199;0,500000000000000000000
5457;5149;0,500000000000000000000
5464;48;0,076923076923076923076
5464;796;0,230769230769230769230
5464;1104;0,076923076923076923076
5464;1111;0,076923076923076923076
5464;1196;0,076923076923076923076
5464;1713;0,076923076923076923076
5464;1806;0,076923076923076923076
5464;1963;0,076923076923076923076
5464;3599;0,076923076923076923076
5464;4831;0,076923076923076923076
5464;5006;0,076923076923076923076
5469;1109;1,000000000000000000000
5470;3809;0,333333333333333333333
5470;11656;0,333333333333333333333
5470;13141;0,333333333333333333333
5478;2196;0,200000000000000000000
5478;2254;0,600000000000000000000
5478;9438;0,200000000000000000000
5500;724;1,000000000000000000000
5506;5915;1,000000000000000000000
5519;9438;1,000000000000000000000
5521;2851;0,500000000000000000000
5521;5071;0,500000000000000000000
5543;5309;0,200000000000000000000
5543;5784;0,200000000000000000000
5543;7131;0,200000000000000000000
5543;7240;0,200000000000000000000
5543;9905;0,200000000000000000000
5603;367;0,285714285714285714285
5603;488;0,142857142857142857142
5603;527;0,142857142857142857142
5603;1004;0,142857142857142857142
5603;4345;0,142857142857142857142
5603;9727;0,142857142857142857142
5613;6406;1,000000000000000000000
5616;5679;1,000000000000000000000
5628;2293;1,000000000000000000000
5629;4720;0,181818181818181818181
5629;5679;0,727272727272727272727
5629;9382;0,090909090909090909090
5638;845;0,500000000000000000000
5638;4350;0,250000000000000000000
5638;24259;0,250000000000000000000
5643;4821;1,000000000000000000000
5651;2491;1,000000000000000000000
5660;3793;1,000000000000000000000
5753;1707;0,250000000000000000000
5753;2254;0,250000000000000000000
5753;2506;0,250000000000000000000
5753;10093;0,250000000000000000000
5854;3481;1,000000000000000000000
5886;362;1,000000000000000000000
5896;9960;1,000000000000000000000
5898;1988;1,000000000000000000000
5915;288;0,500000000000000000000
5915;5506;0,500000000000000000000
5922;5519;1,000000000000000000000
5960;7660;1,000000000000000000000
5967;59;1,000000000000000000000
6007;393;1,000000000000000000000
6010;1162;0,500000000000000000000
6010;173893;0,500000000000000000000
6058;8512;0,500000000000000000000
6058;38738;0,500000000000000000000
6132;1225;1,000000000000000000000
6169;643;1,000000000000000000000
6189;2064;1,000000000000000000000
6201;76428;1,000000000000000000000
6320;2271;1,000000000000000000000
6349;1866;1,000000000000000000000
6497;4159;1,000000000000000000000
6505;4853;1,000000000000000000000
6524;2355;1,000000000000000000000
6535;2713;1,000000000000000000000
6543;11;0,500000000000000000000
6543;122;0,500000000000000000000
6567;48255;1,000000000000000000000
6581;960;1,000000000000000000000
6624;7780;1,000000000000000000000
6641;4692;1,000000000000000000000
6701;1082;1,000000000000000000000
6723;1156;0,571428571428571428571
6723;1768;0,142857142857142857142
6723;3395;0,142857142857142857142
6723;51102;0,142857142857142857142
6734;25205;0,500000000000000000000
6734;25229;0,500000000000000000000
6788;3548;1,000000000000000000000
6892;1004;1,000000000000000000000
6929;643;0,500000000000000000000
6929;8465;0,500000000000000000000
6955;1164;1,000000000000000000000
6962;718;0,166666666666666666666
6962;1278;0,166666666666666666666
6962;7116;0,166666666666666666666
6962;27708;0,166666666666666666666
6962;112062;0,166666666666666666666
6962;151009;0,166666666666666666666
6980;1520;1,000000000000000000000
7049;1583;1,000000000000000000000
7116;279;0,142857142857142857142
7116;1271;0,142857142857142857142
7116;3005;0,142857142857142857142
7116;3045;0,142857142857142857142
7116;3429;0,142857142857142857142
7116;6962;0,285714285714285714285
7130;96;0,142857142857142857142
7130;420;0,285714285714285714285
7130;600;0,142857142857142857142
7130;1316;0,142857142857142857142
7130;12432;0,142857142857142857142
7130;12816;0,142857142857142857142
7160;2661;0,666666666666666666666
7160;3234;0,333333333333333333333
7259;1637;1,000000000000000000000
7278;307;0,045454545454545454545
7278;1200;0,045454545454545454545
7278;1240;0,045454545454545454545
7278;1324;0,045454545454545454545
7278;1325;0,045454545454545454545
7278;1326;0,045454545454545454545
7278;1327;0,045454545454545454545
7278;1329;0,045454545454545454545
7278;1330;0,045454545454545454545
7278;1331;0,045454545454545454545
7278;1332;0,045454545454545454545
7278;1333;0,045454545454545454545
7278;1335;0,045454545454545454545
7278;1336;0,045454545454545454545
7278;1337;0,045454545454545454545
7278;1338;0,045454545454545454545
7278;2054;0,045454545454545454545
7278;2152;0,045454545454545454545
7278;3983;0,045454545454545454545
7278;5831;0,045454545454545454545
7278;15437;0,045454545454545454545
7278;17047;0,045454545454545454545
7328;620;1,000000000000000000000
7341;1127;1,000000000000000000000
7418;5212;1,000000000000000000000
7434;2182;1,000000000000000000000
7521;568;0,157894736842105263157
7521;3212;0,210526315789473684210
7521;4576;0,157894736842105263157
7521;4629;0,157894736842105263157
7521;6461;0,157894736842105263157
7521;13141;0,157894736842105263157
7543;152027;1,000000000000000000000
7713;63;0,017241379310344827586
7713;277;0,034482758620689655172
7713;283;0,017241379310344827586
7713;288;0,017241379310344827586
7713;293;0,017241379310344827586
7713;296;0,017241379310344827586
7713;568;0,017241379310344827586
7713;671;0,017241379310344827586
7713;865;0,017241379310344827586
7713;978;0,017241379310344827586
7713;1100;0,017241379310344827586
7713;1171;0,017241379310344827586
7713;1254;0,017241379310344827586
7713;1293;0,017241379310344827586
7713;1405;0,017241379310344827586
7713;1443;0,017241379310344827586
7713;1598;0,034482758620689655172
7713;1678;0,017241379310344827586
7713;1735;0,017241379310344827586
7713;2275;0,017241379310344827586
7713;2489;0,017241379310344827586
7713;2512;0,017241379310344827586
7713;2744;0,017241379310344827586
7713;2916;0,017241379310344827586
7713;3123;0,017241379310344827586
7713;3256;0,017241379310344827586
7713;3381;0,017241379310344827586
7713;3683;0,017241379310344827586
7713;4085;0,017241379310344827586
7713;4159;0,017241379310344827586
7713;4359;0,017241379310344827586
7713;5149;0,017241379310344827586
7713;5617;0,017241379310344827586
7713;5624;0,017241379310344827586
7713;5638;0,051724137931034482758
7713;7030;0,017241379310344827586
7713;8165;0,017241379310344827586
7713;8489;0,017241379310344827586
7713;8715;0,017241379310344827586
7713;8909;0,017241379310344827586
7713;8910;0,017241379310344827586
7713;9898;0,017241379310344827586
7713;12563;0,017241379310344827586
7713;12745;0,017241379310344827586
7713;17549;0,017241379310344827586
7713;17611;0,017241379310344827586
7713;26786;0,017241379310344827586
7713;27672;0,086206896551724137931
7713;28818;0,017241379310344827586
7713;28821;0,017241379310344827586
7739;5005;0,333333333333333333333
7739;5484;0,666666666666666666666
7741;1514;1,000000000000000000000
7756;3087;1,000000000000000000000
7759;497;0,200000000000000000000
7759;815;0,200000000000000000000
7759;6548;0,200000000000000000000
7759;9208;0,200000000000000000000
7759;308238;0,200000000000000000000
7774;14151;1,000000000000000000000
7866;794;1,000000000000000000000
7906;2175;0,500000000000000000000
7906;65998;0,500000000000000000000
7975;704;1,000000000000000000000
8062;8928;1,000000000000000000000
8090;5691;1,000000000000000000000
8095;2661;0,153846153846153846153
8095;3429;0,153846153846153846153
8095;4299;0,615384615384615384615
8095;17607;0,076923076923076923076
8109;1027;0,333333333333333333333
8109;7998;0,666666666666666666666
8162;275;1,000000000000000000000
8212;846;0,500000000000000000000
8212;1681;0,500000000000000000000
8255;1459;1,000000000000000000000
8396;967;1,000000000000000000000
8435;240;0,666666666666666666666
8435;1778;0,333333333333333333333
8441;35;0,666666666666666666666
8441;3169;0,111111111111111111111
8441;8459;0,111111111111111111111
8441;8464;0,111111111111111111111
8446;758;0,500000000000000000000
8446;3289;0,500000000000000000000
8447;248334;1,000000000000000000000
8459;8441;1,000000000000000000000
8464;1938;0,200000000000000000000
8464;4991;0,200000000000000000000
8464;5005;0,200000000000000000000
8464;8441;0,400000000000000000000
8465;479;0,500000000000000000000
8465;2745;0,500000000000000000000
8466;479;1,000000000000000000000
8489;1156;0,400000000000000000000
8489;3528;0,200000000000000000000
8489;5373;0,200000000000000000000
8489;9714;0,200000000000000000000
8493;891;1,000000000000000000000
8512;6058;1,000000000000000000000
8590;46;1,000000000000000000000
8611;1667;1,000000000000000000000
8623;1419;0,500000000000000000000
8623;25849;0,500000000000000000000
8648;266;0,500000000000000000000
8648;8976;0,500000000000000000000
8730;2504;1,000000000000000000000
8805;1265;1,000000000000000000000
8820;2425;1,000000000000000000000
8827;255726;1,000000000000000000000
8865;8827;1,000000000000000000000
8873;1913;1,000000000000000000000
8910;2834;1,000000000000000000000
8928;163;0,075000000000000000000
8928;771;0,025000000000000000000
8928;937;0,025000000000000000000
8928;1477;0,025000000000000000000
8928;1478;0,025000000000000000000
8928;1479;0,025000000000000000000
8928;1480;0,025000000000000000000
8928;1481;0,025000000000000000000
8928;1482;0,025000000000000000000
8928;1483;0,025000000000000000000
8928;2276;0,025000000000000000000
8928;3293;0,025000000000000000000
8928;3306;0,025000000000000000000
8928;3463;0,025000000000000000000
8928;3836;0,025000000000000000000
8928;4471;0,025000000000000000000
8928;6413;0,025000000000000000000
8928;7650;0,025000000000000000000
8928;8062;0,025000000000000000000
8928;8203;0,025000000000000000000
8928;10202;0,025000000000000000000
8928;10352;0,025000000000000000000
8928;11863;0,025000000000000000000
8928;12026;0,025000000000000000000
8928;12497;0,025000000000000000000
8928;12550;0,025000000000000000000
8928;13265;0,025000000000000000000
8928;13428;0,025000000000000000000
8928;14899;0,025000000000000000000
8928;17584;0,025000000000000000000
8928;17585;0,025000000000000000000
8928;18098;0,025000000000000000000
8928;18102;0,025000000000000000000
8928;20204;0,025000000000000000000
8928;20206;0,025000000000000000000
8928;26267;0,050000000000000000000
8928;37812;0,025000000000000000000
8976;8648;1,000000000000000000000
9068;2422;1,000000000000000000000
9208;7759;1,000000000000000000000
9338;844;1,000000000000000000000
9340;930;1,000000000000000000000
9352;2554;0,200000000000000000000
9352;5092;0,400000000000000000000
9352;7998;0,400000000000000000000
9356;1439;0,500000000000000000000
9356;1440;0,500000000000000000000
9382;5629;1,000000000000000000000
9391;206;1,000000000000000000000
9393;2998;1,000000000000000000000
9405;7767;1,000000000000000000000
9419;1162;0,500000000000000000000
9419;2330;0,500000000000000000000
9424;1263;1,000000000000000000000
9442;466;1,000000000000000000000
9513;1073;0,200000000000000000000
9513;1985;0,200000000000000000000
9513;4918;0,200000000000000000000
9513;4919;0,200000000000000000000
9513;8164;0,200000000000000000000
9542;727;1,000000000000000000000
9554;6061;1,000000000000000000000
9567;4080;1,000000000000000000000
9707;189;0,500000000000000000000
9707;1840;0,500000000000000000000
9806;960;1,000000000000000000000
10020;8095;1,000000000000000000000
10021;6105;1,000000000000000000000
10026;17270;1,000000000000000000000
10067;2140;1,000000000000000000000
10080;18247;1,000000000000000000000
10175;2136;1,000000000000000000000
10338;837;0,142857142857142857142
10338;1439;0,428571428571428571428
10338;1440;0,285714285714285714285
10338;3015;0,142857142857142857142
10740;4421;1,000000000000000000000
10941;1173;1,000000000000000000000
10946;1263;1,000000000000000000000
11213;190;1,000000000000000000000
11527;1123;0,200000000000000000000
11527;1671;0,200000000000000000000
11527;2119;0,200000000000000000000
11527;3146;0,200000000000000000000
11527;8525;0,200000000000000000000
11656;1959;0,500000000000000000000
11656;5470;0,500000000000000000000
11690;615;1,000000000000000000000
11826;1220;1,000000000000000000000
11869;2137;1,000000000000000000000
12257;38;0,333333333333333333333
12257;609;0,666666666666666666666
12563;1218;1,000000000000000000000
12591;7135;1,000000000000000000000
12670;1822;1,000000000000000000000
12745;1355;1,000000000000000000000
12768;564;0,250000000000000000000
12768;1506;0,250000000000000000000
12768;1516;0,250000000000000000000
12768;4841;0,250000000000000000000
12876;85;0,500000000000000000000
12876;798;0,500000000000000000000
12936;1503;0,333333333333333333333
12936;3859;0,333333333333333333333
12936;4179;0,333333333333333333333
12938;59522;1,000000000000000000000
12964;4349;0,500000000000000000000
12964;255740;0,500000000000000000000
13141;37;0,071428571428571428571
13141;38;0,071428571428571428571
13141;179;0,071428571428571428571
13141;609;0,071428571428571428571
13141;920;0,142857142857142857142
13141;1724;0,071428571428571428571
13141;1877;0,071428571428571428571
13141;1892;0,071428571428571428571
13141;2576;0,071428571428571428571
13141;3518;0,071428571428571428571
13141;5470;0,071428571428571428571
13141;7215;0,071428571428571428571
13141;12755;0,071428571428571428571
13236;1206;1,000000000000000000000
13253;1156;1,000000000000000000000
13292;1162;1,000000000000000000000
13599;259636;1,000000000000000000000
13644;5851;1,000000000000000000000
13713;8749;1,000000000000000000000
14050;573;1,000000000000000000000
14151;96;0,006250000000000000000
14151;137;0,012500000000000000000
14151;162;0,012500000000000000000
14151;229;0,018750000000000000000
14151;237;0,006250000000000000000
14151;273;0,012500000000000000000
14151;346;0,012500000000000000000
14151;433;0,006250000000000000000
14151;507;0,006250000000000000000
14151;571;0,012500000000000000000
14151;612;0,012500000000000000000
14151;641;0,012500000000000000000
14151;713;0,012500000000000000000
14151;885;0,006250000000000000000
14151;980;0,037500000000000000000
14151;1044;0,012500000000000000000
14151;1079;0,012500000000000000000
14151;1160;0,012500000000000000000
14151;1206;0,012500000000000000000
14151;1246;0,012500000000000000000
14151;1295;0,012500000000000000000
14151;1310;0,012500000000000000000
14151;1319;0,012500000000000000000
14151;1326;0,006250000000000000000
14151;1457;0,012500000000000000000
14151;1459;0,025000000000000000000
14151;1504;0,012500000000000000000
14151;1512;0,006250000000000000000
14151;1600;0,006250000000000000000
14151;1667;0,012500000000000000000
14151;2054;0,006250000000000000000
14151;2119;0,012500000000000000000
14151;2131;0,012500000000000000000
14151;2139;0,006250000000000000000
14151;2296;0,006250000000000000000
14151;2318;0,012500000000000000000
14151;2464;0,012500000000000000000
14151;2509;0,012500000000000000000
14151;2515;0,037500000000000000000
14151;2520;0,012500000000000000000
14151;2551;0,012500000000000000000
14151;2882;0,012500000000000000000
14151;3045;0,012500000000000000000
14151;3053;0,006250000000000000000
14151;3145;0,012500000000000000000
14151;3557;0,018750000000000000000
14151;3811;0,012500000000000000000
14151;3957;0,012500000000000000000
14151;3983;0,006250000000000000000
14151;4059;0,012500000000000000000
14151;4102;0,012500000000000000000
14151;4108;0,012500000000000000000
14151;4148;0,006250000000000000000
14151;4225;0,012500000000000000000
14151;4309;0,006250000000000000000
14151;4476;0,006250000000000000000
14151;4621;0,012500000000000000000
14151;4752;0,006250000000000000000
14151;5093;0,012500000000000000000
14151;5101;0,006250000000000000000
14151;5142;0,012500000000000000000
14151;5174;0,012500000000000000000
14151;5239;0,012500000000000000000
14151;5506;0,012500000000000000000
14151;5681;0,012500000000000000000
14151;6151;0,012500000000000000000
14151;6694;0,012500000000000000000
14151;7418;0,012500000000000000000
14151;7774;0,012500000000000000000
14151;8225;0,006250000000000000000
14151;9274;0,012500000000000000000
14151;9345;0,006250000000000000000
14151;9440;0,006250000000000000000
14151;9729;0,006250000000000000000
14151;9805;0,006250000000000000000
14151;11415;0,006250000000000000000
14151;12159;0,012500000000000000000
14151;12436;0,006250000000000000000
14151;12876;0,012500000000000000000
14151;17274;0,012500000000000000000
14151;19176;0,006250000000000000000
14151;23096;0,012500000000000000000
14151;26479;0,006250000000000000000
14151;67591;0,012500000000000000000
14151;67593;0,006250000000000000000
14151;83231;0,031250000000000000000
14151;284852;0,006250000000000000000
14266;7660;1,000000000000000000000
14826;1637;1,000000000000000000000
15302;2834;0,333333333333333333333
15302;157662;0,666666666666666666666
15471;173893;1,000000000000000000000
15737;8050;1,000000000000000000000
16866;4954;1,000000000000000000000
16921;1171;1,000000000000000000000
17270;10026;1,000000000000000000000
17276;1027;1,000000000000000000000
17277;2012;1,000000000000000000000
17549;27672;1,000000000000000000000
17611;2993;1,000000000000000000000
17762;1020;1,000000000000000000000
18247;10080;1,000000000000000000000
18300;4091;1,000000000000000000000
18641;277;0,333333333333333333333
18641;1168;0,666666666666666666666
19176;232;1,000000000000000000000
19198;2731;0,200000000000000000000
19198;19199;0,800000000000000000000
19199;796;0,333333333333333333333
19199;19198;0,666666666666666666666
20393;353;0,333333333333333333333
20393;27615;0,666666666666666666666
20664;13704;1,000000000000000000000
21154;2111;1,000000000000000000000
21396;995;0,500000000000000000000
21396;1700;0,500000000000000000000
21734;3111;1,000000000000000000000
22123;443;1,000000000000000000000
23096;14151;1,000000000000000000000
23759;3575;1,000000000000000000000
24460;2515;1,000000000000000000000
25205;6734;0,500000000000000000000
25205;25227;0,500000000000000000000
25849;1121;0,250000000000000000000
25849;2059;0,500000000000000000000
25849;8623;0,250000000000000000000
26070;704;0,333333333333333333333
26070;945;0,666666666666666666666
27062;2275;1,000000000000000000000
27173;22;1,000000000000000000000
27336;1393;1,000000000000000000000
27603;27610;1,000000000000000000000
27700;7874;1,000000000000000000000
27708;6962;1,000000000000000000000
27763;1231;1,000000000000000000000
27808;1326;1,000000000000000000000
28171;330;1,000000000000000000000
28397;35;1,000000000000000000000
28422;408;1,000000000000000000000
28602;658;1,000000000000000000000
28615;3212;0,666666666666666666666
28615;7648;0,333333333333333333333
28819;8003;1,000000000000000000000
28914;615;1,000000000000000000000
28930;551;0,025000000000000000000
28930;859;0,025000000000000000000
28930;1344;0,025000000000000000000
28930;1454;0,025000000000000000000
28930;1898;0,050000000000000000000
28930;2435;0,025000000000000000000
28930;3420;0,050000000000000000000
28930;3683;0,025000000000000000000
28930;3685;0,025000000000000000000
28930;5136;0,050000000000000000000
28930;7717;0,050000000000000000000
28930;7975;0,050000000000000000000
28930;8212;0,025000000000000000000
28930;12959;0,050000000000000000000
28930;15737;0,050000000000000000000
28930;23759;0,025000000000000000000
28930;24259;0,050000000000000000000
28930;152027;0,375000000000000000000
28940;1569;1,000000000000000000000
29376;2591;1,000000000000000000000
30415;2464;1,000000000000000000000
31885;56282;1,000000000000000000000
34784;4379;1,000000000000000000000
37812;8928;1,000000000000000000000
38738;6058;0,500000000000000000000
38738;50332;0,500000000000000000000
41776;718;0,333333333333333333333
41776;983;0,333333333333333333333
41776;5149;0,333333333333333333333
48255;240;0,500000000000000000000
48255;28027;0,500000000000000000000
48862;76428;1,000000000000000000000
50332;38738;1,000000000000000000000
54440;2792;1,000000000000000000000
54879;17276;1,000000000000000000000
56282;31885;1,000000000000000000000
56738;5618;1,000000000000000000000
57838;3145;0,750000000000000000000
57838;151009;0,250000000000000000000
59522;12938;1,000000000000000000000
59745;1169;0,750000000000000000000
59745;1939;0,125000000000000000000
59745;18641;0,125000000000000000000
59841;71;0,142857142857142857142
59841;419;0,142857142857142857142
59841;602;0,142857142857142857142
59841;695;0,142857142857142857142
59841;846;0,285714285714285714285
59841;1065;0,142857142857142857142
65193;111;0,111111111111111111111
65193;452;0,111111111111111111111
65193;675;0,055555555555555555555
65193;718;0,055555555555555555555
65193;933;0,222222222222222222222
65193;1174;0,055555555555555555555
65193;1361;0,222222222222222222222
65193;1647;0,111111111111111111111
65193;3515;0,055555555555555555555
65998;2175;0,615384615384615384615
65998;4145;0,076923076923076923076
65998;10630;0,076923076923076923076
65998;66075;0,230769230769230769230
66075;17208;1,000000000000000000000
73857;1988;1,000000000000000000000
74054;706;1,000000000000000000000
75230;1545;1,000000000000000000000
75827;747;0,428571428571428571428
75827;748;0,142857142857142857142
75827;71411;0,142857142857142857142
75827;75828;0,142857142857142857142
75827;325646;0,142857142857142857142
75828;747;1,000000000000000000000
76428;28517;1,000000000000000000000
78108;3523;1,000000000000000000000
89874;520;0,043478260869565217391
89874;3563;0,347826086956521739130
89874;4101;0,043478260869565217391
89874;4225;0,217391304347826086956
89874;4228;0,043478260869565217391
89874;5012;0,086956521739130434782
89874;160268;0,217391304347826086956
90666;2080;1,000000000000000000000
98068;1058;1,000000000000000000000
112062;695;0,600000000000000000000
112062;826;0,400000000000000000000
113392;23;0,500000000000000000000
113392;296;0,500000000000000000000
113459;8172;1,000000000000000000000
115105;992;0,333333333333333333333
115105;1931;0,111111111111111111111
115105;1939;0,111111111111111111111
115105;2684;0,444444444444444444444
116140;517;0,090909090909090909090
116140;632;0,363636363636363636363
116140;2500;0,090909090909090909090
116140;3395;0,090909090909090909090
116140;8253;0,363636363636363636363
119973;3408;1,000000000000000000000
131383;277;0,500000000000000000000
131383;1169;0,500000000000000000000
137801;96;0,400000000000000000000
137801;615;0,600000000000000000000
140271;644;0,250000000000000000000
140271;645;0,750000000000000000000
151009;826;0,250000000000000000000
151009;983;0,250000000000000000000
151009;1475;0,250000000000000000000
151009;57838;0,250000000000000000000
157662;40;0,333333333333333333333
157662;2834;0,333333333333333333333
157662;15302;0,333333333333333333333
159122;6723;1,000000000000000000000
169356;3085;0,250000000000000000000
169356;326597;0,750000000000000000000
173893;1831;0,333333333333333333333
173893;6010;0,333333333333333333333
173893;15471;0,333333333333333333333
179346;119;0,250000000000000000000
179346;550;0,125000000000000000000
179346;1348;0,125000000000000000000
179346;1663;0,125000000000000000000
179346;9226;0,125000000000000000000
179346;12572;0,250000000000000000000
184646;1316;0,166666666666666666666
184646;3394;0,166666666666666666666
184646;4020;0,166666666666666666666
184646;4510;0,333333333333333333333
184646;59745;0,166666666666666666666
189452;1168;0,500000000000000000000
189452;7713;0,500000000000000000000
190971;63;1,000000000000000000000
192866;71;0,272727272727272727272
192866;845;0,636363636363636363636
192866;1437;0,090909090909090909090
219132;615;1,000000000000000000000
238453;796;0,800000000000000000000
238453;239969;0,200000000000000000000
239963;643;0,200000000000000000000
239963;796;0,600000000000000000000
239963;1168;0,200000000000000000000
239965;3082;1,000000000000000000000
239966;1945;1,000000000000000000000
239969;507;0,200000000000000000000
239969;1111;0,200000000000000000000
239969;2164;0,200000000000000000000
239969;2428;0,200000000000000000000
239969;238453;0,200000000000000000000
248334;8447;1,000000000000000000000
248835;248836;1,000000000000000000000
248836;248835;1,000000000000000000000
251573;122;1,000000000000000000000
251668;122;1,000000000000000000000
255726;8827;1,000000000000000000000
255863;997;1,000000000000000000000
256804;119;0,500000000000000000000
256804;1867;0,500000000000000000000
256951;643;0,500000000000000000000
256951;5484;0,500000000000000000000
259342;749;0,500000000000000000000
259342;7478;0,500000000000000000000
276780;44336;1,000000000000000000000
278190;122;1,000000000000000000000
283633;1168;1,000000000000000000000
284853;14323;1,000000000000000000000
308238;7759;1,000000000000000000000
321395;502;0,400000000000000000000
321395;876;0,200000000000000000000
321395;3515;0,400000000000000000000
326597;3085;1,000000000000000000000
