2;5909;0,500000000000000000000
2;6622;0,500000000000000000000
46;9261;1,000000000000000000000
65;695;1,000000000000000000000
71;100;0,043478260869565217391
71;194;0,130434782608695652173
71;644;0,043478260869565217391
71;695;0,086956521739130434782
71;1276;0,043478260869565217391
71;1489;0,043478260869565217391
71;1724;0,043478260869565217391
71;3141;0,043478260869565217391
71;3235;0,043478260869565217391
71;59841;0,086956521739130434782
71;192866;0,391304347826086956521
72;135;0,250000000000000000000
72;829;0,750000000000000000000
74;2591;0,500000000000000000000
74;50332;0,500000000000000000000
77;528;1,000000000000000000000
80;219;0,069306930693069306930
80;324;0,009900990099009900990
80;407;0,019801980198019801980
80;452;0,009900990099009900990
80;502;0,009900990099009900990
80;531;0,029702970297029702970
80;668;0,138613861386138613861
80;718;0,039603960396039603960
80;754;0,009900990099009900990
80;876;0,069306930693069306930
80;933;0,009900990099009900990
80;1129;0,029702970297029702970
80;1130;0,009900990099009900990
80;1131;0,099009900990099009900
80;1174;0,009900990099009900990
80;1248;0,019801980198019801980
80;1361;0,089108910891089108910
80;1391;0,009900990099009900990
80;1745;0,019801980198019801980
80;1893;0,019801980198019801980
80;2516;0,049504950495049504950
80;2518;0,049504950495049504950
80;3443;0,069306930693069306930
80;3515;0,019801980198019801980
80;3625;0,049504950495049504950
80;4173;0,029702970297029702970
80;65193;0,009900990099009900990
83;1504;0,200000000000000000000
83;1862;0,200000000000000000000
83;5239;0,200000000000000000000
83;5591;0,200000000000000000000
83;6635;0,200000000000000000000
96;85;0,040000000000000000000
96;122;0,040000000000000000000
96;210;0,040000000000000000000
96;237;0,080000000000000000000
96;248;0,040000000000000000000
96;615;0,280000000000000000000
96;626;0,080000000000000000000
96;937;0,040000000000000000000
96;2293;0,080000000000000000000
96;2515;0,040000000000000000000
96;3636;0,040000000000000000000
96;4825;0,080000000000000000000
96;5042;0,040000000000000000000
96;24460;0,040000000000000000000
96;245879;0,040000000000000000000
100;71;0,333333333333333333333
100;837;0,333333333333333333333
100;4512;0,333333333333333333333
101;4080;0,750000000000000000000
101;4507;0,250000000000000000000
104;937;0,500000000000000000000
104;29067;0,500000000000000000000
132;689;1,000000000000000000000
135;72;0,037037037037037037037
135;644;0,074074074074074074074
135;992;0,074074074074074074074
135;1278;0,444444444444444444444
135;1939;0,037037037037037037037
135;2204;0,074074074074074074074
135;3176;0,037037037037037037037
135;4268;0,037037037037037037037
135;9468;0,111111111111111111111
135;17426;0,037037037037037037037
135;184987;0,037037037037037037037
138;249;0,333333333333333333333
138;1065;0,333333333333333333333
138;4206;0,333333333333333333333
162;4108;1,000000000000000000000
163;1597;1,000000000000000000000
166;3774;1,000000000000000000000
174;114536;1,000000000000000000000
179;37;0,500000000000000000000
179;211;0,250000000000000000000
179;920;0,250000000000000000000
183;992;0,800000000000000000000
183;1278;0,200000000000000000000
187;182;0,200000000000000000000
187;226;0,200000000000000000000
187;1591;0,200000000000000000000
187;3636;0,200000000000000000000
187;6105;0,200000000000000000000
189;4576;1,000000000000000000000
190;61;0,100000000000000000000
190;1326;0,100000000000000000000
190;1335;0,200000000000000000000
190;2071;0,200000000000000000000
190;3116;0,200000000000000000000
190;9424;0,200000000000000000000
194;71;0,285714285714285714285
194;435;0,071428571428571428571
194;628;0,357142857142857142857
194;695;0,142857142857142857142
194;1940;0,142857142857142857142
199;2182;0,125000000000000000000
199;2206;0,125000000000000000000
199;3105;0,250000000000000000000
199;5457;0,250000000000000000000
199;5789;0,250000000000000000000
206;1263;0,142857142857142857142
206;2046;0,142857142857142857142
206;4070;0,142857142857142857142
206;9391;0,571428571428571428571
211;179;0,500000000000000000000
211;212;0,500000000000000000000
213;747;0,750000000000000000000
213;75828;0,250000000000000000000
219;224;0,100000000000000000000
219;324;0,200000000000000000000
219;876;0,300000000000000000000
219;1893;0,200000000000000000000
219;2518;0,200000000000000000000
220;1910;1,000000000000000000000
224;219;1,000000000000000000000
228;20474;1,000000000000000000000
232;1887;1,000000000000000000000
248;96;0,125000000000000000000
248;250;0,125000000000000000000
248;2474;0,625000000000000000000
248;2962;0,125000000000000000000
249;251;0,500000000000000000000
249;5578;0,250000000000000000000
249;245879;0,250000000000000000000
250;248;0,500000000000000000000
250;2713;0,500000000000000000000
253;85;0,500000000000000000000
253;4179;0,500000000000000000000
261;237;1,000000000000000000000
263;131;0,162162162162162162162
263;420;0,243243243243243243243
263;830;0,054054054054054054054
263;845;0,027027027027027027027
263;1117;0,216216216216216216216
263;2203;0,189189189189189189189
263;8253;0,108108108108108108108
268;11377;1,000000000000000000000
269;3459;0,500000000000000000000
269;84925;0,500000000000000000000
271;15867;1,000000000000000000000
273;1997;1,000000000000000000000
276;354;0,625000000000000000000
276;41776;0,375000000000000000000
282;731;0,833333333333333333333
282;15471;0,166666666666666666666
288;246;0,023255813953488372093
288;294;0,023255813953488372093
288;296;0,046511627906976744186
288;545;0,023255813953488372093
288;568;0,046511627906976744186
288;1293;0,046511627906976744186
288;1497;0,023255813953488372093
288;1824;0,023255813953488372093
288;2323;0,023255813953488372093
288;2337;0,023255813953488372093
288;2343;0,023255813953488372093
288;2372;0,023255813953488372093
288;2678;0,023255813953488372093
288;2746;0,023255813953488372093
288;3360;0,023255813953488372093
288;3731;0,023255813953488372093
288;3844;0,023255813953488372093
288;3978;0,023255813953488372093
288;4657;0,023255813953488372093
288;4728;0,023255813953488372093
288;4794;0,023255813953488372093
288;5915;0,023255813953488372093
288;7968;0,023255813953488372093
288;8635;0,023255813953488372093
288;9376;0,023255813953488372093
288;9462;0,023255813953488372093
288;9992;0,023255813953488372093
288;10860;0,023255813953488372093
288;11014;0,023255813953488372093
288;11458;0,023255813953488372093
288;12385;0,023255813953488372093
288;13207;0,023255813953488372093
288;14652;0,023255813953488372093
288;15867;0,023255813953488372093
288;17677;0,023255813953488372093
288;17773;0,023255813953488372093
288;23561;0,023255813953488372093
288;23562;0,023255813953488372093
288;23563;0,023255813953488372093
288;23564;0,023255813953488372093
289;492;1,000000000000000000000
291;425;1,000000000000000000000
293;12959;1,000000000000000000000
296;660;0,333333333333333333333
296;891;0,666666666666666666666
310;1799;0,250000000000000000000
310;2851;0,500000000000000000000
310;5776;0,250000000000000000000
317;318;1,000000000000000000000
318;317;1,000000000000000000000
320;256;0,125000000000000000000
320;2310;0,125000000000000000000
320;2792;0,750000000000000000000
324;219;0,333333333333333333333
324;455;0,666666666666666666666
332;135;0,047619047619047619047
332;452;0,333333333333333333333
332;531;0,095238095238095238095
332;718;0,047619047619047619047
332;1174;0,095238095238095238095
332;5071;0,380952380952380952380
339;849;0,250000000000000000000
339;850;0,250000000000000000000
339;1024;0,250000000000000000000
339;55134;0,250000000000000000000
341;742;0,333333333333333333333
341;3519;0,666666666666666666666
349;1027;1,000000000000000000000
352;353;0,166666666666666666666
352;355;0,166666666666666666666
352;356;0,166666666666666666666
352;1316;0,166666666666666666666
352;5107;0,333333333333333333333
354;184646;1,000000000000000000000
380;1282;0,666666666666666666666
380;1769;0,333333333333333333333
391;10067;1,000000000000000000000
407;80;0,166666666666666666666
407;458;0,166666666666666666666
407;904;0,166666666666666666666
407;1139;0,166666666666666666666
407;5626;0,333333333333333333333
410;8566;1,000000000000000000000
420;131;0,083333333333333333333
420;263;0,250000000000000000000
420;845;0,250000000000000000000
420;1041;0,083333333333333333333
420;2803;0,083333333333333333333
420;4052;0,083333333333333333333
420;6499;0,083333333333333333333
420;7130;0,083333333333333333333
423;339;0,046511627906976744186
423;352;0,023255813953488372093
423;425;0,046511627906976744186
423;426;0,046511627906976744186
423;441;0,046511627906976744186
423;442;0,046511627906976744186
423;443;0,034883720930232558139
423;444;0,046511627906976744186
423;632;0,046511627906976744186
423;849;0,046511627906976744186
423;1117;0,034883720930232558139
423;1315;0,046511627906976744186
423;2500;0,046511627906976744186
423;2555;0,046511627906976744186
423;2561;0,046511627906976744186
423;3394;0,046511627906976744186
423;4510;0,046511627906976744186
423;5611;0,046511627906976744186
423;5619;0,046511627906976744186
423;12418;0,046511627906976744186
423;12817;0,023255813953488372093
423;13335;0,046511627906976744186
423;13482;0,046511627906976744186
425;291;0,111111111111111111111
425;423;0,111111111111111111111
425;1293;0,111111111111111111111
425;3394;0,111111111111111111111
425;3664;0,111111111111111111111
425;4510;0,111111111111111111111
425;6627;0,111111111111111111111
425;17521;0,111111111111111111111
425;157749;0,111111111111111111111
426;444;0,666666666666666666666
426;4510;0,333333333333333333333
428;3088;1,000000000000000000000
441;353;0,125000000000000000000
441;2500;0,125000000000000000000
441;4988;0,125000000000000000000
441;5077;0,125000000000000000000
441;7135;0,375000000000000000000
441;125861;0,125000000000000000000
442;184646;1,000000000000000000000
443;423;0,400000000000000000000
443;424;0,400000000000000000000
443;7605;0,200000000000000000000
444;2543;1,000000000000000000000
453;135;0,500000000000000000000
453;1498;0,500000000000000000000
454;689;1,000000000000000000000
455;324;1,000000000000000000000
466;1744;0,250000000000000000000
466;9442;0,750000000000000000000
467;14;0,250000000000000000000
467;5167;0,750000000000000000000
472;194;0,166666666666666666666
472;984;0,166666666666666666666
472;1917;0,166666666666666666666
472;3503;0,500000000000000000000
478;5646;1,000000000000000000000
479;1171;0,500000000000000000000
479;8442;0,500000000000000000000
484;1831;1,000000000000000000000
485;1663;1,000000000000000000000
490;899;1,000000000000000000000
492;289;0,250000000000000000000
492;1282;0,750000000000000000000
502;80;0,090909090909090909090
502;1131;0,121212121212121212121
502;1248;0,030303030303030303030
502;3443;0,151515151515151515151
502;3515;0,333333333333333333333
502;3625;0,030303030303030303030
502;4187;0,030303030303030303030
502;18885;0,090909090909090909090
502;321395;0,121212121212121212121
504;4892;0,500000000000000000000
504;8223;0,500000000000000000000
518;765;0,500000000000000000000
518;1684;0,500000000000000000000
520;240;0,166666666666666666666
520;362;0,166666666666666666666
520;525;0,333333333333333333333
520;1182;0,166666666666666666666
520;1778;0,166666666666666666666
521;793;0,200000000000000000000
521;1866;0,400000000000000000000
521;8156;0,200000000000000000000
521;89874;0,200000000000000000000
523;259636;1,000000000000000000000
524;7939;0,500000000000000000000
524;9807;0,500000000000000000000
541;54;0,090909090909090909090
541;485;0,090909090909090909090
541;529;0,090909090909090909090
541;550;0,181818181818181818181
541;551;0,090909090909090909090
541;3372;0,090909090909090909090
541;3694;0,181818181818181818181
541;5148;0,090909090909090909090
541;12572;0,090909090909090909090
545;3304;0,142857142857142857142
545;6694;0,428571428571428571428
545;8348;0,428571428571428571428
546;7660;1,000000000000000000000
550;541;0,111111111111111111111
550;551;0,444444444444444444444
550;596;0,333333333333333333333
550;1487;0,111111111111111111111
551;550;0,666666666666666666666
551;28602;0,333333333333333333333
558;1596;1,000000000000000000000
568;288;1,000000000000000000000
571;4906;1,000000000000000000000
612;3766;1,000000000000000000000
615;96;0,571428571428571428571
615;2515;0,142857142857142857142
615;28405;0,285714285714285714285
617;3417;0,333333333333333333333
617;3431;0,666666666666666666666
625;122;0,250000000000000000000
625;626;0,250000000000000000000
625;2741;0,500000000000000000000
626;11;0,200000000000000000000
626;96;0,200000000000000000000
626;700;0,200000000000000000000
626;1154;0,400000000000000000000
632;423;0,090909090909090909090
632;2364;0,090909090909090909090
632;8253;0,090909090909090909090
632;116140;0,727272727272727272727
644;135;1,000000000000000000000
645;1316;0,333333333333333333333
645;3123;0,333333333333333333333
645;5338;0,333333333333333333333
648;6986;1,000000000000000000000
652;829;0,888888888888888888888
652;4377;0,111111111111111111111
660;2834;1,000000000000000000000
662;529;0,142857142857142857142
662;1944;0,142857142857142857142
662;3095;0,142857142857142857142
662;3523;0,285714285714285714285
662;78108;0,285714285714285714285
667;668;0,500000000000000000000
667;157749;0,500000000000000000000
668;80;0,058823529411764705882
668;667;0,176470588235294117647
668;876;0,176470588235294117647
668;1129;0,352941176470588235294
668;4173;0,058823529411764705882
668;12617;0,117647058823529411764
668;65193;0,058823529411764705882
669;689;0,083333333333333333333
669;1500;0,166666666666666666666
669;1939;0,083333333333333333333
669;1956;0,083333333333333333333
669;2191;0,166666666666666666666
669;2659;0,083333333333333333333
669;4268;0,083333333333333333333
669;7975;0,083333333333333333333
669;59745;0,083333333333333333333
669;179346;0,083333333333333333333
675;281;0,222222222222222222222
675;452;0,111111111111111111111
675;718;0,055555555555555555555
675;1129;0,166666666666666666666
675;1174;0,055555555555555555555
675;1370;0,222222222222222222222
675;23720;0,166666666666666666666
678;737;0,200000000000000000000
678;1889;0,200000000000000000000
678;2661;0,400000000000000000000
678;10020;0,200000000000000000000
682;681;1,000000000000000000000
688;10359;1,000000000000000000000
695;65;0,076923076923076923076
695;71;0,153846153846153846153
695;240;0,076923076923076923076
695;1169;0,230769230769230769230
695;9693;0,076923076923076923076
695;41776;0,153846153846153846153
695;59841;0,153846153846153846153
695;112062;0,076923076923076923076
700;837;0,666666666666666666666
700;1754;0,166666666666666666666
700;1940;0,166666666666666666666
708;2991;0,833333333333333333333
708;4020;0,166666666666666666666
731;275;0,444444444444444444444
731;282;0,444444444444444444444
731;15471;0,111111111111111111111
733;2916;1,000000000000000000000
740;3431;1,000000000000000000000
744;845;0,909090909090909090909
744;193005;0,090909090909090909090
747;213;0,560000000000000000000
747;1988;0,040000000000000000000
747;71411;0,040000000000000000000
747;75827;0,280000000000000000000
747;75828;0,040000000000000000000
747;325599;0,040000000000000000000
748;747;0,333333333333333333333
748;71411;0,666666666666666666666
749;1162;0,125000000000000000000
749;1314;0,125000000000000000000
749;1939;0,125000000000000000000
749;3091;0,125000000000000000000
749;6979;0,125000000000000000000
749;239968;0,125000000000000000000
749;283633;0,125000000000000000000
749;321112;0,125000000000000000000
761;3038;1,000000000000000000000
765;518;1,000000000000000000000
779;2364;1,000000000000000000000
784;5643;1,000000000000000000000
785;1162;0,500000000000000000000
785;2125;0,500000000000000000000
794;1942;0,500000000000000000000
794;3235;0,500000000000000000000
819;332;0,100000000000000000000
819;452;0,200000000000000000000
819;718;0,600000000000000000000
819;933;0,100000000000000000000
822;839;0,500000000000000000000
822;1055;0,500000000000000000000
827;2355;1,000000000000000000000
829;72;0,500000000000000000000
829;652;0,333333333333333333333
829;5619;0,166666666666666666666
830;263;0,333333333333333333333
830;1117;0,166666666666666666666
830;2474;0,166666666666666666666
830;3395;0,333333333333333333333
837;100;0,250000000000000000000
837;700;0,250000000000000000000
837;1754;0,250000000000000000000
837;8163;0,250000000000000000000
839;1996;1,000000000000000000000
841;2830;0,333333333333333333333
841;259636;0,333333333333333333333
841;325286;0,333333333333333333333
844;360;0,285714285714285714285
844;1719;0,714285714285714285714
845;71;0,063829787234042553191
845;263;0,021276595744680851063
845;277;0,042553191489361702127
845;420;0,042553191489361702127
845;744;0,085106382978723404255
845;846;0,170212765957446808510
845;982;0,021276595744680851063
845;1041;0,106382978723404255319
845;1724;0,106382978723404255319
845;2731;0,042553191489361702127
845;4440;0,042553191489361702127
845;59841;0,042553191489361702127
845;192866;0,148936170212765957446
845;193005;0,063829787234042553191
846;174;0,029411764705882352941
846;277;0,029411764705882352941
846;283;0,029411764705882352941
846;744;0,088235294117647058823
846;845;0,147058823529411764705
846;982;0,029411764705882352941
846;1065;0,029411764705882352941
846;1437;0,088235294117647058823
846;1724;0,029411764705882352941
846;2435;0,029411764705882352941
846;2697;0,029411764705882352941
846;2744;0,029411764705882352941
846;3123;0,029411764705882352941
846;3256;0,029411764705882352941
846;3427;0,029411764705882352941
846;3683;0,058823529411764705882
846;5136;0,029411764705882352941
846;5149;0,029411764705882352941
846;7030;0,029411764705882352941
846;17549;0,058823529411764705882
846;192866;0,088235294117647058823
846;193005;0,029411764705882352941
860;829;1,000000000000000000000
861;3871;1,000000000000000000000
863;180;0,500000000000000000000
863;1322;0,500000000000000000000
865;26070;1,000000000000000000000
866;4755;0,500000000000000000000
866;27316;0,500000000000000000000
873;241;0,285714285714285714285
873;274;0,142857142857142857142
873;2379;0,285714285714285714285
873;3234;0,142857142857142857142
873;3838;0,142857142857142857142
882;1637;1,000000000000000000000
885;2198;0,250000000000000000000
885;3235;0,250000000000000000000
885;5493;0,250000000000000000000
885;9360;0,250000000000000000000
887;3394;1,000000000000000000000
890;57;0,666666666666666666666
890;3141;0,333333333333333333333
899;490;1,000000000000000000000
904;407;0,500000000000000000000
904;846;0,500000000000000000000
918;351;1,000000000000000000000
920;37;0,600000000000000000000
920;179;0,200000000000000000000
920;609;0,200000000000000000000
925;1997;0,500000000000000000000
925;3738;0,250000000000000000000
925;4518;0,250000000000000000000
933;80;0,250000000000000000000
933;452;0,250000000000000000000
933;718;0,250000000000000000000
933;819;0,250000000000000000000
937;96;0,333333333333333333333
937;104;0,333333333333333333333
937;4471;0,333333333333333333333
938;512;1,000000000000000000000
941;251573;1,000000000000000000000
943;3683;1,000000000000000000000
955;3089;0,500000000000000000000
955;4681;0,500000000000000000000
960;911;0,100000000000000000000
960;2150;0,100000000000000000000
960;2644;0,100000000000000000000
960;3142;0,100000000000000000000
960;4281;0,100000000000000000000
960;4715;0,100000000000000000000
960;6581;0,100000000000000000000
960;8500;0,100000000000000000000
960;9389;0,100000000000000000000
960;9409;0,100000000000000000000
977;866;0,083333333333333333333
977;5691;0,083333333333333333333
977;7747;0,416666666666666666666
977;8090;0,333333333333333333333
977;9806;0,083333333333333333333
978;7713;0,500000000000000000000
978;189452;0,500000000000000000000
980;14151;1,000000000000000000000
982;1041;0,500000000000000000000
982;131383;0,500000000000000000000
983;920;0,444444444444444444444
983;3246;0,444444444444444444444
983;3872;0,111111111111111111111
984;472;0,333333333333333333333
984;3503;0,666666666666666666666
990;12964;1,000000000000000000000
992;135;0,250000000000000000000
992;183;0,250000000000000000000
992;1931;0,083333333333333333333
992;2111;0,083333333333333333333
992;2684;0,166666666666666666666
992;21154;0,083333333333333333333
992;115105;0,083333333333333333333
995;354;0,166666666666666666666
995;2375;0,333333333333333333333
995;3083;0,333333333333333333333
995;3557;0,166666666666666666666
1010;2001;0,200000000000000000000
1010;2484;0,200000000000000000000
1010;3551;0,200000000000000000000
1010;3809;0,200000000000000000000
1010;20770;0,200000000000000000000
1018;2001;0,200000000000000000000
1018;24076;0,800000000000000000000
1024;12817;1,000000000000000000000
1030;288;0,166666666666666666666
1030;1197;0,166666666666666666666
1030;2371;0,166666666666666666666
1030;2372;0,166666666666666666666
1030;3978;0,166666666666666666666
1030;10860;0,166666666666666666666
1034;1981;1,000000000000000000000
1040;4501;1,000000000000000000000
1041;420;0,047619047619047619047
1041;845;0,190476190476190476190
1041;846;0,047619047619047619047
1041;982;0,571428571428571428571
1041;4440;0,047619047619047619047
1041;193005;0,095238095238095238095
1042;2287;0,600000000000000000000
1042;2421;0,400000000000000000000
1055;822;1,000000000000000000000
1073;1439;1,000000000000000000000
1082;891;0,666666666666666666666
1082;1083;0,333333333333333333333
1083;609;0,153846153846153846153
1083;1082;0,153846153846153846153
1083;2433;0,153846153846153846153
1083;2657;0,153846153846153846153
1083;7215;0,076923076923076923076
1083;9707;0,153846153846153846153
1083;13482;0,076923076923076923076
1083;28615;0,076923076923076923076
1085;8756;0,333333333333333333333
1085;29376;0,333333333333333333333
1085;50332;0,333333333333333333333
1109;5441;1,000000000000000000000
1117;131;0,208333333333333333333
1117;263;0,208333333333333333333
1117;420;0,041666666666666666666
1117;830;0,041666666666666666666
1117;2203;0,166666666666666666666
1117;2547;0,041666666666666666666
1117;3395;0,041666666666666666666
1117;8253;0,208333333333333333333
1117;116140;0,041666666666666666666
1121;285;0,142857142857142857142
1121;2054;0,142857142857142857142
1121;2683;0,142857142857142857142
1121;5082;0,142857142857142857142
1121;8730;0,142857142857142857142
1121;20669;0,142857142857142857142
1121;25849;0,142857142857142857142
1123;405;1,000000000000000000000
1124;571;0,500000000000000000000
1124;6788;0,500000000000000000000
1131;80;0,200000000000000000000
1131;502;0,040000000000000000000
1131;876;0,080000000000000000000
1131;3443;0,040000000000000000000
1131;3515;0,160000000000000000000
1131;321395;0,480000000000000000000
1135;9098;0,500000000000000000000
1135;17269;0,500000000000000000000
1142;8363;1,000000000000000000000
1143;6505;1,000000000000000000000
1150;1286;1,000000000000000000000
1153;1154;1,000000000000000000000
1154;85;0,250000000000000000000
1154;626;0,250000000000000000000
1154;1153;0,250000000000000000000
1154;245879;0,250000000000000000000
1160;2713;1,000000000000000000000
1165;1085;0,062500000000000000000
1165;1464;0,062500000000000000000
1165;1637;0,062500000000000000000
1165;2080;0,062500000000000000000
1165;3096;0,062500000000000000000
1165;5449;0,062500000000000000000
1165;15048;0,062500000000000000000
1165;21360;0,062500000000000000000
1165;22298;0,062500000000000000000
1165;42210;0,062500000000000000000
1165;76428;0,125000000000000000000
1165;81648;0,062500000000000000000
1165;90666;0,062500000000000000000
1165;116409;0,125000000000000000000
1169;71;0,125000000000000000000
1169;100;0,078125000000000000000
1169;276;0,078125000000000000000
1169;695;0,125000000000000000000
1169;696;0,078125000000000000000
1169;1939;0,015625000000000000000
1169;1942;0,078125000000000000000
1169;1944;0,078125000000000000000
1169;3523;0,078125000000000000000
1169;4512;0,078125000000000000000
1169;59745;0,109375000000000000000
1169;98841;0,078125000000000000000
1173;12805;1,000000000000000000000
1174;332;0,333333333333333333333
1174;1361;0,333333333333333333333
1174;1370;0,333333333333333333333
1190;237;1,000000000000000000000
1198;2343;1,000000000000000000000
1225;669;1,000000000000000000000
1231;57838;1,000000000000000000000
1234;1235;0,142857142857142857142
1234;1277;0,285714285714285714285
1234;8623;0,285714285714285714285
1234;9442;0,285714285714285714285
1235;1234;0,200000000000000000000
1235;1942;0,400000000000000000000
1235;3235;0,400000000000000000000
1237;1277;0,750000000000000000000
1237;115105;0,250000000000000000000
1246;2897;0,666666666666666666666
1246;3222;0,333333333333333333333
1248;1131;1,000000000000000000000
1254;2512;0,250000000000000000000
1254;3433;0,250000000000000000000
1254;7713;0,250000000000000000000
1254;179346;0,250000000000000000000
1265;1348;0,333333333333333333333
1265;8805;0,666666666666666666666
1277;135;0,043478260869565217391
1277;763;0,130434782608695652173
1277;1234;0,217391304347826086956
1277;1235;0,130434782608695652173
1277;1236;0,086956521739130434782
1277;1237;0,217391304347826086956
1277;1815;0,086956521739130434782
1277;21154;0,086956521739130434782
1278;135;0,250000000000000000000
1278;183;0,500000000000000000000
1278;6962;0,250000000000000000000
1282;380;0,500000000000000000000
1282;492;0,500000000000000000000
1286;2054;1,000000000000000000000
1290;385;0,333333333333333333333
1290;706;0,500000000000000000000
1290;1314;0,166666666666666666666
1307;727;1,000000000000000000000
1316;352;1,000000000000000000000
1319;2509;1,000000000000000000000
1321;1697;1,000000000000000000000
1322;863;1,000000000000000000000
1326;1121;0,500000000000000000000
1326;8730;0,500000000000000000000
1327;1333;1,000000000000000000000
1329;1333;0,500000000000000000000
1329;13496;0,500000000000000000000
1331;1337;1,000000000000000000000
1332;1333;1,000000000000000000000
1333;1326;0,142857142857142857142
1333;1327;0,285714285714285714285
1333;1329;0,142857142857142857142
1333;1332;0,428571428571428571428
1335;2071;1,000000000000000000000
1336;2064;1,000000000000000000000
1337;1331;1,000000000000000000000
1340;351;0,333333333333333333333
1340;1027;0,666666666666666666666
1342;1898;1,000000000000000000000
1348;1265;0,500000000000000000000
1348;2882;0,250000000000000000000
1348;23730;0,250000000000000000000
1364;12876;1,000000000000000000000
1370;281;0,117647058823529411764
1370;452;0,470588235294117647058
1370;675;0,117647058823529411764
1370;1129;0,058823529411764705882
1370;1174;0,117647058823529411764
1370;23720;0,117647058823529411764
1406;3859;1,000000000000000000000
1419;8623;1,000000000000000000000
1432;5640;1,000000000000000000000
1437;846;1,000000000000000000000
1443;2147;0,400000000000000000000
1443;5691;0,200000000000000000000
1443;9441;0,400000000000000000000
1445;174;1,000000000000000000000
1457;109;0,666666666666666666666
1457;2882;0,333333333333333333333
1458;2520;1,000000000000000000000
1462;4041;0,500000000000000000000
1462;14733;0,500000000000000000000
1464;1165;0,200000000000000000000
1464;1637;0,800000000000000000000
1471;50332;1,000000000000000000000
1473;9431;1,000000000000000000000
1480;157662;1,000000000000000000000
1510;35;1,000000000000000000000
1513;1160;1,000000000000000000000
1515;4592;1,000000000000000000000
1526;2991;1,000000000000000000000
1544;943;0,500000000000000000000
1544;113459;0,500000000000000000000
1554;793;1,000000000000000000000
1556;66;0,250000000000000000000
1556;1180;0,250000000000000000000
1556;4976;0,250000000000000000000
1556;248836;0,250000000000000000000
1565;2890;1,000000000000000000000
1567;27693;1,000000000000000000000
1570;1513;0,500000000000000000000
1570;3045;0,500000000000000000000
1574;1024;1,000000000000000000000
1581;891;1,000000000000000000000
1589;738;1,000000000000000000000
1591;1696;0,333333333333333333333
1591;7030;0,333333333333333333333
1591;17549;0,333333333333333333333
1596;558;0,250000000000000000000
1596;794;0,250000000000000000000
1596;851;0,250000000000000000000
1596;7866;0,250000000000000000000
1606;3999;1,000000000000000000000
1616;113;1,000000000000000000000
1629;1763;1,000000000000000000000
1637;882;0,047619047619047619047
1637;1464;0,190476190476190476190
1637;1471;0,047619047619047619047
1637;2712;0,285714285714285714285
1637;7259;0,238095238095238095238
1637;14826;0,047619047619047619047
1637;47352;0,047619047619047619047
1637;50332;0,047619047619047619047
1637;50959;0,047619047619047619047
1650;2374;1,000000000000000000000
1663;485;0,333333333333333333333
1663;1664;0,333333333333333333333
1663;3135;0,333333333333333333333
1667;1109;1,000000000000000000000
1676;5441;1,000000000000000000000
1681;733;0,333333333333333333333
1681;2923;0,333333333333333333333
1681;282900;0,333333333333333333333
1684;518;0,166666666666666666666
1684;2388;0,166666666666666666666
1684;3834;0,333333333333333333333
1684;3857;0,166666666666666666666
1684;15048;0,166666666666666666666
1697;1321;1,000000000000000000000
1727;414;1,000000000000000000000
1744;466;1,000000000000000000000
1751;955;1,000000000000000000000
1754;472;0,333333333333333333333
1754;1948;0,333333333333333333333
1754;7630;0,333333333333333333333
1763;1600;0,200000000000000000000
1763;1629;0,200000000000000000000
1763;2607;0,200000000000000000000
1763;2976;0,400000000000000000000
1771;2275;1,000000000000000000000
1778;520;1,000000000000000000000
1831;24;0,400000000000000000000
1831;484;0,200000000000000000000
1831;1164;0,400000000000000000000
1838;524;0,500000000000000000000
1838;9431;0,500000000000000000000
1840;4576;1,000000000000000000000
1850;4278;1,000000000000000000000
1853;3607;0,333333333333333333333
1853;10613;0,333333333333333333333
1853;37814;0,333333333333333333333
1855;23;0,166666666666666666666
1855;5613;0,666666666666666666666
1855;21005;0,166666666666666666666
1866;521;0,166666666666666666666
1866;3680;0,166666666666666666666
1866;4755;0,166666666666666666666
1866;6320;0,166666666666666666666
1866;7747;0,166666666666666666666
1866;8156;0,166666666666666666666
1868;285;1,000000000000000000000
1887;232;1,000000000000000000000
1889;678;0,333333333333333333333
1889;2661;0,666666666666666666666
1897;528;0,583333333333333333333
1897;571;0,166666666666666666666
1897;3256;0,083333333333333333333
1897;6788;0,166666666666666666666
1906;1609;1,000000000000000000000
1910;220;0,111111111111111111111
1910;2367;0,111111111111111111111
1910;3323;0,444444444444444444444
1910;6234;0,111111111111111111111
1910;8902;0,111111111111111111111
1910;27708;0,111111111111111111111
1942;794;1,000000000000000000000
1967;96;0,142857142857142857142
1967;8139;0,857142857142857142857
1983;1156;1,000000000000000000000
1988;249;0,250000000000000000000
1988;2515;0,250000000000000000000
1988;229072;0,500000000000000000000
1991;3985;0,800000000000000000000
1991;4471;0,200000000000000000000
1996;839;1,000000000000000000000
1997;273;0,500000000000000000000
1997;925;0,500000000000000000000
2015;201;0,166666666666666666666
2015;1719;0,500000000000000000000
2015;2884;0,250000000000000000000
2015;3891;0,083333333333333333333
2017;2064;1,000000000000000000000
2021;4498;1,000000000000000000000
2052;190;0,333333333333333333333
2052;8090;0,333333333333333333333
2052;27512;0,333333333333333333333
2064;65;0,285714285714285714285
2064;2017;0,428571428571428571428
2064;3736;0,142857142857142857142
2064;9395;0,142857142857142857142
2070;5632;1,000000000000000000000
2071;1335;1,000000000000000000000
2080;1785;0,333333333333333333333
2080;38738;0,333333333333333333333
2080;90666;0,333333333333333333333
2098;356;1,000000000000000000000
2111;21154;1,000000000000000000000
2112;2509;0,500000000000000000000
2112;3766;0,500000000000000000000
2117;995;0,333333333333333333333
2117;21005;0,666666666666666666666
2139;85;0,500000000000000000000
2139;249;0,500000000000000000000
2164;2428;0,333333333333333333333
2164;4699;0,333333333333333333333
2164;239969;0,333333333333333333333
2176;2591;1,000000000000000000000
2195;2196;0,333333333333333333333
2195;11427;0,666666666666666666666
2196;2195;1,000000000000000000000
2203;131;0,173913043478260869565
2203;263;0,173913043478260869565
2203;1117;0,260869565217391304347
2203;1991;0,043478260869565217391
2203;3395;0,130434782608695652173
2203;8253;0,217391304347826086956
2204;135;1,000000000000000000000
2216;1121;0,500000000000000000000
2216;5082;0,500000000000000000000
2218;1402;1,000000000000000000000
2227;13452;1,000000000000000000000
2254;791;0,166666666666666666666
2254;5478;0,833333333333333333333
2269;237;0,600000000000000000000
2269;1154;0,200000000000000000000
2269;2847;0,200000000000000000000
2271;7759;1,000000000000000000000
2275;1681;0,250000000000000000000
2275;1771;0,250000000000000000000
2275;7713;0,500000000000000000000
2287;1042;0,285714285714285714285
2287;6765;0,142857142857142857142
2287;12430;0,142857142857142857142
2287;25205;0,285714285714285714285
2287;25230;0,142857142857142857142
2293;96;0,111111111111111111111
2293;1141;0,333333333333333333333
2293;2461;0,111111111111111111111
2293;3633;0,222222222222222222222
2293;5628;0,111111111111111111111
2293;245879;0,111111111111111111111
2326;3233;1,000000000000000000000
2335;2198;1,000000000000000000000
2337;288;1,000000000000000000000
2343;288;0,333333333333333333333
2343;1198;0,666666666666666666666
2355;827;1,000000000000000000000
2359;169356;1,000000000000000000000
2364;779;0,333333333333333333333
2364;2500;0,333333333333333333333
2364;8253;0,333333333333333333333
2374;1314;0,500000000000000000000
2374;1845;0,500000000000000000000
2379;3234;1,000000000000000000000
2383;706;1,000000000000000000000
2388;1684;1,000000000000000000000
2416;21470;1,000000000000000000000
2421;1042;1,000000000000000000000
2428;2164;0,500000000000000000000
2428;2296;0,250000000000000000000
2428;239969;0,250000000000000000000
2433;1082;0,285714285714285714285
2433;1083;0,142857142857142857142
2433;7648;0,571428571428571428571
2436;1745;1,000000000000000000000
2438;2337;0,666666666666666666666
2438;6694;0,333333333333333333333
2448;151;1,000000000000000000000
2461;2293;1,000000000000000000000
2464;2330;0,500000000000000000000
2464;8949;0,500000000000000000000
2474;248;0,400000000000000000000
2474;2962;0,200000000000000000000
2474;10018;0,400000000000000000000
2487;3141;1,000000000000000000000
2494;3825;1,000000000000000000000
2500;779;0,333333333333333333333
2500;2364;0,333333333333333333333
2500;116140;0,333333333333333333333
2509;1319;0,500000000000000000000
2509;2112;0,500000000000000000000
2515;96;0,285714285714285714285
2515;1988;0,142857142857142857142
2515;2661;0,142857142857142857142
2515;4821;0,285714285714285714285
2515;281170;0,142857142857142857142
2516;80;0,090909090909090909090
2516;219;0,272727272727272727272
2516;876;0,454545454545454545454
2516;1893;0,181818181818181818181
2518;80;0,500000000000000000000
2518;219;0,250000000000000000000
2518;2516;0,250000000000000000000
2543;444;0,500000000000000000000
2543;1545;0,500000000000000000000
2551;4621;1,000000000000000000000
2559;12936;1,000000000000000000000
2576;8276;1,000000000000000000000
2578;1997;0,500000000000000000000
2578;5861;0,500000000000000000000
2585;407;0,500000000000000000000
2585;5626;0,500000000000000000000
2591;2176;1,000000000000000000000
2600;3235;1,000000000000000000000
2607;752;1,000000000000000000000
2647;2882;1,000000000000000000000
2652;5005;0,500000000000000000000
2652;28397;0,500000000000000000000
2655;3429;1,000000000000000000000
2657;1035;0,666666666666666666666
2657;1083;0,333333333333333333333
2661;85;0,058823529411764705882
2661;625;0,058823529411764705882
2661;678;0,117647058823529411764
2661;912;0,058823529411764705882
2661;1889;0,117647058823529411764
2661;2087;0,058823529411764705882
2661;2515;0,058823529411764705882
2661;2713;0,058823529411764705882
2661;2716;0,058823529411764705882
2661;2741;0,058823529411764705882
2661;3392;0,058823529411764705882
2661;4355;0,058823529411764705882
2661;7160;0,058823529411764705882
2661;8095;0,058823529411764705882
2661;15586;0,058823529411764705882
2678;2227;0,500000000000000000000
2678;8348;0,500000000000000000000
2683;7939;1,000000000000000000000
2684;992;0,222222222222222222222
2684;1235;0,037037037037037037037
2684;1236;0,037037037037037037037
2684;1931;0,148148148148148148148
2684;21154;0,185185185185185185185
2684;115105;0,370370370370370370370
2697;846;1,000000000000000000000
2706;3045;0,500000000000000000000
2706;3601;0,500000000000000000000
2712;1637;1,000000000000000000000
2713;250;0,100000000000000000000
2713;1160;0,200000000000000000000
2713;1889;0,100000000000000000000
2713;4513;0,200000000000000000000
2713;5861;0,200000000000000000000
2713;6535;0,200000000000000000000
2737;5530;0,500000000000000000000
2737;14465;0,500000000000000000000
2739;2736;1,000000000000000000000
2779;2780;0,500000000000000000000
2779;3714;0,500000000000000000000
2786;13795;1,000000000000000000000
2788;24;1,000000000000000000000
2792;54;0,142857142857142857142
2792;320;0,714285714285714285714
2792;658;0,142857142857142857142
2803;649;0,031746031746031746031
2803;1276;0,603174603174603174603
2803;3237;0,015873015873015873015
2803;4852;0,174603174603174603174
2803;5306;0,158730158730158730158
2803;6499;0,015873015873015873015
2830;841;1,000000000000000000000
2834;468;0,500000000000000000000
2834;14376;0,500000000000000000000
2838;1162;0,333333333333333333333
2838;5638;0,333333333333333333333
2838;15302;0,333333333333333333333
2865;12430;0,333333333333333333333
2865;12964;0,333333333333333333333
2865;20666;0,333333333333333333333
2882;658;0,750000000000000000000
2882;1348;0,083333333333333333333
2882;1457;0,083333333333333333333
2882;2647;0,083333333333333333333
2884;2015;0,666666666666666666666
2884;13178;0,333333333333333333333
2890;1565;1,000000000000000000000
2897;1092;0,750000000000000000000
2897;1246;0,250000000000000000000
2961;14526;1,000000000000000000000
2962;248;0,500000000000000000000
2962;1583;0,250000000000000000000
2962;2474;0,250000000000000000000
2976;1763;1,000000000000000000000
2991;708;0,333333333333333333333
2991;1526;0,333333333333333333333
2991;1868;0,166666666666666666666
2991;4020;0,166666666666666666666
3000;13253;1,000000000000000000000
3007;708;1,000000000000000000000
3022;12563;1,000000000000000000000
3029;3557;1,000000000000000000000
3033;975;1,000000000000000000000
3089;955;1,000000000000000000000
3105;17549;0,500000000000000000000
3105;114536;0,500000000000000000000
3123;846;0,142857142857142857142
3123;3996;0,142857142857142857142
3123;4159;0,428571428571428571428
3123;5136;0,285714285714285714285
3141;890;0,222222222222222222222
3141;2487;0,111111111111111111111
3141;3145;0,111111111111111111111
3141;6503;0,222222222222222222222
3141;57838;0,222222222222222222222
3141;140271;0,111111111111111111111
3145;2736;1,000000000000000000000
3169;35;0,666666666666666666666
3169;8441;0,333333333333333333333
3176;2467;0,500000000000000000000
3176;17278;0,166666666666666666666
3176;184987;0,333333333333333333333
3178;7072;0,500000000000000000000
3178;7585;0,500000000000000000000
3180;259636;1,000000000000000000000
3203;7135;1,000000000000000000000
3209;525;1,000000000000000000000
3212;7521;1,000000000000000000000
3222;1246;1,000000000000000000000
3233;899;0,500000000000000000000
3233;5000;0,500000000000000000000
3235;794;0,400000000000000000000
3235;899;0,400000000000000000000
3235;1855;0,200000000000000000000
3245;3633;1,000000000000000000000
3251;12964;1,000000000000000000000
3256;846;0,500000000000000000000
3256;27852;0,500000000000000000000
3265;2512;1,000000000000000000000
3301;6986;0,666666666666666666666
3301;12176;0,333333333333333333333
3315;1561;0,800000000000000000000
3315;98841;0,200000000000000000000
3323;1910;1,000000000000000000000
3331;557;0,500000000000000000000
3331;5783;0,500000000000000000000
3344;2731;1,000000000000000000000
3383;4787;1,000000000000000000000
3393;122;0,142857142857142857142
3393;285;0,142857142857142857142
3393;1967;0,142857142857142857142
3393;2330;0,142857142857142857142
3393;2472;0,142857142857142857142
3393;2990;0,142857142857142857142
3393;3838;0,142857142857142857142
3394;4510;0,250000000000000000000
3394;184646;0,750000000000000000000
3395;72;0,142857142857142857142
3395;517;0,142857142857142857142
3395;829;0,142857142857142857142
3395;2972;0,142857142857142857142
3395;3203;0,142857142857142857142
3395;4989;0,142857142857142857142
3395;27615;0,142857142857142857142
3403;1044;0,500000000000000000000
3403;9385;0,500000000000000000000
3414;4262;0,500000000000000000000
3414;4901;0,500000000000000000000
3417;617;1,000000000000000000000
3427;174;0,214285714285714285714
3427;1454;0,214285714285714285714
3427;8212;0,178571428571428571428
3427;8213;0,142857142857142857142
3427;114536;0,250000000000000000000
3431;617;1,000000000000000000000
3433;28600;1,000000000000000000000
3443;80;0,105263157894736842105
3443;224;0,052631578947368421052
3443;502;0,368421052631578947368
3443;876;0,052631578947368421052
3443;1131;0,105263157894736842105
3443;1248;0,052631578947368421052
3443;3515;0,210526315789473684210
3443;6765;0,052631578947368421052
3499;12572;1,000000000000000000000
3500;3015;1,000000000000000000000
3515;502;0,500000000000000000000
3515;1174;0,500000000000000000000
3523;71;0,166666666666666666666
3523;529;0,166666666666666666666
3523;662;0,333333333333333333333
3523;995;0,166666666666666666666
3523;3235;0,166666666666666666666
3551;37;1,000000000000000000000
3560;2884;1,000000000000000000000
3575;2834;1,000000000000000000000
3585;975;0,500000000000000000000
3585;7699;0,500000000000000000000
3601;4881;1,000000000000000000000
3610;1085;1,000000000000000000000
3625;80;1,000000000000000000000
3633;2293;0,250000000000000000000
3633;3245;0,750000000000000000000
3665;8464;1,000000000000000000000
3675;2578;1,000000000000000000000
3678;13178;1,000000000000000000000
3680;1866;1,000000000000000000000
3736;2064;1,000000000000000000000
3738;475;0,500000000000000000000
3738;3563;0,500000000000000000000
3753;10491;1,000000000000000000000
3766;612;0,500000000000000000000
3766;1512;0,500000000000000000000
3774;1985;1,000000000000000000000
3779;5626;1,000000000000000000000
3802;1939;1,000000000000000000000
3834;1684;1,000000000000000000000
3852;1022;1,000000000000000000000
3857;1684;1,000000000000000000000
3871;861;1,000000000000000000000
3876;5092;1,000000000000000000000
3877;39;0,500000000000000000000
3877;585;0,500000000000000000000
3891;3678;1,000000000000000000000
3971;259636;1,000000000000000000000
3975;27974;1,000000000000000000000
3980;568;1,000000000000000000000
3985;2203;1,000000000000000000000
3991;9624;1,000000000000000000000
3999;3284;0,666666666666666666666
3999;7802;0,333333333333333333333
4020;2991;0,500000000000000000000
4020;8163;0,500000000000000000000
4041;1462;1,000000000000000000000
4052;420;1,000000000000000000000
4059;3722;1,000000000000000000000
4080;4825;1,000000000000000000000
4091;891;0,500000000000000000000
4091;8268;0,500000000000000000000
4099;240;0,500000000000000000000
4099;4453;0,500000000000000000000
4100;1768;1,000000000000000000000
4101;89874;1,000000000000000000000
4108;162;1,000000000000000000000
4159;293;1,000000000000000000000
4160;4695;1,000000000000000000000
4173;332;0,200000000000000000000
4173;668;0,200000000000000000000
4173;718;0,600000000000000000000
4205;138;1,000000000000000000000
4217;3477;1,000000000000000000000
4225;3563;0,400000000000000000000
4225;5012;0,400000000000000000000
4225;160268;0,200000000000000000000
4240;6892;1,000000000000000000000
4244;3120;0,333333333333333333333
4244;11330;0,666666666666666666666
4245;521;1,000000000000000000000
4262;3414;1,000000000000000000000
4268;135;0,076923076923076923076
4268;468;0,038461538461538461538
4268;652;0,038461538461538461538
4268;1180;0,153846153846153846153
4268;1949;0,153846153846153846153
4268;1956;0,076923076923076923076
4268;3436;0,038461538461538461538
4268;3891;0,038461538461538461538
4268;3975;0,038461538461538461538
4268;6749;0,153846153846153846153
4268;7711;0,038461538461538461538
4268;7920;0,076923076923076923076
4268;9482;0,038461538461538461538
4268;22705;0,038461538461538461538
4278;538;1,000000000000000000000
4281;960;0,333333333333333333333
4281;5097;0,333333333333333333333
4281;9807;0,333333333333333333333
4307;4345;0,666666666666666666666
4307;5093;0,333333333333333333333
4313;11;0,333333333333333333333
4313;4777;0,333333333333333333333
4313;245879;0,333333333333333333333
4334;5423;1,000000000000000000000
4355;1843;0,666666666666666666666
4355;2661;0,333333333333333333333
4359;11;0,375000000000000000000
4359;1156;0,250000000000000000000
4359;1898;0,125000000000000000000
4359;2512;0,125000000000000000000
4359;3381;0,125000000000000000000
4377;1719;1,000000000000000000000
4386;870;1,000000000000000000000
4435;17323;1,000000000000000000000
4438;28970;1,000000000000000000000
4440;839;0,250000000000000000000
4440;845;0,250000000000000000000
4440;1041;0,500000000000000000000
4471;163;0,333333333333333333333
4471;937;0,333333333333333333333
4471;1991;0,333333333333333333333
4483;9686;1,000000000000000000000
4497;7578;0,500000000000000000000
4497;8464;0,500000000000000000000
4501;1040;1,000000000000000000000
4510;849;1,000000000000000000000
4512;71;1,000000000000000000000
4518;437;0,500000000000000000000
4518;925;0,166666666666666666666
4518;1563;0,333333333333333333333
4552;41;0,500000000000000000000
4552;1261;0,500000000000000000000
4553;1154;0,166666666666666666666
4553;1981;0,166666666666666666666
4553;2302;0,166666666666666666666
4553;2741;0,333333333333333333333
4553;2796;0,166666666666666666666
4572;8489;1,000000000000000000000
4576;189;1,000000000000000000000
4586;4587;0,500000000000000000000
4586;27613;0,500000000000000000000
4592;1515;1,000000000000000000000
4621;2551;0,500000000000000000000
4621;92183;0,500000000000000000000
4681;955;1,000000000000000000000
4686;1027;0,500000000000000000000
4686;1340;0,500000000000000000000
4692;1041;0,500000000000000000000
4692;6641;0,500000000000000000000
4695;4160;1,000000000000000000000
4697;3418;1,000000000000000000000
4713;1526;1,000000000000000000000
4755;5487;1,000000000000000000000
4777;2512;1,000000000000000000000
4787;3383;1,000000000000000000000
4821;528;0,500000000000000000000
4821;2515;0,250000000000000000000
4821;2713;0,250000000000000000000
4825;96;0,500000000000000000000
4825;4080;0,500000000000000000000
4852;8590;0,500000000000000000000
4852;56282;0,500000000000000000000
4861;1162;1,000000000000000000000
4901;2280;0,800000000000000000000
4901;3414;0,200000000000000000000
4935;2288;1,000000000000000000000
4976;1556;0,500000000000000000000
4976;5016;0,500000000000000000000
4979;2780;1,000000000000000000000
4989;779;0,800000000000000000000
4989;3395;0,200000000000000000000
5016;1180;0,333333333333333333333
5016;4976;0,666666666666666666666
5029;2591;1,000000000000000000000
5061;5373;1,000000000000000000000
5071;332;0,277777777777777777777
5071;452;0,111111111111111111111
5071;527;0,055555555555555555555
5071;854;0,055555555555555555555
5071;1180;0,055555555555555555555
5071;1706;0,055555555555555555555
5071;1843;0,055555555555555555555
5071;1949;0,055555555555555555555
5071;4355;0,055555555555555555555
5071;4933;0,055555555555555555555
5071;5521;0,055555555555555555555
5071;8899;0,055555555555555555555
5071;12596;0,055555555555555555555
5092;3876;1,000000000000000000000
5097;4281;1,000000000000000000000
5101;85;1,000000000000000000000
5107;352;0,333333333333333333333
5107;1538;0,333333333333333333333
5107;4530;0,333333333333333333333
5136;846;1,000000000000000000000
5142;85;1,000000000000000000000
5148;356;1,000000000000000000000
5167;467;0,750000000000000000000
5167;622;0,250000000000000000000
5177;1094;1,000000000000000000000
5309;4538;1,000000000000000000000
5415;1462;1,000000000000000000000
5457;199;1,000000000000000000000
5464;1986;0,333333333333333333333
5464;2728;0,333333333333333333333
5464;19187;0,333333333333333333333
5470;37;0,500000000000000000000
5470;113392;0,500000000000000000000
5478;2254;1,000000000000000000000
5487;4755;1,000000000000000000000
5506;5915;1,000000000000000000000
5521;2851;0,500000000000000000000
5521;5071;0,500000000000000000000
5528;543;1,000000000000000000000
5530;2737;1,000000000000000000000
5536;1127;0,500000000000000000000
5536;4498;0,500000000000000000000
5543;7701;1,000000000000000000000
5578;249;0,500000000000000000000
5578;3753;0,500000000000000000000
5613;1719;0,285714285714285714285
5613;1855;0,142857142857142857142
5613;2851;0,571428571428571428571
5624;277;0,750000000000000000000
5624;7713;0,250000000000000000000
5626;407;0,666666666666666666666
5626;458;0,166666666666666666666
5626;3779;0,166666666666666666666
5629;4720;1,000000000000000000000
5640;829;0,500000000000000000000
5640;2203;0,500000000000000000000
5651;2491;1,000000000000000000000
5660;7660;0,250000000000000000000
5660;8833;0,250000000000000000000
5660;8843;0,500000000000000000000
5762;977;1,000000000000000000000
5783;259636;1,000000000000000000000
5789;1068;1,000000000000000000000
5790;1462;1,000000000000000000000
5800;1293;1,000000000000000000000
5827;5042;1,000000000000000000000
5831;1335;1,000000000000000000000
5852;66075;1,000000000000000000000
5861;2578;0,500000000000000000000
5861;2713;0,500000000000000000000
5915;24;0,200000000000000000000
5915;288;0,200000000000000000000
5915;5506;0,200000000000000000000
5915;8348;0,400000000000000000000
5935;1778;1,000000000000000000000
6010;1162;0,666666666666666666666
6010;173893;0,333333333333333333333
6048;4228;1,000000000000000000000
6072;9694;1,000000000000000000000
6320;1866;0,666666666666666666666
6320;2271;0,333333333333333333333
6347;250;1,000000000000000000000
6433;3842;0,333333333333333333333
6433;5037;0,666666666666666666666
6440;3096;1,000000000000000000000
6461;2433;1,000000000000000000000
6483;4292;1,000000000000000000000
6499;420;1,000000000000000000000
6503;1263;0,500000000000000000000
6503;3141;0,500000000000000000000
6505;1143;1,000000000000000000000
6535;2713;1,000000000000000000000
6622;2;0,333333333333333333333
6622;5610;0,333333333333333333333
6622;5909;0,333333333333333333333
6627;425;1,000000000000000000000
6694;545;0,800000000000000000000
6694;1288;0,200000000000000000000
6723;3393;1,000000000000000000000
6734;25205;0,500000000000000000000
6734;25229;0,500000000000000000000
6788;1897;1,000000000000000000000
6883;5013;1,000000000000000000000
6892;4240;1,000000000000000000000
6913;11465;0,500000000000000000000
6913;13814;0,500000000000000000000
6918;2275;1,000000000000000000000
6979;251;1,000000000000000000000
6980;1520;1,000000000000000000000
6981;251;0,666666666666666666666
6981;749;0,333333333333333333333
6986;1487;0,500000000000000000000
6986;2380;0,500000000000000000000
7030;285;1,000000000000000000000
7049;267;0,047619047619047619047
7049;861;0,047619047619047619047
7049;1448;0,047619047619047619047
7049;1570;0,142857142857142857142
7049;1583;0,238095238095238095238
7049;1591;0,047619047619047619047
7049;2379;0,047619047619047619047
7049;3045;0,047619047619047619047
7049;3234;0,047619047619047619047
7049;3381;0,047619047619047619047
7049;4376;0,047619047619047619047
7049;8095;0,047619047619047619047
7049;8630;0,047619047619047619047
7049;10020;0,047619047619047619047
7049;12907;0,047619047619047619047
7072;3178;1,000000000000000000000
7080;1162;0,333333333333333333333
7080;1171;0,333333333333333333333
7080;2838;0,333333333333333333333
7130;420;1,000000000000000000000
7135;441;1,000000000000000000000
7142;85;0,333333333333333333333
7142;254;0,666666666666666666666
7209;3957;1,000000000000000000000
7259;1162;0,083333333333333333333
7259;1439;0,166666666666666666666
7259;1440;0,166666666666666666666
7259;1637;0,583333333333333333333
7418;3499;1,000000000000000000000
7480;4039;1,000000000000000000000
7521;3212;1,000000000000000000000
7543;152027;1,000000000000000000000
7564;2066;1,000000000000000000000
7578;2306;1,000000000000000000000
7626;3905;1,000000000000000000000
7713;63;0,020134228187919463087
7713;283;0,020134228187919463087
7713;288;0,020134228187919463087
7713;293;0,013422818791946308724
7713;296;0,020134228187919463087
7713;568;0,020134228187919463087
7713;671;0,020134228187919463087
7713;865;0,020134228187919463087
7713;978;0,020134228187919463087
7713;1100;0,020134228187919463087
7713;1171;0,020134228187919463087
7713;1254;0,020134228187919463087
7713;1293;0,020134228187919463087
7713;1405;0,020134228187919463087
7713;1443;0,020134228187919463087
7713;1598;0,006711409395973154362
7713;1735;0,020134228187919463087
7713;2275;0,026845637583892617449
7713;2489;0,020134228187919463087
7713;2512;0,020134228187919463087
7713;2743;0,020134228187919463087
7713;2744;0,020134228187919463087
7713;2916;0,020134228187919463087
7713;3123;0,020134228187919463087
7713;3256;0,020134228187919463087
7713;3381;0,020134228187919463087
7713;3683;0,020134228187919463087
7713;4020;0,013422818791946308724
7713;4085;0,020134228187919463087
7713;4159;0,020134228187919463087
7713;4359;0,020134228187919463087
7713;5149;0,020134228187919463087
7713;5617;0,020134228187919463087
7713;5624;0,026845637583892617449
7713;5638;0,006711409395973154362
7713;7030;0,013422818791946308724
7713;8163;0,020134228187919463087
7713;8165;0,020134228187919463087
7713;8489;0,020134228187919463087
7713;8715;0,020134228187919463087
7713;8909;0,020134228187919463087
7713;8910;0,013422818791946308724
7713;9898;0,020134228187919463087
7713;12563;0,020134228187919463087
7713;12745;0,020134228187919463087
7713;17549;0,013422818791946308724
7713;17611;0,013422818791946308724
7713;26786;0,020134228187919463087
7713;28818;0,020134228187919463087
7713;28821;0,020134228187919463087
7713;59841;0,006711409395973154362
7713;156500;0,006711409395973154362
7713;189452;0,020134228187919463087
7713;190971;0,013422818791946308724
7739;256951;1,000000000000000000000
7747;192;0,500000000000000000000
7747;9208;0,500000000000000000000
7755;2098;1,000000000000000000000
7767;2212;1,000000000000000000000
7788;16644;1,000000000000000000000
7874;27700;1,000000000000000000000
7906;4145;0,500000000000000000000
7906;5125;0,500000000000000000000
7920;652;1,000000000000000000000
7968;288;0,500000000000000000000
7968;891;0,500000000000000000000
8044;2826;1,000000000000000000000
8081;1721;1,000000000000000000000
8106;48;0,055555555555555555555
8106;178;0,055555555555555555555
8106;897;0,055555555555555555555
8106;1415;0,055555555555555555555
8106;1551;0,055555555555555555555
8106;1713;0,111111111111111111111
8106;2090;0,055555555555555555555
8106;3182;0,055555555555555555555
8106;3265;0,055555555555555555555
8106;3728;0,055555555555555555555
8106;4293;0,055555555555555555555
8106;4831;0,055555555555555555555
8106;8225;0,055555555555555555555
8106;8361;0,055555555555555555555
8106;13385;0,055555555555555555555
8106;15507;0,055555555555555555555
8106;15722;0,055555555555555555555
8139;1967;1,000000000000000000000
8162;275;1,000000000000000000000
8164;1073;0,300000000000000000000
8164;1315;0,100000000000000000000
8164;1985;0,250000000000000000000
8164;4918;0,050000000000000000000
8164;4919;0,100000000000000000000
8164;9513;0,200000000000000000000
8212;1681;1,000000000000000000000
8348;1497;0,166666666666666666666
8348;2678;0,166666666666666666666
8348;3618;0,166666666666666666666
8348;4794;0,166666666666666666666
8348;5915;0,333333333333333333333
8440;248334;0,500000000000000000000
8440;248837;0,500000000000000000000
8441;35;0,250000000000000000000
8441;3169;0,083333333333333333333
8441;4991;0,083333333333333333333
8441;6929;0,083333333333333333333
8441;8459;0,500000000000000000000
8442;1514;0,500000000000000000000
8442;4225;0,500000000000000000000
8445;1016;1,000000000000000000000
8447;3209;0,500000000000000000000
8447;248334;0,500000000000000000000
8454;6006;1,000000000000000000000
8459;35;0,222222222222222222222
8459;8441;0,777777777777777777777
8464;3665;0,250000000000000000000
8464;4497;0,500000000000000000000
8464;4991;0,250000000000000000000
8465;1181;1,000000000000000000000
8466;479;0,500000000000000000000
8466;1171;0,500000000000000000000
8489;9714;0,500000000000000000000
8489;189452;0,500000000000000000000
8493;891;1,000000000000000000000
8566;410;1,000000000000000000000
8590;48;1,000000000000000000000
8623;1234;0,200000000000000000000
8623;1419;0,700000000000000000000
8623;10946;0,100000000000000000000
8666;5700;1,000000000000000000000
8715;9898;0,500000000000000000000
8715;59841;0,500000000000000000000
8730;1121;0,500000000000000000000
8730;1326;0,500000000000000000000
8749;3457;1,000000000000000000000
8752;2435;1,000000000000000000000
8756;1085;1,000000000000000000000
8805;1265;1,000000000000000000000
8827;8862;1,000000000000000000000
8830;13239;1,000000000000000000000
8862;8827;1,000000000000000000000
8873;1913;1,000000000000000000000
8909;7713;1,000000000000000000000
8910;189452;1,000000000000000000000
8928;1477;1,000000000000000000000
8933;190;0,500000000000000000000
8933;4625;0,500000000000000000000
8976;266;1,000000000000000000000
9026;2779;1,000000000000000000000
9067;12826;1,000000000000000000000
9068;1220;1,000000000000000000000
9098;1135;1,000000000000000000000
9215;39901;1,000000000000000000000
9338;844;0,500000000000000000000
9338;1719;0,500000000000000000000
9376;288;1,000000000000000000000
9391;206;1,000000000000000000000
9395;2064;0,500000000000000000000
9395;6962;0,250000000000000000000
9395;48255;0,250000000000000000000
9402;5219;1,000000000000000000000
9441;1443;1,000000000000000000000
9442;466;0,333333333333333333333
9442;1234;0,500000000000000000000
9442;9418;0,166666666666666666666
9513;4919;1,000000000000000000000
9567;4080;1,000000000000000000000
9624;3991;1,000000000000000000000
9693;695;1,000000000000000000000
9694;6072;1,000000000000000000000
9707;1083;1,000000000000000000000
9729;2043;1,000000000000000000000
9807;877;1,000000000000000000000
9831;275;0,666666666666666666666
9831;1164;0,333333333333333333333
9941;747;1,000000000000000000000
9951;1567;1,000000000000000000000
10018;248;0,400000000000000000000
10018;2474;0,600000000000000000000
10020;678;1,000000000000000000000
10067;391;1,000000000000000000000
10175;2136;1,000000000000000000000
10255;1082;1,000000000000000000000
10352;1612;1,000000000000000000000
10926;458;0,500000000000000000000
10926;1340;0,500000000000000000000
10941;1173;1,000000000000000000000
10946;77;0,333333333333333333333
10946;8623;0,666666666666666666666
11213;22;0,500000000000000000000
11213;190;0,500000000000000000000
11249;1024;1,000000000000000000000
11377;268;1,000000000000000000000
11415;1162;1,000000000000000000000
11427;2195;1,000000000000000000000
11536;3355;1,000000000000000000000
11734;189;0,500000000000000000000
11734;4576;0,250000000000000000000
11734;9707;0,250000000000000000000
12176;3301;1,000000000000000000000
12257;37;0,081632653061224489795
12257;38;0,081632653061224489795
12257;189;0,061224489795918367346
12257;609;0,102040816326530612244
12257;891;0,040816326530612244897
12257;1010;0,040816326530612244897
12257;1018;0,020408163265306122448
12257;1082;0,020408163265306122448
12257;1264;0,061224489795918367346
12257;1724;0,020408163265306122448
12257;1854;0,040816326530612244897
12257;1877;0,020408163265306122448
12257;1892;0,061224489795918367346
12257;2188;0,020408163265306122448
12257;2563;0,020408163265306122448
12257;2576;0,020408163265306122448
12257;3518;0,040816326530612244897
12257;3809;0,020408163265306122448
12257;3980;0,020408163265306122448
12257;4372;0,020408163265306122448
12257;4374;0,061224489795918367346
12257;6723;0,020408163265306122448
12257;7015;0,020408163265306122448
12257;7215;0,020408163265306122448
12257;9254;0,020408163265306122448
12257;13504;0,020408163265306122448
12257;13899;0,020408163265306122448
12269;5092;1,000000000000000000000
12362;1600;1,000000000000000000000
12430;2287;0,500000000000000000000
12430;4058;0,500000000000000000000
12432;2235;0,166666666666666666666
12432;3155;0,166666666666666666666
12432;3378;0,166666666666666666666
12432;7624;0,166666666666666666666
12432;12433;0,166666666666666666666
12432;12436;0,166666666666666666666
12497;6693;1,000000000000000000000
12563;458;0,333333333333333333333
12563;3022;0,666666666666666666666
12591;441;0,333333333333333333333
12591;7135;0,666666666666666666666
12805;8762;1,000000000000000000000
12820;5660;1,000000000000000000000
12876;85;0,500000000000000000000
12876;1364;0,250000000000000000000
12876;5142;0,250000000000000000000
12936;2559;1,000000000000000000000
12938;24;0,333333333333333333333
12938;59522;0,666666666666666666666
12964;990;0,666666666666666666666
12964;3251;0,333333333333333333333
13158;3678;0,333333333333333333333
13158;8909;0,333333333333333333333
13158;13178;0,333333333333333333333
13236;1206;0,500000000000000000000
13236;1949;0,500000000000000000000
13452;1083;0,500000000000000000000
13452;2227;0,500000000000000000000
13482;423;1,000000000000000000000
13545;275;0,500000000000000000000
13545;826;0,500000000000000000000
13769;1037;1,000000000000000000000
13795;2786;1,000000000000000000000
13814;266;0,333333333333333333333
13814;6913;0,333333333333333333333
13814;11465;0,333333333333333333333
14050;17762;1,000000000000000000000
14151;96;0,024193548387096774193
14151;115;0,008064516129032258064
14151;140;0,008064516129032258064
14151;211;0,008064516129032258064
14151;229;0,008064516129032258064
14151;251;0,032258064516129032258
14151;547;0,008064516129032258064
14151;652;0,008064516129032258064
14151;785;0,008064516129032258064
14151;883;0,008064516129032258064
14151;885;0,008064516129032258064
14151;899;0,008064516129032258064
14151;923;0,016129032258064516129
14151;1295;0,008064516129032258064
14151;1464;0,008064516129032258064
14151;1600;0,008064516129032258064
14151;1637;0,040322580645161290322
14151;1785;0,008064516129032258064
14151;1949;0,016129032258064516129
14151;2015;0,008064516129032258064
14151;2054;0,008064516129032258064
14151;2080;0,024193548387096774193
14151;2128;0,008064516129032258064
14151;2129;0,008064516129032258064
14151;2136;0,008064516129032258064
14151;2252;0,008064516129032258064
14151;2293;0,016129032258064516129
14151;2461;0,024193548387096774193
14151;2614;0,016129032258064516129
14151;2800;0,008064516129032258064
14151;3096;0,024193548387096774193
14151;3811;0,008064516129032258064
14151;3891;0,040322580645161290322
14151;3983;0,016129032258064516129
14151;4021;0,008064516129032258064
14151;4039;0,008064516129032258064
14151;4102;0,008064516129032258064
14151;4269;0,016129032258064516129
14151;4345;0,008064516129032258064
14151;4377;0,008064516129032258064
14151;4861;0,008064516129032258064
14151;5009;0,008064516129032258064
14151;5029;0,008064516129032258064
14151;5089;0,008064516129032258064
14151;5101;0,008064516129032258064
14151;5329;0,008064516129032258064
14151;5350;0,008064516129032258064
14151;5526;0,008064516129032258064
14151;5543;0,008064516129032258064
14151;5856;0,008064516129032258064
14151;6440;0,016129032258064516129
14151;6468;0,016129032258064516129
14151;6979;0,016129032258064516129
14151;6981;0,016129032258064516129
14151;7259;0,016129032258064516129
14151;8623;0,008064516129032258064
14151;9419;0,008064516129032258064
14151;9554;0,008064516129032258064
14151;9831;0,008064516129032258064
14151;11415;0,008064516129032258064
14151;12362;0,008064516129032258064
14151;12387;0,008064516129032258064
14151;12938;0,016129032258064516129
14151;14826;0,008064516129032258064
14151;18979;0,016129032258064516129
14151;23419;0,008064516129032258064
14151;26347;0,008064516129032258064
14151;28372;0,008064516129032258064
14151;29014;0,008064516129032258064
14151;29376;0,008064516129032258064
14151;67591;0,008064516129032258064
14151;76428;0,008064516129032258064
14151;83231;0,137096774193548387096
14151;173893;0,008064516129032258064
14151;219255;0,008064516129032258064
14151;325535;0,008064516129032258064
14266;7660;1,000000000000000000000
14323;228;0,500000000000000000000
14323;284853;0,500000000000000000000
14465;2737;0,500000000000000000000
14465;3142;0,500000000000000000000
14526;2961;1,000000000000000000000
14826;1637;1,000000000000000000000
15471;275;0,111111111111111111111
15471;282;0,333333333333333333333
15471;731;0,444444444444444444444
15471;173893;0,111111111111111111111
15586;2661;0,500000000000000000000
15586;48255;0,500000000000000000000
15867;288;1,000000000000000000000
16644;911;0,750000000000000000000
16644;1109;0,250000000000000000000
17047;1334;1,000000000000000000000
17269;519;0,100000000000000000000
17269;1140;0,100000000000000000000
17269;1340;0,100000000000000000000
17269;2004;0,100000000000000000000
17269;2467;0,100000000000000000000
17269;2877;0,100000000000000000000
17269;3465;0,100000000000000000000
17269;5591;0,100000000000000000000
17269;7095;0,100000000000000000000
17269;8223;0,100000000000000000000
17272;135566;1,000000000000000000000
17273;2467;1,000000000000000000000
17323;4435;1,000000000000000000000
17426;135;1,000000000000000000000
17549;846;0,500000000000000000000
17549;3105;0,500000000000000000000
17554;179;0,666666666666666666666
17554;930;0,333333333333333333333
17762;14050;1,000000000000000000000
18398;3575;1,000000000000000000000
18641;277;0,500000000000000000000
18641;131383;0,500000000000000000000
19198;1104;0,500000000000000000000
19198;7478;0,500000000000000000000
20307;11369;0,250000000000000000000
20307;14069;0,250000000000000000000
20307;21159;0,250000000000000000000
20307;27175;0,250000000000000000000
20393;27615;1,000000000000000000000
20474;228;1,000000000000000000000
21005;2117;1,000000000000000000000
21154;2111;1,000000000000000000000
21331;1453;1,000000000000000000000
21360;1165;0,600000000000000000000
21360;173893;0,400000000000000000000
21396;1608;0,500000000000000000000
21396;1700;0,500000000000000000000
22298;1165;1,000000000000000000000
23730;1265;1,000000000000000000000
23932;885;1,000000000000000000000
24076;1018;1,000000000000000000000
24113;1574;1,000000000000000000000
24460;96;0,500000000000000000000
24460;876;0,500000000000000000000
25205;2287;0,666666666666666666666
25205;6734;0,333333333333333333333
25849;1121;1,000000000000000000000
26070;865;1,000000000000000000000
27645;4587;0,500000000000000000000
27645;27613;0,500000000000000000000
27826;19582;1,000000000000000000000
28405;615;1,000000000000000000000
28598;9681;1,000000000000000000000
28676;27141;1,000000000000000000000
28914;749;1,000000000000000000000
28930;859;0,016129032258064516129
28930;1454;0,016129032258064516129
28930;1898;0,064516129032258064516
28930;2435;0,016129032258064516129
28930;2743;0,048387096774193548387
28930;3256;0,016129032258064516129
28930;3420;0,096774193548387096774
28930;3683;0,016129032258064516129
28930;3685;0,016129032258064516129
28930;5136;0,048387096774193548387
28930;7717;0,032258064516129032258
28930;7975;0,064516129032258064516
28930;8212;0,016129032258064516129
28930;12959;0,064516129032258064516
28930;15737;0,032258064516129032258
28930;23759;0,016129032258064516129
28930;24259;0,064516129032258064516
28930;152027;0,354838709677419354838
28940;1569;1,000000000000000000000
29081;1967;1,000000000000000000000
29082;8590;1,000000000000000000000
31885;56282;1,000000000000000000000
38738;6058;1,000000000000000000000
41776;354;0,333333333333333333333
41776;1946;0,333333333333333333333
41776;4919;0,333333333333333333333
43844;5643;1,000000000000000000000
47352;1637;1,000000000000000000000
48255;240;0,071428571428571428571
48255;452;0,071428571428571428571
48255;768;0,071428571428571428571
48255;1703;0,071428571428571428571
48255;2287;0,071428571428571428571
48255;2661;0,071428571428571428571
48255;3996;0,071428571428571428571
48255;4058;0,071428571428571428571
48255;7160;0,071428571428571428571
48255;8460;0,071428571428571428571
48255;9395;0,071428571428571428571
48255;12430;0,071428571428571428571
48255;15586;0,071428571428571428571
48255;28538;0,071428571428571428571
50332;74;0,058823529411764705882
50332;176;0,058823529411764705882
50332;484;0,029411764705882352941
50332;518;0,029411764705882352941
50332;635;0,029411764705882352941
50332;747;0,029411764705882352941
50332;882;0,029411764705882352941
50332;952;0,029411764705882352941
50332;1085;0,029411764705882352941
50332;1471;0,029411764705882352941
50332;1503;0,029411764705882352941
50332;1684;0,029411764705882352941
50332;2559;0,029411764705882352941
50332;2591;0,029411764705882352941
50332;2734;0,029411764705882352941
50332;3610;0,029411764705882352941
50332;3797;0,029411764705882352941
50332;4179;0,029411764705882352941
50332;5534;0,029411764705882352941
50332;7322;0,029411764705882352941
50332;8003;0,029411764705882352941
50332;8512;0,029411764705882352941
50332;8516;0,029411764705882352941
50332;9019;0,029411764705882352941
50332;10338;0,029411764705882352941
50332;11552;0,029411764705882352941
50332;22211;0,029411764705882352941
50332;38738;0,058823529411764705882
50332;50959;0,029411764705882352941
50332;55041;0,029411764705882352941
50332;95154;0,029411764705882352941
50959;50332;1,000000000000000000000
56282;4852;1,000000000000000000000
57838;90;0,111111111111111111111
57838;1231;0,333333333333333333333
57838;1286;0,111111111111111111111
57838;3141;0,222222222222222222222
57838;3142;0,111111111111111111111
57838;6213;0,111111111111111111111
58138;955;1,000000000000000000000
59522;12938;1,000000000000000000000
59745;1169;1,000000000000000000000
59841;602;0,222222222222222222222
59841;695;0,111111111111111111111
59841;846;0,111111111111111111111
59841;1169;0,111111111111111111111
59841;1221;0,111111111111111111111
59841;2731;0,222222222222222222222
59841;8715;0,111111111111111111111
65193;80;0,100000000000000000000
65193;668;0,050000000000000000000
65193;754;0,050000000000000000000
65193;1130;0,050000000000000000000
65193;1174;0,050000000000000000000
65193;1361;0,700000000000000000000
65998;2175;0,333333333333333333333
65998;66075;0,666666666666666666666
71083;8648;1,000000000000000000000
73857;1988;1,000000000000000000000
75827;213;0,157894736842105263157
75827;747;0,473684210526315789473
75827;748;0,052631578947368421052
75827;71411;0,210526315789473684210
75827;75828;0,052631578947368421052
75827;76428;0,052631578947368421052
75828;325646;1,000000000000000000000
76428;6201;1,000000000000000000000
77678;27763;1,000000000000000000000
78108;983;0,666666666666666666666
78108;3523;0,333333333333333333333
84925;2009;0,800000000000000000000
84925;26980;0,200000000000000000000
89874;520;0,125000000000000000000
89874;521;0,041666666666666666666
89874;793;0,083333333333333333333
89874;3563;0,458333333333333333333
89874;4101;0,041666666666666666666
89874;4225;0,083333333333333333333
89874;21268;0,166666666666666666666
98841;3315;0,250000000000000000000
98841;3523;0,750000000000000000000
108876;6630;1,000000000000000000000
113392;37;0,333333333333333333333
113392;660;0,666666666666666666666
114536;1445;0,500000000000000000000
114536;8212;0,500000000000000000000
115105;275;0,125000000000000000000
115105;826;0,375000000000000000000
115105;992;0,250000000000000000000
115105;2684;0,250000000000000000000
116140;517;0,294117647058823529411
116140;632;0,588235294117647058823
116140;2500;0,058823529411764705882
116140;125861;0,058823529411764705882
131383;277;0,666666666666666666666
131383;7713;0,333333333333333333333
135566;2467;0,333333333333333333333
135566;17272;0,666666666666666666666
140014;1168;1,000000000000000000000
157662;40;0,666666666666666666666
157662;1480;0,333333333333333333333
160268;1182;0,666666666666666666666
160268;1650;0,333333333333333333333
169356;192;0,047619047619047619047
169356;496;0,047619047619047619047
169356;1667;0,047619047619047619047
169356;2037;0,047619047619047619047
169356;2271;0,047619047619047619047
169356;2272;0,047619047619047619047
169356;2359;0,095238095238095238095
169356;3296;0,047619047619047619047
169356;3591;0,047619047619047619047
169356;4364;0,047619047619047619047
169356;4561;0,047619047619047619047
169356;5214;0,047619047619047619047
169356;5564;0,047619047619047619047
169356;7762;0,047619047619047619047
169356;9387;0,047619047619047619047
169356;9413;0,047619047619047619047
169356;9432;0,047619047619047619047
169356;10946;0,047619047619047619047
169356;13372;0,047619047619047619047
169356;17323;0,047619047619047619047
173893;3091;0,125000000000000000000
173893;6010;0,125000000000000000000
173893;15471;0,125000000000000000000
173893;21360;0,625000000000000000000
184646;352;0,200000000000000000000
184646;354;0,200000000000000000000
184646;442;0,200000000000000000000
184646;3394;0,200000000000000000000
184646;4530;0,200000000000000000000
189452;978;0,050000000000000000000
189452;3256;0,050000000000000000000
189452;4020;0,050000000000000000000
189452;7713;0,600000000000000000000
189452;8489;0,050000000000000000000
189452;8909;0,050000000000000000000
189452;8910;0,050000000000000000000
189452;190971;0,100000000000000000000
192866;71;0,235294117647058823529
192866;845;0,411764705882352941176
192866;846;0,235294117647058823529
192866;982;0,058823529411764705882
192866;1437;0,058823529411764705882
193005;744;0,125000000000000000000
193005;845;0,500000000000000000000
193005;846;0,125000000000000000000
193005;1041;0,250000000000000000000
229072;1988;1,000000000000000000000
239968;749;0,750000000000000000000
239968;2512;0,250000000000000000000
239969;2164;0,500000000000000000000
239969;2428;0,500000000000000000000
245879;96;0,076923076923076923076
245879;249;0,076923076923076923076
245879;1154;0,076923076923076923076
245879;1342;0,307692307692307692307
245879;1898;0,153846153846153846153
245879;2293;0,153846153846153846153
245879;3045;0,076923076923076923076
245879;4313;0,076923076923076923076
248334;8447;1,000000000000000000000
248831;2435;0,500000000000000000000
248831;8440;0,500000000000000000000
248836;6006;1,000000000000000000000
251238;85;0,666666666666666666666
251238;267368;0,333333333333333333333
251573;122;0,500000000000000000000
251573;941;0,500000000000000000000
255463;5042;1,000000000000000000000
256951;2435;0,500000000000000000000
256951;5484;0,250000000000000000000
256951;7739;0,250000000000000000000
267368;85;0,333333333333333333333
267368;182;0,333333333333333333333
267368;251238;0,333333333333333333333
281170;2515;1,000000000000000000000
282773;731;1,000000000000000000000
283633;749;0,333333333333333333333
283633;1168;0,333333333333333333333
283633;2275;0,333333333333333333333
284856;1064;1,000000000000000000000
321112;749;1,000000000000000000000
321395;1131;0,750000000000000000000
321395;2517;0,250000000000000000000
325286;841;0,500000000000000000000
325286;1713;0,500000000000000000000
326597;235;0,166666666666666666666
326597;1263;0,166666666666666666666
326597;5564;0,166666666666666666666
326597;17323;0,166666666666666666666
326597;169356;0,333333333333333333333
