7;1135;0,200000000000000000000
7;2078;0,600000000000000000000
7;9098;0,200000000000000000000
48;4831;0,666666666666666666666
48;15207;0,333333333333333333333
54;4041;1,000000000000000000000
63;5628;1,000000000000000000000
65;192;0,150000000000000000000
65;526;0,050000000000000000000
65;621;0,050000000000000000000
65;841;0,050000000000000000000
65;877;0,050000000000000000000
65;1326;0,050000000000000000000
65;2064;0,050000000000000000000
65;2071;0,050000000000000000000
65;4206;0,050000000000000000000
65;4281;0,050000000000000000000
65;5440;0,050000000000000000000
65;5441;0,050000000000000000000
65;5632;0,050000000000000000000
65;6213;0,050000000000000000000
65;6962;0,050000000000000000000
65;7759;0,150000000000000000000
71;96;0,029411764705882352941
71;194;0,117647058823529411764
71;420;0,029411764705882352941
71;454;0,029411764705882352941
71;628;0,029411764705882352941
71;644;0,029411764705882352941
71;695;0,205882352941176470588
71;845;0,029411764705882352941
71;854;0,058823529411764705882
71;1169;0,029411764705882352941
71;1724;0,029411764705882352941
71;1948;0,058823529411764705882
71;1949;0,058823529411764705882
71;3523;0,029411764705882352941
71;4024;0,029411764705882352941
71;4512;0,029411764705882352941
71;5440;0,029411764705882352941
71;59745;0,058823529411764705882
71;59841;0,029411764705882352941
71;140271;0,058823529411764705882
72;829;0,090909090909090909090
72;854;0,090909090909090909090
72;1117;0,090909090909090909090
72;1946;0,090909090909090909090
72;2111;0,181818181818181818181
72;2175;0,090909090909090909090
72;2972;0,090909090909090909090
72;3395;0,090909090909090909090
72;8999;0,090909090909090909090
72;116140;0,090909090909090909090
74;628;0,333333333333333333333
74;1406;0,444444444444444444444
74;2489;0,111111111111111111111
74;3096;0,111111111111111111111
77;1263;0,500000000000000000000
77;3680;0,500000000000000000000
80;224;0,057142857142857142857
80;502;0,085714285714285714285
80;531;0,057142857142857142857
80;668;0,171428571428571428571
80;718;0,057142857142857142857
80;1129;0,028571428571428571428
80;1131;0,114285714285714285714
80;1248;0,085714285714285714285
80;1361;0,057142857142857142857
80;3443;0,085714285714285714285
80;3515;0,085714285714285714285
80;3625;0,114285714285714285714
83;1504;0,250000000000000000000
83;5239;0,250000000000000000000
83;5591;0,250000000000000000000
83;6635;0,250000000000000000000
90;1200;0,090909090909090909090
90;1335;0,181818181818181818181
90;1336;0,181818181818181818181
90;2147;0,181818181818181818181
90;2153;0,181818181818181818181
90;6189;0,090909090909090909090
90;151009;0,090909090909090909090
96;42;0,071428571428571428571
96;71;0,071428571428571428571
96;85;0,071428571428571428571
96;237;0,071428571428571428571
96;249;0,142857142857142857142
96;253;0,071428571428571428571
96;615;0,071428571428571428571
96;1154;0,071428571428571428571
96;1156;0,071428571428571428571
96;2139;0,071428571428571428571
96;2293;0,071428571428571428571
96;3045;0,071428571428571428571
96;7130;0,071428571428571428571
100;837;0,571428571428571428571
100;4512;0,428571428571428571428
104;2427;1,000000000000000000000
108;1340;0,800000000000000000000
108;18885;0,200000000000000000000
115;6468;1,000000000000000000000
120;337;0,071428571428571428571
120;392;0,071428571428571428571
120;396;0,142857142857142857142
120;410;0,071428571428571428571
120;805;0,071428571428571428571
120;829;0,071428571428571428571
120;1727;0,071428571428571428571
120;2140;0,071428571428571428571
120;2822;0,071428571428571428571
120;3513;0,071428571428571428571
120;6000;0,071428571428571428571
120;8566;0,071428571428571428571
120;13187;0,071428571428571428571
132;54;0,024390243902439024390
132;109;0,024390243902439024390
132;320;0,024390243902439024390
132;435;0,024390243902439024390
132;486;0,024390243902439024390
132;541;0,024390243902439024390
132;550;0,048780487804878048780
132;596;0,024390243902439024390
132;648;0,024390243902439024390
132;689;0,024390243902439024390
132;691;0,121951219512195121951
132;1089;0,024390243902439024390
132;1265;0,024390243902439024390
132;1319;0,024390243902439024390
132;1348;0,024390243902439024390
132;1867;0,024390243902439024390
132;2021;0,024390243902439024390
132;2509;0,024390243902439024390
132;2792;0,024390243902439024390
132;3104;0,024390243902439024390
132;3105;0,024390243902439024390
132;3135;0,024390243902439024390
132;3230;0,048780487804878048780
132;3433;0,024390243902439024390
132;4150;0,024390243902439024390
132;4244;0,024390243902439024390
132;5149;0,024390243902439024390
132;5415;0,024390243902439024390
132;7111;0,024390243902439024390
132;7653;0,024390243902439024390
132;8081;0,024390243902439024390
132;8510;0,024390243902439024390
132;13721;0,024390243902439024390
132;14733;0,024390243902439024390
132;15863;0,024390243902439024390
135;35;0,100000000000000000000
135;138;0,066666666666666666666
135;183;0,066666666666666666666
135;281;0,033333333333333333333
135;1278;0,100000000000000000000
135;1815;0,200000000000000000000
135;1939;0,033333333333333333333
135;2001;0,066666666666666666666
135;2111;0,066666666666666666666
135;2175;0,033333333333333333333
135;2684;0,133333333333333333333
135;5679;0,066666666666666666666
135;257273;0,033333333333333333333
138;135;0,500000000000000000000
138;1326;0,500000000000000000000
151;2071;0,250000000000000000000
151;5082;0,750000000000000000000
155;967;0,333333333333333333333
155;983;0,333333333333333333333
155;6554;0,333333333333333333333
172;1476;0,500000000000000000000
172;1945;0,500000000000000000000
174;437;0,400000000000000000000
174;3427;0,200000000000000000000
174;27696;0,400000000000000000000
179;211;1,000000000000000000000
180;863;1,000000000000000000000
183;530;0,400000000000000000000
183;1129;0,200000000000000000000
183;1278;0,400000000000000000000
190;2054;0,200000000000000000000
190;3802;0,200000000000000000000
190;5679;0,200000000000000000000
190;9416;0,400000000000000000000
192;65;1,000000000000000000000
194;71;0,153846153846153846153
194;628;0,230769230769230769230
194;695;0,038461538461538461538
194;1754;0,115384615384615384615
194;1940;0,192307692307692307692
194;2561;0,038461538461538461538
194;2825;0,038461538461538461538
194;3680;0,038461538461538461538
194;5089;0,038461538461538461538
194;8702;0,038461538461538461538
194;98841;0,076923076923076923076
199;2184;0,200000000000000000000
199;3105;0,400000000000000000000
199;5149;0,200000000000000000000
199;5679;0,200000000000000000000
206;2046;0,250000000000000000000
206;9391;0,750000000000000000000
211;23;0,125000000000000000000
211;179;0,500000000000000000000
211;212;0,125000000000000000000
211;995;0,125000000000000000000
211;1210;0,125000000000000000000
219;324;0,333333333333333333333
219;531;0,333333333333333333333
219;933;0,333333333333333333333
220;437;1,000000000000000000000
224;80;0,250000000000000000000
224;502;0,750000000000000000000
228;14323;1,000000000000000000000
244;4874;0,333333333333333333333
244;12436;0,666666666666666666666
248;2474;1,000000000000000000000
249;85;0,166666666666666666666
249;96;0,166666666666666666666
249;1988;0,166666666666666666666
249;3753;0,166666666666666666666
249;13671;0,166666666666666666666
249;245879;0,166666666666666666666
250;1149;1,000000000000000000000
253;85;0,222222222222222222222
253;96;0,222222222222222222222
253;615;0,222222222222222222222
253;4179;0,333333333333333333333
256;208;1,000000000000000000000
263;131;0,250000000000000000000
263;744;0,250000000000000000000
263;829;0,500000000000000000000
266;1080;0,500000000000000000000
266;3401;0,500000000000000000000
267;2713;1,000000000000000000000
273;749;0,333333333333333333333
273;1997;0,666666666666666666666
276;59745;1,000000000000000000000
279;267;0,021276595744680851063
279;1271;0,574468085106382978723
279;1570;0,021276595744680851063
279;2706;0,021276595744680851063
279;3429;0,021276595744680851063
279;7116;0,234042553191489361702
279;10188;0,106382978723404255319
283;1342;0,500000000000000000000
283;4747;0,500000000000000000000
284;251;0,142857142857142857142
284;285;0,857142857142857142857
287;2073;1,000000000000000000000
288;296;0,307692307692307692307
288;568;0,230769230769230769230
288;1293;0,384615384615384615384
288;3360;0,076923076923076923076
289;9401;1,000000000000000000000
290;2678;0,500000000000000000000
290;5679;0,500000000000000000000
295;5679;1,000000000000000000000
296;846;1,000000000000000000000
297;5679;1,000000000000000000000
306;1719;0,250000000000000000000
306;5613;0,250000000000000000000
306;6788;0,250000000000000000000
306;8545;0,250000000000000000000
309;1231;0,500000000000000000000
309;1948;0,250000000000000000000
309;3098;0,250000000000000000000
313;8568;0,500000000000000000000
313;8957;0,500000000000000000000
317;318;1,000000000000000000000
318;317;0,428571428571428571428
318;2098;0,142857142857142857142
318;2445;0,428571428571428571428
320;2792;1,000000000000000000000
324;219;0,500000000000000000000
324;904;0,500000000000000000000
330;5679;0,500000000000000000000
330;9998;0,500000000000000000000
332;452;0,250000000000000000000
332;675;0,027777777777777777777
332;718;0,166666666666666666666
332;819;0,083333333333333333333
332;1174;0,166666666666666666666
332;1391;0,055555555555555555555
332;2139;0,027777777777777777777
332;5071;0,222222222222222222222
339;1024;0,214285714285714285714
339;12269;0,142857142857142857142
339;55134;0,642857142857142857142
346;403;0,500000000000000000000
346;9340;0,500000000000000000000
349;1027;0,750000000000000000000
349;3223;0,250000000000000000000
352;5679;1,000000000000000000000
355;27343;1,000000000000000000000
356;318;0,125000000000000000000
356;2098;0,375000000000000000000
356;2445;0,125000000000000000000
356;6903;0,125000000000000000000
356;7532;0,250000000000000000000
380;1282;0,500000000000000000000
380;4396;0,500000000000000000000
388;391;0,200000000000000000000
388;403;0,200000000000000000000
388;1218;0,200000000000000000000
388;6262;0,200000000000000000000
388;9098;0,200000000000000000000
392;3513;1,000000000000000000000
396;2140;1,000000000000000000000
403;346;1,000000000000000000000
410;396;1,000000000000000000000
411;1637;0,750000000000000000000
411;3518;0,250000000000000000000
412;419;0,500000000000000000000
412;7906;0,500000000000000000000
414;415;0,500000000000000000000
414;8237;0,500000000000000000000
415;3446;1,000000000000000000000
418;1466;1,000000000000000000000
419;375;0,125000000000000000000
419;399;0,125000000000000000000
419;417;0,125000000000000000000
419;1221;0,125000000000000000000
419;8396;0,125000000000000000000
419;9380;0,250000000000000000000
419;59841;0,125000000000000000000
420;71;0,090909090909090909090
420;643;0,090909090909090909090
420;845;0,090909090909090909090
420;982;0,090909090909090909090
420;1041;0,090909090909090909090
420;1169;0,090909090909090909090
420;1939;0,090909090909090909090
420;3111;0,181818181818181818181
420;7130;0,090909090909090909090
420;59745;0,090909090909090909090
423;339;0,041666666666666666666
423;352;0,041666666666666666666
423;424;0,041666666666666666666
423;425;0,041666666666666666666
423;426;0,041666666666666666666
423;441;0,041666666666666666666
423;442;0,041666666666666666666
423;443;0,041666666666666666666
423;444;0,020833333333333333333
423;513;0,041666666666666666666
423;632;0,041666666666666666666
423;849;0,041666666666666666666
423;1117;0,041666666666666666666
423;1315;0,020833333333333333333
423;2500;0,041666666666666666666
423;2555;0,041666666666666666666
423;2561;0,041666666666666666666
423;3394;0,041666666666666666666
423;4510;0,041666666666666666666
423;5611;0,041666666666666666666
423;5619;0,041666666666666666666
423;12390;0,041666666666666666666
423;12418;0,041666666666666666666
423;12817;0,020833333333333333333
423;13335;0,041666666666666666666
423;13482;0,020833333333333333333
425;5679;1,000000000000000000000
443;423;0,250000000000000000000
443;7605;0,750000000000000000000
453;326;0,166666666666666666666
453;839;0,166666666666666666666
453;1717;0,166666666666666666666
453;4432;0,166666666666666666666
453;13498;0,333333333333333333333
454;71;1,000000000000000000000
455;4187;1,000000000000000000000
464;1085;1,000000000000000000000
468;297;1,000000000000000000000
470;1996;0,500000000000000000000
470;2772;0,500000000000000000000
472;984;1,000000000000000000000
479;362;0,200000000000000000000
479;475;0,200000000000000000000
479;8466;0,400000000000000000000
479;8473;0,200000000000000000000
484;1831;1,000000000000000000000
485;1265;0,250000000000000000000
485;2310;0,750000000000000000000
498;404;0,500000000000000000000
498;499;0,250000000000000000000
498;5679;0,250000000000000000000
502;80;0,060606060606060606060
502;224;0,090909090909090909090
502;531;0,090909090909090909090
502;718;0,030303030303030303030
502;945;0,030303030303030303030
502;1248;0,030303030303030303030
502;1361;0,060606060606060606060
502;3443;0,272727272727272727272
502;3515;0,303030303030303030303
502;3625;0,030303030303030303030
504;8223;1,000000000000000000000
517;3395;1,000000000000000000000
526;3017;1,000000000000000000000
527;4345;0,666666666666666666666
527;17248;0,333333333333333333333
538;351;1,000000000000000000000
541;54;1,000000000000000000000
543;886;0,333333333333333333333
543;1923;0,333333333333333333333
543;3015;0,333333333333333333333
545;6694;1,000000000000000000000
547;923;0,166666666666666666666
547;988;0,666666666666666666666
547;5484;0,166666666666666666666
550;132;0,666666666666666666666
550;1487;0,166666666666666666666
550;3230;0,166666666666666666666
558;794;0,100000000000000000000
558;851;0,100000000000000000000
558;1029;0,100000000000000000000
558;1035;0,100000000000000000000
558;1596;0,100000000000000000000
558;2657;0,100000000000000000000
558;2825;0,100000000000000000000
558;5440;0,100000000000000000000
558;7132;0,100000000000000000000
558;7866;0,100000000000000000000
560;208;0,250000000000000000000
560;1079;0,500000000000000000000
560;2007;0,250000000000000000000
568;288;0,500000000000000000000
568;3212;0,333333333333333333333
568;18622;0,166666666666666666666
571;1897;1,000000000000000000000
594;977;0,400000000000000000000
594;5679;0,400000000000000000000
594;5762;0,200000000000000000000
600;3007;0,500000000000000000000
600;6721;0,500000000000000000000
602;13799;1,000000000000000000000
608;4374;0,500000000000000000000
608;11734;0,500000000000000000000
611;621;0,333333333333333333333
611;2434;0,333333333333333333333
611;5444;0,333333333333333333333
612;39;0,666666666666666666666
612;9762;0,333333333333333333333
613;955;0,500000000000000000000
613;4622;0,500000000000000000000
615;96;0,250000000000000000000
615;253;0,250000000000000000000
615;1591;0,250000000000000000000
615;2139;0,250000000000000000000
620;621;1,000000000000000000000
621;2434;1,000000000000000000000
622;77;0,333333333333333333333
622;1066;0,333333333333333333333
622;4765;0,166666666666666666666
622;12001;0,166666666666666666666
625;2230;1,000000000000000000000
628;71;0,083333333333333333333
628;74;0,166666666666666666666
628;194;0,250000000000000000000
628;360;0,083333333333333333333
628;1754;0,083333333333333333333
628;1940;0,333333333333333333333
632;263;0,100000000000000000000
632;1117;0,100000000000000000000
632;2547;0,100000000000000000000
632;5679;0,100000000000000000000
632;8253;0,200000000000000000000
632;116140;0,200000000000000000000
632;125861;0,200000000000000000000
644;89;0,250000000000000000000
644;2487;0,250000000000000000000
644;3098;0,250000000000000000000
644;3141;0,250000000000000000000
652;3235;0,500000000000000000000
652;7920;0,500000000000000000000
657;179346;1,000000000000000000000
662;78108;1,000000000000000000000
667;668;0,500000000000000000000
667;157749;0,500000000000000000000
668;530;0,285714285714285714285
668;667;0,285714285714285714285
668;1361;0,142857142857142857142
668;3625;0,142857142857142857142
668;65193;0,142857142857142857142
670;59745;1,000000000000000000000
675;281;0,285714285714285714285
675;332;0,142857142857142857142
675;1116;0,142857142857142857142
675;1370;0,285714285714285714285
675;1710;0,142857142857142857142
678;737;0,200000000000000000000
678;1889;0,300000000000000000000
678;2661;0,400000000000000000000
678;7160;0,100000000000000000000
688;10359;1,000000000000000000000
691;132;1,000000000000000000000
694;5618;1,000000000000000000000
695;71;0,263157894736842105263
695;100;0,052631578947368421052
695;1169;0,052631578947368421052
695;3523;0,105263157894736842105
695;4512;0,052631578947368421052
695;6994;0,052631578947368421052
695;41776;0,157894736842105263157
695;59745;0,052631578947368421052
695;59841;0,052631578947368421052
695;98841;0,052631578947368421052
695;112062;0,105263157894736842105
698;4777;1,000000000000000000000
708;2991;1,000000000000000000000
724;1149;1,000000000000000000000
733;2935;0,500000000000000000000
733;2938;0,500000000000000000000
744;846;0,250000000000000000000
744;192866;0,500000000000000000000
744;193005;0,250000000000000000000
747;213;0,173913043478260869565
747;748;0,173913043478260869565
747;71411;0,043478260869565217391
747;75827;0,434782608695652173913
747;76428;0,173913043478260869565
748;747;0,571428571428571428571
748;75828;0,142857142857142857142
748;76428;0,285714285714285714285
749;273;0,166666666666666666666
749;4293;0,166666666666666666666
749;5666;0,333333333333333333333
749;5679;0,333333333333333333333
752;218;0,333333333333333333333
752;417;0,333333333333333333333
752;1632;0,333333333333333333333
761;1180;1,000000000000000000000
763;1234;0,333333333333333333333
763;1237;0,111111111111111111111
763;1277;0,222222222222222222222
763;1815;0,111111111111111111111
763;2180;0,111111111111111111111
763;10188;0,111111111111111111111
778;7095;0,500000000000000000000
778;66075;0,500000000000000000000
779;829;0,083333333333333333333
779;830;0,083333333333333333333
779;2500;0,083333333333333333333
779;3203;0,083333333333333333333
779;3395;0,416666666666666666666
779;4989;0,166666666666666666666
779;27615;0,083333333333333333333
781;25264;1,000000000000000000000
787;285;1,000000000000000000000
805;120;0,333333333333333333333
805;904;0,666666666666666666666
815;9208;1,000000000000000000000
819;332;0,142857142857142857142
819;452;0,428571428571428571428
819;718;0,250000000000000000000
819;820;0,035714285714285714285
819;1391;0,142857142857142857142
829;72;0,285714285714285714285
829;120;0,142857142857142857142
829;830;0,142857142857142857142
829;1727;0,142857142857142857142
829;3395;0,142857142857142857142
829;59745;0,142857142857142857142
830;72;0,083333333333333333333
830;779;0,250000000000000000000
830;829;0,083333333333333333333
830;3395;0,333333333333333333333
830;6511;0,083333333333333333333
830;20393;0,166666666666666666666
835;1152;0,666666666666666666666
835;5679;0,333333333333333333333
837;194;0,250000000000000000000
837;1316;0,250000000000000000000
837;1940;0,250000000000000000000
837;4020;0,250000000000000000000
839;878;0,111111111111111111111
839;1498;0,111111111111111111111
839;1827;0,111111111111111111111
839;1991;0,111111111111111111111
839;3360;0,111111111111111111111
839;3966;0,111111111111111111111
839;3985;0,111111111111111111111
839;4432;0,111111111111111111111
839;4772;0,111111111111111111111
842;59841;1,000000000000000000000
844;1719;1,000000000000000000000
845;71;0,030769230769230769230
845;420;0,030769230769230769230
845;744;0,015384615384615384615
845;846;0,353846153846153846153
845;1041;0,061538461538461538461
845;1437;0,061538461538461538461
845;2731;0,030769230769230769230
845;2834;0,030769230769230769230
845;4440;0,015384615384615384615
845;59841;0,015384615384615384615
845;192866;0,323076923076923076923
845;193005;0,030769230769230769230
846;283;0,034482758620689655172
846;296;0,034482758620689655172
846;567;0,034482758620689655172
846;744;0,034482758620689655172
846;845;0,137931034482758620689
846;1065;0,017241379310344827586
846;1342;0,034482758620689655172
846;1437;0,017241379310344827586
846;2435;0,017241379310344827586
846;2697;0,034482758620689655172
846;2731;0,051724137931034482758
846;2744;0,034482758620689655172
846;2834;0,051724137931034482758
846;2863;0,051724137931034482758
846;3123;0,034482758620689655172
846;3256;0,034482758620689655172
846;3427;0,034482758620689655172
846;3683;0,051724137931034482758
846;4777;0,017241379310344827586
846;5149;0,034482758620689655172
846;7975;0,034482758620689655172
846;8715;0,051724137931034482758
846;23759;0,017241379310344827586
846;59841;0,068965517241379310344
846;192866;0,017241379310344827586
846;193005;0,017241379310344827586
850;1024;1,000000000000000000000
853;228;0,500000000000000000000
853;26219;0,500000000000000000000
854;71;0,166666666666666666666
854;72;0,333333333333333333333
854;4247;0,166666666666666666666
854;4512;0,166666666666666666666
854;28528;0,166666666666666666666
861;1827;1,000000000000000000000
866;621;0,500000000000000000000
866;3356;0,500000000000000000000
870;3359;1,000000000000000000000
882;1754;1,000000000000000000000
885;1913;1,000000000000000000000
890;2736;0,125000000000000000000
890;2803;0,875000000000000000000
899;59867;1,000000000000000000000
904;324;0,200000000000000000000
904;805;0,200000000000000000000
904;2078;0,200000000000000000000
904;17269;0,200000000000000000000
904;31885;0,200000000000000000000
906;57838;1,000000000000000000000
911;2280;0,500000000000000000000
911;13265;0,500000000000000000000
918;351;0,250000000000000000000
918;1027;0,250000000000000000000
918;3223;0,250000000000000000000
918;10602;0,250000000000000000000
920;38;1,000000000000000000000
923;547;1,000000000000000000000
925;1597;0,666666666666666666666
925;4667;0,333333333333333333333
933;876;1,000000000000000000000
943;2731;1,000000000000000000000
945;5149;0,250000000000000000000
945;5679;0,750000000000000000000
955;4681;0,750000000000000000000
955;5622;0,250000000000000000000
960;911;0,200000000000000000000
960;2644;0,200000000000000000000
960;3142;0,200000000000000000000
960;6581;0,200000000000000000000
960;9409;0,200000000000000000000
965;526;0,333333333333333333333
965;2786;0,666666666666666666666
966;1066;1,000000000000000000000
972;2302;1,000000000000000000000
977;2054;1,000000000000000000000
978;1162;0,666666666666666666666
978;2489;0,333333333333333333333
982;845;0,285714285714285714285
982;1041;0,428571428571428571428
982;3395;0,285714285714285714285
983;21154;0,666666666666666666666
983;78108;0,333333333333333333333
988;547;1,000000000000000000000
990;244;0,666666666666666666666
990;8666;0,333333333333333333333
992;113;0,130434782608695652173
992;878;0,043478260869565217391
992;1278;0,043478260869565217391
992;1647;0,086956521739130434782
992;1931;0,086956521739130434782
992;2684;0,173913043478260869565
992;6962;0,086956521739130434782
992;115105;0,347826086956521739130
993;7605;1,000000000000000000000
995;211;0,181818181818181818181
995;658;0,181818181818181818181
995;1092;0,090909090909090909090
995;1864;0,181818181818181818181
995;1988;0,181818181818181818181
995;5484;0,181818181818181818181
997;6267;1,000000000000000000000
1010;216;0,250000000000000000000
1010;1018;0,250000000000000000000
1010;2001;0,500000000000000000000
1018;2001;1,000000000000000000000
1024;339;0,333333333333333333333
1024;1574;0,333333333333333333333
1024;55134;0,333333333333333333333
1041;240;0,090909090909090909090
1041;420;0,090909090909090909090
1041;845;0,272727272727272727272
1041;982;0,363636363636363636363
1041;2287;0,181818181818181818181
1046;1751;1,000000000000000000000
1064;1321;0,500000000000000000000
1064;4518;0,500000000000000000000
1066;2147;1,000000000000000000000
1079;208;0,400000000000000000000
1079;600;0,200000000000000000000
1079;13799;0,400000000000000000000
1080;3944;1,000000000000000000000
1082;891;0,625000000000000000000
1082;1083;0,375000000000000000000
1083;1082;0,571428571428571428571
1083;3685;0,142857142857142857142
1083;4522;0,142857142857142857142
1083;7215;0,142857142857142857142
1085;464;1,000000000000000000000
1100;295;0,200000000000000000000
1100;863;0,200000000000000000000
1100;5423;0,200000000000000000000
1100;9367;0,200000000000000000000
1100;12745;0,200000000000000000000
1109;2050;0,333333333333333333333
1109;5564;0,666666666666666666666
1118;5679;1,000000000000000000000
1121;2070;0,250000000000000000000
1121;5367;0,250000000000000000000
1121;20669;0,250000000000000000000
1121;27891;0,250000000000000000000
1123;3971;1,000000000000000000000
1127;2822;0,800000000000000000000
1127;12850;0,200000000000000000000
1131;80;0,800000000000000000000
1131;3515;0,200000000000000000000
1141;1142;1,000000000000000000000
1142;283;0,090909090909090909090
1142;1141;0,181818181818181818181
1142;2714;0,181818181818181818181
1142;3246;0,090909090909090909090
1142;3872;0,181818181818181818181
1142;5223;0,181818181818181818181
1142;59841;0,090909090909090909090
1143;2803;1,000000000000000000000
1154;96;0,500000000000000000000
1154;222;0,500000000000000000000
1160;1513;1,000000000000000000000
1164;299;0,166666666666666666666
1164;1094;0,166666666666666666666
1164;6955;0,166666666666666666666
1164;10338;0,166666666666666666666
1164;81648;0,166666666666666666666
1164;95154;0,166666666666666666666
1165;748;1,000000000000000000000
1168;18641;0,500000000000000000000
1168;140014;0,500000000000000000000
1169;71;0,055555555555555555555
1169;100;0,055555555555555555555
1169;276;0,055555555555555555555
1169;695;0,092592592592592592592
1169;696;0,055555555555555555555
1169;1939;0,018518518518518518518
1169;1942;0,055555555555555555555
1169;1943;0,055555555555555555555
1169;1944;0,055555555555555555555
1169;1945;0,055555555555555555555
1169;1946;0,055555555555555555555
1169;3523;0,055555555555555555555
1169;4512;0,055555555555555555555
1169;59745;0,129629629629629629629
1169;59841;0,092592592592592592592
1169;98841;0,055555555555555555555
1174;332;0,500000000000000000000
1174;675;0,250000000000000000000
1174;1129;0,250000000000000000000
1178;6007;1,000000000000000000000
1181;643;0,285714285714285714285
1181;852;0,285714285714285714285
1181;8442;0,285714285714285714285
1181;8465;0,142857142857142857142
1190;1220;0,250000000000000000000
1190;1771;0,500000000000000000000
1190;2275;0,250000000000000000000
1196;1264;0,500000000000000000000
1196;1942;0,125000000000000000000
1196;3235;0,125000000000000000000
1196;4395;0,125000000000000000000
1196;5006;0,125000000000000000000
1221;292;0,500000000000000000000
1221;5617;0,500000000000000000000
1225;8698;0,333333333333333333333
1225;11534;0,333333333333333333333
1225;12441;0,333333333333333333333
1227;9722;1,000000000000000000000
1231;309;0,083333333333333333333
1231;2736;0,083333333333333333333
1231;3141;0,583333333333333333333
1231;4821;0,083333333333333333333
1231;6511;0,166666666666666666666
1234;763;0,200000000000000000000
1234;1235;0,066666666666666666666
1234;1236;0,200000000000000000000
1234;1237;0,066666666666666666666
1234;1277;0,200000000000000000000
1234;1340;0,066666666666666666666
1234;8623;0,066666666666666666666
1234;9442;0,066666666666666666666
1234;10020;0,066666666666666666666
1235;351;0,095238095238095238095
1235;1271;0,238095238095238095238
1235;1277;0,142857142857142857142
1235;1815;0,047619047619047619047
1235;3393;0,238095238095238095238
1235;10188;0,238095238095238095238
1236;190;0,111111111111111111111
1236;1234;0,111111111111111111111
1236;1235;0,055555555555555555555
1236;1277;0,444444444444444444444
1236;3188;0,055555555555555555555
1236;21154;0,222222222222222222222
1246;9686;1,000000000000000000000
1248;224;0,142857142857142857142
1248;502;0,285714285714285714285
1248;3443;0,142857142857142857142
1248;3515;0,285714285714285714285
1248;3625;0,142857142857142857142
1250;4147;0,333333333333333333333
1250;8213;0,333333333333333333333
1250;16921;0,333333333333333333333
1253;956;1,000000000000000000000
1254;4744;1,000000000000000000000
1265;485;0,250000000000000000000
1265;3241;0,250000000000000000000
1265;3457;0,250000000000000000000
1265;5395;0,250000000000000000000
1271;249;0,033333333333333333333
1271;251;0,033333333333333333333
1271;279;0,633333333333333333333
1271;1235;0,100000000000000000000
1271;1591;0,033333333333333333333
1271;2706;0,100000000000000000000
1271;7116;0,033333333333333333333
1271;10188;0,033333333333333333333
1277;763;0,085106382978723404255
1277;992;0,021276595744680851063
1277;1234;0,212765957446808510638
1277;1235;0,085106382978723404255
1277;1236;0,234042553191489361702
1277;1237;0,063829787234042553191
1277;1570;0,021276595744680851063
1277;1815;0,106382978723404255319
1277;4020;0,021276595744680851063
1277;10188;0,085106382978723404255
1277;21154;0,063829787234042553191
1278;135;0,500000000000000000000
1278;992;0,250000000000000000000
1278;1277;0,250000000000000000000
1282;2543;1,000000000000000000000
1286;2054;1,000000000000000000000
1293;3551;1,000000000000000000000
1307;306;0,333333333333333333333
1307;9468;0,666666666666666666666
1316;352;0,250000000000000000000
1316;2098;0,250000000000000000000
1316;4510;0,250000000000000000000
1316;9702;0,250000000000000000000
1319;2318;1,000000000000000000000
1321;1064;0,125000000000000000000
1321;1563;0,125000000000000000000
1321;1697;0,125000000000000000000
1321;2479;0,250000000000000000000
1321;3359;0,125000000000000000000
1321;5753;0,125000000000000000000
1321;7774;0,125000000000000000000
1322;1243;1,000000000000000000000
1324;307;0,048387096774193548387
1324;1114;0,032258064516129032258
1324;1200;0,048387096774193548387
1324;1240;0,048387096774193548387
1324;1325;0,048387096774193548387
1324;1326;0,048387096774193548387
1324;1327;0,048387096774193548387
1324;1328;0,048387096774193548387
1324;1329;0,048387096774193548387
1324;1330;0,048387096774193548387
1324;1331;0,048387096774193548387
1324;1332;0,048387096774193548387
1324;1333;0,048387096774193548387
1324;1334;0,048387096774193548387
1324;1335;0,048387096774193548387
1324;1336;0,048387096774193548387
1324;1337;0,048387096774193548387
1324;1338;0,048387096774193548387
1324;2152;0,048387096774193548387
1324;15437;0,048387096774193548387
1324;17047;0,048387096774193548387
1333;1200;1,000000000000000000000
1334;1330;0,166666666666666666666
1334;1336;0,833333333333333333333
1335;90;0,666666666666666666666
1335;1333;0,333333333333333333333
1336;90;0,500000000000000000000
1336;1335;0,250000000000000000000
1336;2153;0,250000000000000000000
1337;1326;1,000000000000000000000
1340;108;0,125000000000000000000
1340;349;0,250000000000000000000
1340;351;0,125000000000000000000
1340;538;0,125000000000000000000
1340;1027;0,250000000000000000000
1340;2594;0,125000000000000000000
1342;11;0,200000000000000000000
1342;283;0,200000000000000000000
1342;846;0,200000000000000000000
1342;1142;0,200000000000000000000
1342;24259;0,200000000000000000000
1344;7434;0,250000000000000000000
1344;179346;0,750000000000000000000
1348;658;0,500000000000000000000
1348;2882;0,500000000000000000000
1370;281;0,142857142857142857142
1370;675;0,142857142857142857142
1370;1130;0,571428571428571428571
1370;23720;0,142857142857142857142
1401;622;1,000000000000000000000
1406;74;0,500000000000000000000
1406;2388;0,500000000000000000000
1432;17549;1,000000000000000000000
1434;288;0,066666666666666666666
1434;568;0,066666666666666666666
1434;1082;0,066666666666666666666
1434;1083;0,066666666666666666666
1434;2778;0,066666666666666666666
1434;3212;0,066666666666666666666
1434;3968;0,066666666666666666666
1434;5037;0,066666666666666666666
1434;6461;0,066666666666666666666
1434;6991;0,066666666666666666666
1434;6992;0,066666666666666666666
1434;9376;0,066666666666666666666
1434;11656;0,066666666666666666666
1434;17677;0,066666666666666666666
1434;17678;0,066666666666666666666
1437;845;0,125000000000000000000
1437;846;0,250000000000000000000
1437;7130;0,125000000000000000000
1437;192866;0,375000000000000000000
1437;193005;0,125000000000000000000
1439;5679;1,000000000000000000000
1446;18258;1,000000000000000000000
1454;2195;1,000000000000000000000
1455;267368;1,000000000000000000000
1462;4041;1,000000000000000000000
1466;418;0,500000000000000000000
1466;3477;0,500000000000000000000
1485;5679;1,000000000000000000000
1487;909;0,600000000000000000000
1487;1089;0,400000000000000000000
1498;839;0,200000000000000000000
1498;1991;0,200000000000000000000
1498;4099;0,200000000000000000000
1498;4472;0,400000000000000000000
1499;101;0,333333333333333333333
1499;4187;0,333333333333333333333
1499;4592;0,333333333333333333333
1500;1096;1,000000000000000000000
1512;833;1,000000000000000000000
1513;1160;0,333333333333333333333
1513;3381;0,333333333333333333333
1513;4206;0,333333333333333333333
1515;4592;1,000000000000000000000
1526;285;0,200000000000000000000
1526;2991;0,800000000000000000000
1544;1979;0,600000000000000000000
1544;5679;0,400000000000000000000
1554;1845;1,000000000000000000000
1556;3827;1,000000000000000000000
1562;1565;0,333333333333333333333
1562;4526;0,666666666666666666666
1565;812;0,400000000000000000000
1565;3395;0,400000000000000000000
1565;4526;0,200000000000000000000
1570;339;0,333333333333333333333
1570;1277;0,333333333333333333333
1570;5679;0,333333333333333333333
1574;2561;0,500000000000000000000
1574;21697;0,500000000000000000000
1588;6913;1,000000000000000000000
1591;615;0,047619047619047619047
1591;698;0,047619047619047619047
1591;861;0,047619047619047619047
1591;2252;0,047619047619047619047
1591;2455;0,047619047619047619047
1591;2472;0,047619047619047619047
1591;2515;0,047619047619047619047
1591;3045;0,047619047619047619047
1591;3234;0,095238095238095238095
1591;3381;0,047619047619047619047
1591;3392;0,047619047619047619047
1591;3873;0,047619047619047619047
1591;4398;0,047619047619047619047
1591;4777;0,047619047619047619047
1591;4787;0,047619047619047619047
1591;6609;0,047619047619047619047
1591;7030;0,047619047619047619047
1591;7334;0,047619047619047619047
1591;10595;0,047619047619047619047
1591;12712;0,047619047619047619047
1596;1939;0,250000000000000000000
1596;4098;0,250000000000000000000
1596;5440;0,500000000000000000000
1606;2887;0,500000000000000000000
1606;12387;0,500000000000000000000
1608;2470;1,000000000000000000000
1616;113;1,000000000000000000000
1632;752;1,000000000000000000000
1639;85;0,142857142857142857142
1639;254;0,142857142857142857142
1639;4598;0,571428571428571428571
1639;8147;0,142857142857142857142
1644;3779;1,000000000000000000000
1657;59841;1,000000000000000000000
1671;2434;1,000000000000000000000
1681;733;0,325000000000000000000
1681;2923;0,325000000000000000000
1681;2937;0,325000000000000000000
1681;131383;0,025000000000000000000
1684;3528;1,000000000000000000000
1694;2196;0,500000000000000000000
1694;2825;0,500000000000000000000
1700;21396;1,000000000000000000000
1708;3418;1,000000000000000000000
1710;675;0,666666666666666666666
1710;9258;0,333333333333333333333
1717;649;0,111111111111111111111
1717;1303;0,111111111111111111111
1717;2057;0,222222222222222222222
1717;2073;0,111111111111111111111
1717;4772;0,333333333333333333333
1717;27900;0,111111111111111111111
1723;4627;1,000000000000000000000
1728;1069;0,500000000000000000000
1728;1729;0,500000000000000000000
1754;628;0,250000000000000000000
1754;882;0,250000000000000000000
1754;1940;0,250000000000000000000
1754;4613;0,250000000000000000000
1762;83;0,500000000000000000000
1762;1137;0,500000000000000000000
1769;380;0,500000000000000000000
1769;492;0,500000000000000000000
1771;2275;0,500000000000000000000
1771;108876;0,500000000000000000000
1778;520;0,333333333333333333333
1778;1182;0,166666666666666666666
1778;5935;0,333333333333333333333
1778;7578;0,166666666666666666666
1780;815;1,000000000000000000000
1785;2080;1,000000000000000000000
1815;135;0,363636363636363636363
1815;992;0,090909090909090909090
1815;1277;0,272727272727272727272
1815;1931;0,090909090909090909090
1815;2684;0,181818181818181818181
1822;5852;1,000000000000000000000
1831;484;0,500000000000000000000
1831;1192;0,250000000000000000000
1831;116409;0,250000000000000000000
1839;5679;1,000000000000000000000
1855;5613;1,000000000000000000000
1889;678;0,333333333333333333333
1889;2661;0,500000000000000000000
1889;7160;0,166666666666666666666
1891;54440;1,000000000000000000000
1894;12534;0,666666666666666666666
1894;12664;0,333333333333333333333
1897;528;0,250000000000000000000
1897;571;0,750000000000000000000
1902;2;0,100000000000000000000
1902;1903;0,100000000000000000000
1902;1913;0,100000000000000000000
1902;3153;0,100000000000000000000
1902;5909;0,300000000000000000000
1902;6622;0,100000000000000000000
1902;23228;0,100000000000000000000
1902;27640;0,100000000000000000000
1912;4583;0,750000000000000000000
1912;19582;0,125000000000000000000
1912;27836;0,125000000000000000000
1917;3503;1,000000000000000000000
1945;359;0,500000000000000000000
1945;360;0,500000000000000000000
1946;127;0,100000000000000000000
1946;1692;0,100000000000000000000
1946;2277;0,100000000000000000000
1946;2825;0,100000000000000000000
1946;2991;0,100000000000000000000
1946;3876;0,200000000000000000000
1946;4281;0,100000000000000000000
1946;41776;0,100000000000000000000
1946;98841;0,100000000000000000000
1948;309;0,666666666666666666666
1948;2048;0,333333333333333333333
1949;71;0,285714285714285714285
1949;855;0,142857142857142857142
1949;4933;0,285714285714285714285
1949;5856;0,285714285714285714285
1951;275;0,250000000000000000000
1951;826;0,250000000000000000000
1951;9992;0,500000000000000000000
1967;1768;1,000000000000000000000
1983;1156;0,333333333333333333333
1983;4098;0,333333333333333333333
1983;26566;0,333333333333333333333
1988;237;0,625000000000000000000
1988;249;0,250000000000000000000
1988;995;0,125000000000000000000
1991;469;0,076923076923076923076
1991;839;0,076923076923076923076
1991;1498;0,076923076923076923076
1991;2239;0,076923076923076923076
1991;2578;0,076923076923076923076
1991;3044;0,076923076923076923076
1991;3985;0,230769230769230769230
1991;4427;0,076923076923076923076
1991;4431;0,153846153846153846153
1991;4472;0,076923076923076923076
1997;273;1,000000000000000000000
2012;2137;1,000000000000000000000
2015;855;1,000000000000000000000
2021;24;0,500000000000000000000
2021;2115;0,250000000000000000000
2021;4906;0,250000000000000000000
2046;1041;0,500000000000000000000
2046;5564;0,500000000000000000000
2050;1109;0,500000000000000000000
2050;6189;0,500000000000000000000
2052;6828;1,000000000000000000000
2059;1109;0,333333333333333333333
2059;1122;0,333333333333333333333
2059;7762;0,333333333333333333333
2064;65;0,166666666666666666666
2064;2017;0,166666666666666666666
2064;3736;0,166666666666666666666
2064;8623;0,500000000000000000000
2070;1121;0,500000000000000000000
2070;5632;0,500000000000000000000
2071;151;1,000000000000000000000
2073;287;1,000000000000000000000
2078;7;0,714285714285714285714
2078;904;0,142857142857142857142
2078;7585;0,142857142857142857142
2080;40;0,066666666666666666666
2080;302;0,033333333333333333333
2080;602;0,033333333333333333333
2080;1192;0,066666666666666666666
2080;1429;0,066666666666666666666
2080;1637;0,033333333333333333333
2080;1647;0,033333333333333333333
2080;1785;0,066666666666666666666
2080;2083;0,066666666666666666666
2080;4621;0,066666666666666666666
2080;8003;0,066666666666666666666
2080;8516;0,033333333333333333333
2080;10338;0,066666666666666666666
2080;10658;0,033333333333333333333
2080;25488;0,066666666666666666666
2080;47352;0,033333333333333333333
2080;50959;0,066666666666666666666
2080;76428;0,033333333333333333333
2080;90666;0,066666666666666666666
2083;1162;0,750000000000000000000
2083;59841;0,250000000000000000000
2086;4510;0,500000000000000000000
2086;5679;0,500000000000000000000
2098;318;0,142857142857142857142
2098;356;0,285714285714285714285
2098;1316;0,142857142857142857142
2098;5107;0,142857142857142857142
2098;7130;0,285714285714285714285
2099;318;1,000000000000000000000
2111;72;0,181818181818181818181
2111;135;0,090909090909090909090
2111;183;0,090909090909090909090
2111;1278;0,090909090909090909090
2111;1815;0,181818181818181818181
2111;2684;0,181818181818181818181
2111;10188;0,090909090909090909090
2111;21154;0,090909090909090909090
2115;2021;1,000000000000000000000
2117;5493;1,000000000000000000000
2127;904;1,000000000000000000000
2137;2012;1,000000000000000000000
2140;392;0,200000000000000000000
2140;1265;0,200000000000000000000
2140;3513;0,400000000000000000000
2140;4172;0,200000000000000000000
2145;3633;1,000000000000000000000
2146;283;0,666666666666666666666
2146;1443;0,333333333333333333333
2147;77;0,020833333333333333333
2147;90;0,083333333333333333333
2147;190;0,020833333333333333333
2147;440;0,020833333333333333333
2147;766;0,041666666666666666666
2147;841;0,020833333333333333333
2147;1066;0,062500000000000000000
2147;1122;0,020833333333333333333
2147;1150;0,020833333333333333333
2147;1200;0,020833333333333333333
2147;1274;0,020833333333333333333
2147;1326;0,020833333333333333333
2147;1667;0,020833333333333333333
2147;1856;0,020833333333333333333
2147;1866;0,020833333333333333333
2147;2029;0,020833333333333333333
2147;2059;0,020833333333333333333
2147;2150;0,020833333333333333333
2147;2212;0,020833333333333333333
2147;2271;0,020833333333333333333
2147;2492;0,020833333333333333333
2147;3268;0,020833333333333333333
2147;3296;0,020833333333333333333
2147;3414;0,020833333333333333333
2147;3642;0,020833333333333333333
2147;3704;0,020833333333333333333
2147;5219;0,020833333333333333333
2147;5632;0,041666666666666666666
2147;7759;0,020833333333333333333
2147;8293;0,020833333333333333333
2147;8623;0,020833333333333333333
2147;9387;0,020833333333333333333
2147;9408;0,020833333333333333333
2147;9424;0,041666666666666666666
2147;9427;0,041666666666666666666
2147;9430;0,020833333333333333333
2147;9431;0,020833333333333333333
2147;9438;0,020833333333333333333
2147;12798;0,020833333333333333333
2164;1111;0,500000000000000000000
2164;5464;0,500000000000000000000
2175;72;0,142857142857142857142
2175;135;0,142857142857142857142
2175;4020;0,214285714285714285714
2175;4145;0,285714285714285714285
2175;6236;0,071428571428571428571
2175;65998;0,142857142857142857142
2179;2741;1,000000000000000000000
2180;763;0,333333333333333333333
2180;5679;0,666666666666666666666
2195;1321;0,333333333333333333333
2195;8071;0,666666666666666666666
2196;1694;1,000000000000000000000
2198;23;1,000000000000000000000
2199;2838;1,000000000000000000000
2200;4627;1,000000000000000000000
2204;3188;1,000000000000000000000
2210;3508;1,000000000000000000000
2215;2214;1,000000000000000000000
2216;5082;1,000000000000000000000
2223;1263;1,000000000000000000000
2227;8276;1,000000000000000000000
2239;1991;0,250000000000000000000
2239;2578;0,500000000000000000000
2239;4429;0,250000000000000000000
2246;425;0,500000000000000000000
2246;28747;0,500000000000000000000
2269;5042;1,000000000000000000000
2272;3296;0,700000000000000000000
2272;4364;0,200000000000000000000
2272;5158;0,100000000000000000000
2275;1771;0,333333333333333333333
2275;6918;0,166666666666666666666
2275;8205;0,333333333333333333333
2275;27062;0,166666666666666666666
2277;116140;1,000000000000000000000
2280;5640;1,000000000000000000000
2287;1041;0,333333333333333333333
2287;4058;0,222222222222222222222
2287;10298;0,111111111111111111111
2287;12430;0,111111111111111111111
2287;28538;0,111111111111111111111
2287;48255;0,111111111111111111111
2310;485;1,000000000000000000000
2330;9419;1,000000000000000000000
2350;189;0,076923076923076923076
2350;288;0,076923076923076923076
2350;523;0,076923076923076923076
2350;568;0,076923076923076923076
2350;891;0,076923076923076923076
2350;1082;0,076923076923076923076
2350;1293;0,076923076923076923076
2350;1581;0,076923076923076923076
2350;2337;0,076923076923076923076
2350;2484;0,076923076923076923076
2350;3551;0,076923076923076923076
2350;7648;0,076923076923076923076
2350;9376;0,076923076923076923076
2355;3098;0,555555555555555555555
2355;3123;0,111111111111111111111
2355;3141;0,333333333333333333333
2359;27763;1,000000000000000000000
2364;417;0,200000000000000000000
2364;3395;0,200000000000000000000
2364;3664;0,200000000000000000000
2364;4989;0,200000000000000000000
2364;5679;0,200000000000000000000
2379;1965;0,117647058823529411764
2379;3234;0,823529411764705882352
2379;3500;0,058823529411764705882
2380;648;1,000000000000000000000
2383;266;1,000000000000000000000
2427;104;1,000000000000000000000
2433;517;1,000000000000000000000
2434;621;1,000000000000000000000
2438;5506;0,250000000000000000000
2438;5915;0,500000000000000000000
2438;8348;0,250000000000000000000
2445;318;0,333333333333333333333
2445;2099;0,333333333333333333333
2445;3802;0,333333333333333333333
2461;4881;1,000000000000000000000
2464;2291;0,250000000000000000000
2464;2741;0,500000000000000000000
2464;4722;0,250000000000000000000
2474;248;0,400000000000000000000
2474;2523;0,200000000000000000000
2474;2716;0,400000000000000000000
2479;1321;0,200000000000000000000
2479;4852;0,800000000000000000000
2484;3551;0,500000000000000000000
2484;10084;0,500000000000000000000
2489;978;1,000000000000000000000
2500;7135;1,000000000000000000000
2503;6465;1,000000000000000000000
2504;2146;0,200000000000000000000
2504;8143;0,400000000000000000000
2504;13265;0,200000000000000000000
2504;251584;0,200000000000000000000
2523;248;0,250000000000000000000
2523;2474;0,500000000000000000000
2523;2716;0,250000000000000000000
2543;1169;0,250000000000000000000
2543;1282;0,250000000000000000000
2543;2713;0,500000000000000000000
2547;632;1,000000000000000000000
2578;2239;0,666666666666666666666
2578;8623;0,333333333333333333333
2592;3362;1,000000000000000000000
2639;39;1,000000000000000000000
2644;960;1,000000000000000000000
2647;484;1,000000000000000000000
2655;4376;1,000000000000000000000
2659;1225;0,400000000000000000000
2659;6320;0,200000000000000000000
2659;21592;0,400000000000000000000
2661;678;0,350000000000000000000
2661;737;0,050000000000000000000
2661;768;0,150000000000000000000
2661;1889;0,200000000000000000000
2661;3873;0,050000000000000000000
2661;4355;0,050000000000000000000
2661;7160;0,150000000000000000000
2678;3618;0,500000000000000000000
2678;7859;0,500000000000000000000
2679;2438;1,000000000000000000000
2684;135;0,083333333333333333333
2684;763;0,041666666666666666666
2684;992;0,291666666666666666666
2684;1235;0,083333333333333333333
2684;1236;0,041666666666666666666
2684;1278;0,041666666666666666666
2684;1815;0,083333333333333333333
2684;1931;0,083333333333333333333
2684;2111;0,125000000000000000000
2684;10188;0,041666666666666666666
2684;21154;0,041666666666666666666
2684;115105;0,041666666666666666666
2706;279;0,250000000000000000000
2706;1271;0,750000000000000000000
2713;267;0,400000000000000000000
2713;1889;0,200000000000000000000
2713;2543;0,200000000000000000000
2713;4592;0,200000000000000000000
2714;1142;0,500000000000000000000
2714;1591;0,500000000000000000000
2716;2523;1,000000000000000000000
2734;747;1,000000000000000000000
2741;254;0,333333333333333333333
2741;2464;0,333333333333333333333
2741;2796;0,333333333333333333333
2756;85;1,000000000000000000000
2779;9026;1,000000000000000000000
2786;965;0,250000000000000000000
2786;1681;0,250000000000000000000
2786;2147;0,125000000000000000000
2786;7546;0,250000000000000000000
2786;13795;0,125000000000000000000
2796;210;0,333333333333333333333
2796;4553;0,333333333333333333333
2796;8489;0,333333333333333333333
2803;16;0,011722272317403065825
2803;57;0,011722272317403065825
2803;71;0,011722272317403065825
2803;82;0,011722272317403065825
2803;89;0,011722272317403065825
2803;129;0,011722272317403065825
2803;234;0,011722272317403065825
2803;309;0,011722272317403065825
2803;369;0,012623985572587917042
2803;644;0,012623985572587917042
2803;645;0,011722272317403065825
2803;827;0,011722272317403065825
2803;835;0,011722272317403065825
2803;890;0,012623985572587917042
2803;1022;0,011722272317403065825
2803;1040;0,011722272317403065825
2803;1143;0,011722272317403065825
2803;1152;0,011722272317403065825
2803;1231;0,011722272317403065825
2803;1276;0,011722272317403065825
2803;1612;0,011722272317403065825
2803;1657;0,011722272317403065825
2803;1948;0,011722272317403065825
2803;2109;0,013525698827772768259
2803;2355;0,011722272317403065825
2803;2414;0,011722272317403065825
2803;2479;0,011722272317403065825
2803;2487;0,011722272317403065825
2803;2736;0,011722272317403065825
2803;2739;0,011722272317403065825
2803;2802;0,011722272317403065825
2803;3098;0,012623985572587917042
2803;3123;0,011722272317403065825
2803;3128;0,011722272317403065825
2803;3141;0,011722272317403065825
2803;3145;0,011722272317403065825
2803;3234;0,000901713255184851217
2803;3237;0,011722272317403065825
2803;3399;0,011722272317403065825
2803;3574;0,011722272317403065825
2803;3852;0,011722272317403065825
2803;3953;0,011722272317403065825
2803;3967;0,011722272317403065825
2803;3996;0,011722272317403065825
2803;4024;0,011722272317403065825
2803;4159;0,011722272317403065825
2803;4160;0,011722272317403065825
2803;4306;0,011722272317403065825
2803;4501;0,011722272317403065825
2803;4695;0,011722272317403065825
2803;4852;0,020739404869251577998
2803;4853;0,011722272317403065825
2803;5136;0,011722272317403065825
2803;5306;0,011722272317403065825
2803;5338;0,011722272317403065825
2803;5607;0,011722272317403065825
2803;6045;0,011722272317403065825
2803;6495;0,011722272317403065825
2803;6496;0,011722272317403065825
2803;6497;0,011722272317403065825
2803;6498;0,011722272317403065825
2803;6499;0,011722272317403065825
2803;6501;0,011722272317403065825
2803;6502;0,011722272317403065825
2803;6503;0,011722272317403065825
2803;6504;0,011722272317403065825
2803;6505;0,011722272317403065825
2803;6506;0,011722272317403065825
2803;6509;0,011722272317403065825
2803;6511;0,011722272317403065825
2803;6512;0,011722272317403065825
2803;6513;0,011722272317403065825
2803;6514;0,011722272317403065825
2803;6515;0,011722272317403065825
2803;6517;0,011722272317403065825
2803;6518;0,011722272317403065825
2803;6520;0,011722272317403065825
2803;6522;0,011722272317403065825
2803;6523;0,011722272317403065825
2803;6524;0,011722272317403065825
2803;6527;0,011722272317403065825
2803;7686;0,011722272317403065825
2803;8238;0,011722272317403065825
2803;88154;0,011722272317403065825
2803;140271;0,011722272317403065825
2822;1127;0,500000000000000000000
2822;12563;0,500000000000000000000
2823;3141;0,500000000000000000000
2823;3142;0,500000000000000000000
2825;194;1,000000000000000000000
2826;2825;1,000000000000000000000
2834;845;0,285714285714285714285
2834;846;0,285714285714285714285
2834;1681;0,428571428571428571428
2850;1210;0,200000000000000000000
2850;1585;0,200000000000000000000
2850;3235;0,200000000000000000000
2850;3911;0,400000000000000000000
2882;5395;1,000000000000000000000
2884;3891;1,000000000000000000000
2887;1606;1,000000000000000000000
2897;1092;1,000000000000000000000
2921;12387;0,666666666666666666666
2921;17269;0,333333333333333333333
2935;733;0,500000000000000000000
2935;2948;0,500000000000000000000
2948;2364;1,000000000000000000000
2972;72;1,000000000000000000000
2990;285;1,000000000000000000000
2991;708;0,400000000000000000000
2991;1310;0,200000000000000000000
2991;1868;0,200000000000000000000
2991;4020;0,200000000000000000000
3007;600;1,000000000000000000000
3017;526;1,000000000000000000000
3022;1999;1,000000000000000000000
3049;415;0,333333333333333333333
3049;1727;0,333333333333333333333
3049;8957;0,333333333333333333333
3085;2147;0,500000000000000000000
3085;5691;0,500000000000000000000
3098;3123;1,000000000000000000000
3105;657;1,000000000000000000000
3123;846;0,200000000000000000000
3123;1152;0,400000000000000000000
3123;5136;0,400000000000000000000
3141;644;0,076923076923076923076
3141;1231;0,230769230769230769230
3141;1657;0,038461538461538461538
3141;2355;0,076923076923076923076
3141;2736;0,076923076923076923076
3141;2823;0,384615384615384615384
3141;3123;0,038461538461538461538
3141;6517;0,038461538461538461538
3141;16786;0,038461538461538461538
3142;2823;1,000000000000000000000
3145;2736;1,000000000000000000000
3161;6007;1,000000000000000000000
3169;35;0,285714285714285714285
3169;4991;0,571428571428571428571
3169;7080;0,142857142857142857142
3176;1340;0,333333333333333333333
3176;2467;0,333333333333333333333
3176;119973;0,333333333333333333333
3188;2204;1,000000000000000000000
3212;609;0,250000000000000000000
3212;4374;0,500000000000000000000
3212;7521;0,250000000000000000000
3214;18577;1,000000000000000000000
3222;1092;1,000000000000000000000
3230;132;0,500000000000000000000
3230;550;0,500000000000000000000
3237;285;1,000000000000000000000
3241;4906;1,000000000000000000000
3250;4089;1,000000000000000000000
3251;59;0,142857142857142857142
3251;228;0,285714285714285714285
3251;10892;0,285714285714285714285
3251;14323;0,285714285714285714285
3256;567;0,111111111111111111111
3256;846;0,111111111111111111111
3256;13261;0,333333333333333333333
3256;27852;0,333333333333333333333
3256;59841;0,111111111111111111111
3268;2147;0,500000000000000000000
3268;2826;0,500000000000000000000
3292;180;1,000000000000000000000
3296;192;0,166666666666666666666
3296;2272;0,833333333333333333333
3301;1910;0,400000000000000000000
3301;6986;0,200000000000000000000
3301;12176;0,400000000000000000000
3325;3716;1,000000000000000000000
3340;5679;1,000000000000000000000
3342;1284;0,500000000000000000000
3342;3340;0,500000000000000000000
3344;2731;1,000000000000000000000
3356;524;0,200000000000000000000
3356;526;0,200000000000000000000
3356;866;0,200000000000000000000
3356;7939;0,200000000000000000000
3356;26746;0,200000000000000000000
3359;1321;0,200000000000000000000
3359;1708;0,100000000000000000000
3359;2991;0,100000000000000000000
3359;5753;0,100000000000000000000
3359;6413;0,100000000000000000000
3359;9742;0,100000000000000000000
3359;17521;0,100000000000000000000
3359;140271;0,200000000000000000000
3362;1340;0,500000000000000000000
3362;2592;0,500000000000000000000
3383;196;0,500000000000000000000
3383;4787;0,500000000000000000000
3390;1180;1,000000000000000000000
3393;2330;1,000000000000000000000
3395;72;0,166666666666666666666
3395;830;0,166666666666666666666
3395;982;0,166666666666666666666
3395;1941;0,166666666666666666666
3395;116140;0,333333333333333333333
3403;9385;1,000000000000000000000
3411;4424;1,000000000000000000000
3414;2050;0,125000000000000000000
3414;4262;0,875000000000000000000
3418;4697;1,000000000000000000000
3427;174;0,250000000000000000000
3427;1064;0,083333333333333333333
3427;1563;0,083333333333333333333
3427;8213;0,250000000000000000000
3427;114536;0,333333333333333333333
3429;2655;1,000000000000000000000
3443;80;0,214285714285714285714
3443;224;0,071428571428571428571
3443;502;0,428571428571428571428
3443;1131;0,071428571428571428571
3443;3515;0,142857142857142857142
3443;3625;0,071428571428571428571
3446;415;1,000000000000000000000
3477;1466;1,000000000000000000000
3513;2140;1,000000000000000000000
3515;502;0,473684210526315789473
3515;718;0,052631578947368421052
3515;933;0,157894736842105263157
3515;1248;0,052631578947368421052
3515;1361;0,105263157894736842105
3515;3443;0,157894736842105263157
3518;37;0,166666666666666666666
3518;411;0,166666666666666666666
3518;609;0,166666666666666666666
3518;920;0,166666666666666666666
3518;1637;0,333333333333333333333
3523;71;0,333333333333333333333
3523;529;0,166666666666666666666
3523;695;0,166666666666666666666
3523;3235;0,166666666666666666666
3523;78108;0,166666666666666666666
3587;1938;1,000000000000000000000
3601;4777;1,000000000000000000000
3610;73857;1,000000000000000000000
3618;1951;1,000000000000000000000
3625;80;0,250000000000000000000
3625;502;0,250000000000000000000
3625;3443;0,500000000000000000000
3633;860;0,333333333333333333333
3633;13253;0,666666666666666666666
3665;362;0,071428571428571428571
3665;1650;0,142857142857142857142
3665;2652;0,071428571428571428571
3665;3588;0,071428571428571428571
3665;4497;0,071428571428571428571
3665;5484;0,142857142857142857142
3665;5886;0,071428571428571428571
3665;5935;0,071428571428571428571
3665;7739;0,071428571428571428571
3665;8464;0,071428571428571428571
3665;8466;0,071428571428571428571
3665;256951;0,071428571428571428571
3667;7;1,000000000000000000000
3678;3840;1,000000000000000000000
3680;77;0,666666666666666666666
3680;194;0,333333333333333333333
3685;5627;0,333333333333333333333
3685;8267;0,333333333333333333333
3685;8306;0,333333333333333333333
3703;3704;0,500000000000000000000
3703;4197;0,500000000000000000000
3736;2064;1,000000000000000000000
3738;475;1,000000000000000000000
3753;249;0,333333333333333333333
3753;5578;0,333333333333333333333
3753;13253;0,333333333333333333333
3781;3736;1,000000000000000000000
3791;1600;1,000000000000000000000
3802;1939;0,333333333333333333333
3802;2099;0,333333333333333333333
3802;2445;0,333333333333333333333
3811;527;0,333333333333333333333
3811;4307;0,333333333333333333333
3811;4345;0,333333333333333333333
3827;1556;0,666666666666666666666
3827;4892;0,333333333333333333333
3829;1085;0,333333333333333333333
3829;4476;0,333333333333333333333
3829;37815;0,333333333333333333333
3838;351;1,000000000000000000000
3842;5010;0,333333333333333333333
3842;5037;0,666666666666666666666
3871;6962;1,000000000000000000000
3872;1142;1,000000000000000000000
3876;1118;0,125000000000000000000
3876;1946;0,125000000000000000000
3876;5092;0,625000000000000000000
3876;59745;0,125000000000000000000
3877;39;0,095238095238095238095
3877;266;0,047619047619047619047
3877;488;0,047619047619047619047
3877;522;0,047619047619047619047
3877;567;0,047619047619047619047
3877;585;0,047619047619047619047
3877;738;0,047619047619047619047
3877;964;0,047619047619047619047
3877;988;0,047619047619047619047
3877;1092;0,047619047619047619047
3877;1253;0,047619047619047619047
3877;1949;0,047619047619047619047
3877;3208;0,047619047619047619047
3877;3260;0,047619047619047619047
3877;3548;0,047619047619047619047
3877;9722;0,047619047619047619047
3877;9730;0,047619047619047619047
3877;13907;0,047619047619047619047
3877;131383;0,095238095238095238095
3891;1596;1,000000000000000000000
3911;1719;0,500000000000000000000
3911;24838;0,500000000000000000000
3916;1497;0,333333333333333333333
3916;7260;0,333333333333333333333
3916;8859;0,333333333333333333333
3978;3618;0,750000000000000000000
3978;10860;0,250000000000000000000
3985;829;0,500000000000000000000
3985;1991;0,500000000000000000000
3996;6962;0,500000000000000000000
3996;48255;0,500000000000000000000
4004;855;0,400000000000000000000
4004;1307;0,400000000000000000000
4004;2547;0,200000000000000000000
4020;281;0,125000000000000000000
4020;1277;0,250000000000000000000
4020;2731;0,125000000000000000000
4020;2991;0,125000000000000000000
4020;5679;0,125000000000000000000
4020;59841;0,125000000000000000000
4020;131383;0,125000000000000000000
4024;71;0,500000000000000000000
4024;2109;0,500000000000000000000
4058;2287;0,200000000000000000000
4058;12430;0,200000000000000000000
4058;28027;0,200000000000000000000
4058;28538;0,200000000000000000000
4058;48255;0,200000000000000000000
4080;283;1,000000000000000000000
4086;22;0,250000000000000000000
4086;2052;0,250000000000000000000
4086;9421;0,500000000000000000000
4089;1609;1,000000000000000000000
4099;1498;1,000000000000000000000
4145;7095;1,000000000000000000000
4148;11902;1,000000000000000000000
4159;2736;1,000000000000000000000
4173;1174;1,000000000000000000000
4179;253;1,000000000000000000000
4187;455;0,500000000000000000000
4187;1499;0,250000000000000000000
4187;3872;0,250000000000000000000
4217;488;1,000000000000000000000
4228;1845;0,500000000000000000000
4228;6048;0,500000000000000000000
4244;132;1,000000000000000000000
4247;854;1,000000000000000000000
4262;3414;1,000000000000000000000
4278;538;0,333333333333333333333
4278;1340;0,333333333333333333333
4278;1850;0,333333333333333333333
4281;5097;0,333333333333333333333
4281;5679;0,666666666666666666666
4286;502;1,000000000000000000000
4306;4160;1,000000000000000000000
4317;5679;1,000000000000000000000
4334;1397;1,000000000000000000000
4345;527;0,400000000000000000000
4345;3811;0,200000000000000000000
4345;6349;0,200000000000000000000
4345;17248;0,200000000000000000000
4355;3235;0,500000000000000000000
4355;23930;0,500000000000000000000
4376;2655;0,333333333333333333333
4376;7713;0,333333333333333333333
4376;28598;0,333333333333333333333
4430;404;1,000000000000000000000
4440;839;0,500000000000000000000
4440;845;0,500000000000000000000
4458;469;0,333333333333333333333
4458;4299;0,333333333333333333333
4458;4677;0,333333333333333333333
4471;3535;0,333333333333333333333
4471;8928;0,333333333333333333333
4471;14899;0,333333333333333333333
4483;24;0,500000000000000000000
4483;2578;0,500000000000000000000
4486;1501;1,000000000000000000000
4498;5536;1,000000000000000000000
4510;1316;0,500000000000000000000
4510;12817;0,500000000000000000000
4512;71;0,166666666666666666666
4512;100;0,166666666666666666666
4512;854;0,166666666666666666666
4512;1169;0,166666666666666666666
4512;2140;0,333333333333333333333
4518;1064;1,000000000000000000000
4526;6634;1,000000000000000000000
4530;28930;1,000000000000000000000
4533;28738;1,000000000000000000000
4552;41;0,500000000000000000000
4552;1261;0,500000000000000000000
4553;2796;1,000000000000000000000
4586;4587;1,000000000000000000000
4592;11;0,200000000000000000000
4592;250;0,200000000000000000000
4592;1499;0,200000000000000000000
4592;2594;0,200000000000000000000
4592;2713;0,200000000000000000000
4598;1639;1,000000000000000000000
4613;250;0,200000000000000000000
4613;1754;0,600000000000000000000
4613;3429;0,200000000000000000000
4622;613;1,000000000000000000000
4627;2200;1,000000000000000000000
4681;955;0,500000000000000000000
4681;956;0,500000000000000000000
4697;3418;1,000000000000000000000
4719;2512;0,500000000000000000000
4719;59841;0,500000000000000000000
4722;59745;1,000000000000000000000
4772;839;1,000000000000000000000
4777;1171;0,250000000000000000000
4777;4398;0,250000000000000000000
4777;4787;0,250000000000000000000
4777;6609;0,250000000000000000000
4821;1231;0,500000000000000000000
4821;3905;0,500000000000000000000
4852;2479;1,000000000000000000000
4874;244;1,000000000000000000000
4901;2280;1,000000000000000000000
4918;9513;1,000000000000000000000
5071;332;0,875000000000000000000
5071;527;0,125000000000000000000
5092;3876;1,000000000000000000000
5097;4281;0,666666666666666666666
5097;5892;0,333333333333333333333
5107;2098;0,333333333333333333333
5107;2246;0,333333333333333333333
5107;2822;0,333333333333333333333
5149;657;0,187500000000000000000
5149;846;0,062500000000000000000
5149;945;0,062500000000000000000
5149;1344;0,187500000000000000000
5149;1759;0,187500000000000000000
5149;3105;0,187500000000000000000
5149;7111;0,062500000000000000000
5149;28970;0,062500000000000000000
5168;1137;1,000000000000000000000
5232;5011;1,000000000000000000000
5239;83;0,333333333333333333333
5239;1504;0,166666666666666666666
5239;1862;0,333333333333333333333
5239;6635;0,166666666666666666666
5289;1274;0,500000000000000000000
5289;1868;0,500000000000000000000
5329;1206;0,333333333333333333333
5329;5528;0,666666666666666666666
5367;3085;0,500000000000000000000
5367;5622;0,500000000000000000000
5383;3503;0,500000000000000000000
5383;7142;0,500000000000000000000
5395;1265;0,666666666666666666666
5395;2326;0,333333333333333333333
5437;2385;1,000000000000000000000
5440;1596;0,500000000000000000000
5440;3827;0,500000000000000000000
5464;856;0,166666666666666666666
5464;1713;0,083333333333333333333
5464;2304;0,083333333333333333333
5464;2396;0,083333333333333333333
5464;4293;0,166666666666666666666
5464;4396;0,083333333333333333333
5464;4719;0,083333333333333333333
5464;8106;0,083333333333333333333
5464;14978;0,166666666666666666666
5469;2147;1,000000000000000000000
5506;2438;0,333333333333333333333
5506;5915;0,666666666666666666666
5528;5329;1,000000000000000000000
5530;911;0,500000000000000000000
5530;9396;0,500000000000000000000
5536;4498;1,000000000000000000000
5564;192;0,181818181818181818181
5564;1109;0,181818181818181818181
5564;2046;0,090909090909090909090
5564;3271;0,090909090909090909090
5564;3296;0,090909090909090909090
5564;3591;0,090909090909090909090
5564;5762;0,181818181818181818181
5564;10946;0,090909090909090909090
5591;1762;0,500000000000000000000
5591;5239;0,500000000000000000000
5613;1855;0,400000000000000000000
5613;2199;0,200000000000000000000
5613;2851;0,200000000000000000000
5613;5679;0,200000000000000000000
5616;978;0,500000000000000000000
5616;5679;0,500000000000000000000
5617;1221;0,500000000000000000000
5617;5679;0,500000000000000000000
5621;5679;1,000000000000000000000
5651;2491;1,000000000000000000000
5666;749;0,750000000000000000000
5666;8465;0,250000000000000000000
5681;45;1,000000000000000000000
5751;85;1,000000000000000000000
5753;1321;0,333333333333333333333
5753;1698;0,333333333333333333333
5753;2008;0,333333333333333333333
5827;5042;1,000000000000000000000
5831;1324;1,000000000000000000000
5852;1822;0,666666666666666666666
5852;66075;0,333333333333333333333
5856;1949;0,500000000000000000000
5856;12798;0,500000000000000000000
5886;6169;1,000000000000000000000
5892;5097;1,000000000000000000000
5915;246;0,021052631578947368421
5915;271;0,021052631578947368421
5915;294;0,021052631578947368421
5915;545;0,021052631578947368421
5915;1497;0,021052631578947368421
5915;1824;0,021052631578947368421
5915;2322;0,021052631578947368421
5915;2337;0,021052631578947368421
5915;2343;0,021052631578947368421
5915;2438;0,031578947368421052631
5915;2678;0,021052631578947368421
5915;2679;0,010526315789473684210
5915;3071;0,010526315789473684210
5915;3304;0,021052631578947368421
5915;3360;0,021052631578947368421
5915;3618;0,021052631578947368421
5915;3731;0,021052631578947368421
5915;3844;0,021052631578947368421
5915;3916;0,021052631578947368421
5915;3978;0,010526315789473684210
5915;4657;0,021052631578947368421
5915;4728;0,021052631578947368421
5915;4794;0,021052631578947368421
5915;5506;0,052631578947368421052
5915;6694;0,021052631578947368421
5915;7968;0,021052631578947368421
5915;8635;0,021052631578947368421
5915;9159;0,136842105263157894736
5915;9376;0,021052631578947368421
5915;9992;0,021052631578947368421
5915;10085;0,010526315789473684210
5915;10860;0,021052631578947368421
5915;11014;0,021052631578947368421
5915;11458;0,021052631578947368421
5915;14652;0,021052631578947368421
5915;15867;0,021052631578947368421
5915;17677;0,021052631578947368421
5915;17773;0,021052631578947368421
5915;23561;0,021052631578947368421
5915;23562;0,021052631578947368421
5915;23563;0,021052631578947368421
5915;23564;0,021052631578947368421
6007;1178;0,500000000000000000000
6007;3161;0,500000000000000000000
6144;1454;1,000000000000000000000
6169;1938;0,285714285714285714285
6169;2652;0,142857142857142857142
6169;4225;0,142857142857142857142
6169;5886;0,142857142857142857142
6169;6883;0,142857142857142857142
6169;8466;0,142857142857142857142
6262;4881;1,000000000000000000000
6267;997;1,000000000000000000000
6297;3905;1,000000000000000000000
6349;4345;0,500000000000000000000
6349;7571;0,500000000000000000000
6353;244;0,200000000000000000000
6353;6354;0,800000000000000000000
6465;2503;1,000000000000000000000
6468;115;1,000000000000000000000
6503;1445;0,250000000000000000000
6503;2736;0,500000000000000000000
6503;2739;0,250000000000000000000
6511;1231;1,000000000000000000000
6543;122;1,000000000000000000000
6567;13476;1,000000000000000000000
6581;960;1,000000000000000000000
6622;1902;1,000000000000000000000
6624;878;0,500000000000000000000
6624;12269;0,500000000000000000000
6634;4526;1,000000000000000000000
6635;5239;0,333333333333333333333
6635;5591;0,666666666666666666666
6723;13899;1,000000000000000000000
6788;306;0,750000000000000000000
6788;3548;0,250000000000000000000
6856;5613;1,000000000000000000000
6883;6169;1,000000000000000000000
6913;9208;1,000000000000000000000
6923;854;1,000000000000000000000
6929;240;1,000000000000000000000
6940;437;1,000000000000000000000
6962;39;0,006535947712418300653
6962;54;0,006535947712418300653
6962;65;0,013071895424836601307
6962;71;0,006535947712418300653
6962;85;0,006535947712418300653
6962;89;0,006535947712418300653
6962;101;0,006535947712418300653
6962;138;0,006535947712418300653
6962;155;0,006535947712418300653
6962;178;0,006535947712418300653
6962;190;0,006535947712418300653
6962;194;0,006535947712418300653
6962;240;0,019607843137254901960
6962;289;0,006535947712418300653
6962;452;0,006535947712418300653
6962;477;0,006535947712418300653
6962;529;0,006535947712418300653
6962;625;0,006535947712418300653
6962;652;0,006535947712418300653
6962;683;0,006535947712418300653
6962;722;0,006535947712418300653
6962;749;0,006535947712418300653
6962;768;0,006535947712418300653
6962;826;0,163398692810457516339
6962;912;0,006535947712418300653
6962;956;0,006535947712418300653
6962;992;0,013071895424836601307
6962;1014;0,006535947712418300653
6962;1042;0,006535947712418300653
6962;1109;0,006535947712418300653
6962;1150;0,006535947712418300653
6962;1173;0,006535947712418300653
6962;1234;0,006535947712418300653
6962;1243;0,006535947712418300653
6962;1459;0,006535947712418300653
6962;1514;0,006535947712418300653
6962;1591;0,006535947712418300653
6962;1724;0,006535947712418300653
6962;1729;0,006535947712418300653
6962;1814;0,006535947712418300653
6962;1925;0,006535947712418300653
6962;1941;0,006535947712418300653
6962;2017;0,006535947712418300653
6962;2052;0,006535947712418300653
6962;2064;0,006535947712418300653
6962;2254;0,006535947712418300653
6962;2287;0,006535947712418300653
6962;2355;0,006535947712418300653
6962;2414;0,006535947712418300653
6962;2420;0,006535947712418300653
6962;2421;0,006535947712418300653
6962;2422;0,006535947712418300653
6962;2425;0,006535947712418300653
6962;2434;0,006535947712418300653
6962;2474;0,006535947712418300653
6962;2487;0,006535947712418300653
6962;2523;0,006535947712418300653
6962;2554;0,006535947712418300653
6962;2713;0,006535947712418300653
6962;3214;0,006535947712418300653
6962;3392;0,006535947712418300653
6962;3532;0,006535947712418300653
6962;3563;0,006535947712418300653
6962;3586;0,006535947712418300653
6962;3607;0,006535947712418300653
6962;3678;0,006535947712418300653
6962;3871;0,013071895424836601307
6962;3996;0,013071895424836601307
6962;4222;0,006535947712418300653
6962;4247;0,006535947712418300653
6962;4274;0,006535947712418300653
6962;4334;0,006535947712418300653
6962;4349;0,006535947712418300653
6962;4533;0,013071895424836601307
6962;5001;0,006535947712418300653
6962;5011;0,006535947712418300653
6962;5083;0,006535947712418300653
6962;5167;0,006535947712418300653
6962;5338;0,006535947712418300653
6962;5851;0,006535947712418300653
6962;6213;0,006535947712418300653
6962;6419;0,006535947712418300653
6962;6501;0,006535947712418300653
6962;6567;0,006535947712418300653
6962;6765;0,006535947712418300653
6962;6856;0,006535947712418300653
6962;7116;0,006535947712418300653
6962;7160;0,006535947712418300653
6962;7941;0,006535947712418300653
6962;8056;0,006535947712418300653
6962;8460;0,006535947712418300653
6962;8590;0,006535947712418300653
6962;8648;0,006535947712418300653
6962;8666;0,006535947712418300653
6962;8671;0,006535947712418300653
6962;8698;0,006535947712418300653
6962;8827;0,006535947712418300653
6962;8865;0,006535947712418300653
6962;8957;0,006535947712418300653
6962;10298;0,006535947712418300653
6962;12428;0,006535947712418300653
6962;12430;0,006535947712418300653
6962;12698;0,006535947712418300653
6962;13239;0,006535947712418300653
6962;13584;0,006535947712418300653
6962;14907;0,013071895424836601307
6962;15586;0,013071895424836601307
6962;25205;0,006535947712418300653
6962;26705;0,006535947712418300653
6962;27067;0,006535947712418300653
6962;27170;0,006535947712418300653
6962;27708;0,006535947712418300653
6962;27937;0,006535947712418300653
6962;27950;0,006535947712418300653
6962;28027;0,006535947712418300653
6962;28112;0,006535947712418300653
6962;28834;0,006535947712418300653
6962;50959;0,006535947712418300653
6962;59745;0,013071895424836601307
6986;7478;1,000000000000000000000
7049;1583;1,000000000000000000000
7095;778;0,333333333333333333333
7095;8223;0,333333333333333333333
7095;9288;0,333333333333333333333
7111;5149;1,000000000000000000000
7116;279;0,555555555555555555555
7116;1271;0,444444444444444444444
7130;96;0,166666666666666666666
7130;420;0,125000000000000000000
7130;600;0,208333333333333333333
7130;845;0,041666666666666666666
7130;1316;0,125000000000000000000
7130;2098;0,083333333333333333333
7130;12432;0,125000000000000000000
7130;12816;0,125000000000000000000
7142;85;0,500000000000000000000
7142;3503;0,250000000000000000000
7142;5383;0,250000000000000000000
7240;1239;1,000000000000000000000
7521;3212;1,000000000000000000000
7543;152027;1,000000000000000000000
7571;4108;1,000000000000000000000
7585;2078;0,500000000000000000000
7585;5010;0,500000000000000000000
7605;993;1,000000000000000000000
7626;975;0,500000000000000000000
7626;1938;0,500000000000000000000
7686;140271;1,000000000000000000000
7711;3091;1,000000000000000000000
7767;2059;1,000000000000000000000
7774;4931;1,000000000000000000000
7859;2678;1,000000000000000000000
7975;419;0,200000000000000000000
7975;846;0,200000000000000000000
7975;12959;0,600000000000000000000
8003;2080;1,000000000000000000000
8090;3736;1,000000000000000000000
8143;2504;1,000000000000000000000
8237;414;0,500000000000000000000
8237;415;0,500000000000000000000
8267;660;1,000000000000000000000
8268;59841;1,000000000000000000000
8293;9412;1,000000000000000000000
8348;290;0,333333333333333333333
8348;1030;0,333333333333333333333
8348;2438;0,333333333333333333333
8366;1098;0,750000000000000000000
8366;1845;0,250000000000000000000
8373;65998;1,000000000000000000000
8437;4995;1,000000000000000000000
8442;1181;1,000000000000000000000
8453;194;1,000000000000000000000
8454;6006;1,000000000000000000000
8464;3665;1,000000000000000000000
8465;643;0,400000000000000000000
8465;1181;0,200000000000000000000
8465;1315;0,200000000000000000000
8465;5666;0,200000000000000000000
8466;479;0,333333333333333333333
8466;6169;0,333333333333333333333
8466;8473;0,333333333333333333333
8473;479;0,500000000000000000000
8473;8466;0,500000000000000000000
8489;2796;0,500000000000000000000
8489;4553;0,500000000000000000000
8516;2080;0,333333333333333333333
8516;75827;0,333333333333333333333
8516;76428;0,333333333333333333333
8590;46;0,100000000000000000000
8590;48;0,100000000000000000000
8590;1910;0,100000000000000000000
8590;2367;0,100000000000000000000
8590;3323;0,100000000000000000000
8590;3418;0,100000000000000000000
8590;8580;0,100000000000000000000
8590;8899;0,100000000000000000000
8590;8902;0,100000000000000000000
8590;9261;0,100000000000000000000
8623;1234;0,500000000000000000000
8623;2578;0,500000000000000000000
8633;526;0,333333333333333333333
8633;2385;0,333333333333333333333
8633;4748;0,333333333333333333333
8648;266;1,000000000000000000000
8762;12936;1,000000000000000000000
8827;1168;0,500000000000000000000
8827;8862;0,500000000000000000000
8837;8862;1,000000000000000000000
8894;3519;1,000000000000000000000
8928;4471;1,000000000000000000000
9019;428;1,000000000000000000000
9026;2779;1,000000000000000000000
9047;15643;1,000000000000000000000
9090;777;1,000000000000000000000
9098;3306;1,000000000000000000000
9159;5915;1,000000000000000000000
9184;4240;1,000000000000000000000
9208;815;0,333333333333333333333
9208;6913;0,666666666666666666666
9338;3508;1,000000000000000000000
9367;295;0,500000000000000000000
9367;1100;0,500000000000000000000
9381;8090;1,000000000000000000000
9385;3403;1,000000000000000000000
9391;206;1,000000000000000000000
9393;12269;1,000000000000000000000
9396;526;0,333333333333333333333
9396;5530;0,666666666666666666666
9409;1263;1,000000000000000000000
9416;190;1,000000000000000000000
9419;2330;1,000000000000000000000
9429;190;1,000000000000000000000
9482;4292;1,000000000000000000000
9513;1157;1,000000000000000000000
9615;8889;1,000000000000000000000
9660;7998;1,000000000000000000000
9686;1246;1,000000000000000000000
9722;138;0,076923076923076923076
9722;1227;0,923076923076923076923
9761;4424;1,000000000000000000000
9807;960;0,333333333333333333333
9807;2214;0,333333333333333333333
9807;4240;0,333333333333333333333
9832;1831;0,500000000000000000000
9832;24838;0,500000000000000000000
9898;1868;1,000000000000000000000
9940;964;1,000000000000000000000
9992;1951;1,000000000000000000000
9998;4094;1,000000000000000000000
10020;251;0,500000000000000000000
10020;1234;0,500000000000000000000
10084;573;1,000000000000000000000
10085;8276;1,000000000000000000000
10103;3359;1,000000000000000000000
10188;279;0,153846153846153846153
10188;763;0,153846153846153846153
10188;1235;0,230769230769230769230
10188;1271;0,153846153846153846153
10188;1815;0,076923076923076923076
10188;2111;0,153846153846153846153
10188;21154;0,076923076923076923076
10197;2716;1,000000000000000000000
10255;2543;1,000000000000000000000
10338;885;0,250000000000000000000
10338;1164;0,250000000000000000000
10338;1439;0,250000000000000000000
10338;1440;0,250000000000000000000
10633;3362;1,000000000000000000000
10649;90;0,666666666666666666666
10649;151009;0,333333333333333333333
10672;352;0,500000000000000000000
10672;4530;0,500000000000000000000
10860;2678;0,500000000000000000000
10860;3978;0,500000000000000000000
11249;27581;1,000000000000000000000
11330;435;1,000000000000000000000
11527;405;1,000000000000000000000
11734;608;0,500000000000000000000
11734;1434;0,500000000000000000000
11902;4148;1,000000000000000000000
12159;1092;1,000000000000000000000
12176;3301;1,000000000000000000000
12257;38;0,333333333333333333333
12257;1010;0,333333333333333333333
12257;2576;0,333333333333333333333
12269;339;0,333333333333333333333
12269;9393;0,666666666666666666666
12362;1600;1,000000000000000000000
12387;2921;1,000000000000000000000
12388;244;1,000000000000000000000
12430;2287;0,333333333333333333333
12430;4058;0,333333333333333333333
12430;7738;0,333333333333333333333
12432;7941;1,000000000000000000000
12534;1497;1,000000000000000000000
12563;671;1,000000000000000000000
12591;3411;1,000000000000000000000
12745;2235;1,000000000000000000000
12768;27464;1,000000000000000000000
12798;5856;1,000000000000000000000
12817;4510;1,000000000000000000000
12850;1137;0,200000000000000000000
12850;1447;0,200000000000000000000
12850;10341;0,400000000000000000000
12850;12563;0,200000000000000000000
12864;3393;1,000000000000000000000
12938;14151;0,500000000000000000000
12938;31885;0,500000000000000000000
12964;5700;1,000000000000000000000
13265;2998;1,000000000000000000000
13291;21750;1,000000000000000000000
13335;2481;0,333333333333333333333
13335;28092;0,666666666666666666666
13372;192;1,000000000000000000000
13476;6567;1,000000000000000000000
13482;28752;1,000000000000000000000
13502;59841;1,000000000000000000000
13795;2786;0,333333333333333333333
13795;3704;0,666666666666666666666
13796;3694;1,000000000000000000000
13799;602;0,250000000000000000000
13799;1079;0,250000000000000000000
13799;2588;0,500000000000000000000
13899;6723;1,000000000000000000000
14151;96;0,062500000000000000000
14151;923;0,062500000000000000000
14151;1526;0,062500000000000000000
14151;1831;0,062500000000000000000
14151;3223;0,062500000000000000000
14151;5042;0,187500000000000000000
14151;5827;0,187500000000000000000
14151;6986;0,062500000000000000000
14151;9832;0,062500000000000000000
14151;24839;0,062500000000000000000
14151;90666;0,125000000000000000000
14465;20235;1,000000000000000000000
15207;178;0,500000000000000000000
15207;1806;0,500000000000000000000
15302;2834;1,000000000000000000000
15471;275;0,250000000000000000000
15471;282;0,125000000000000000000
15471;731;0,375000000000000000000
15471;3161;0,125000000000000000000
15471;7560;0,125000000000000000000
15643;71;0,025641025641025641025
15643;131;0,102564102564102564102
15643;194;0,025641025641025641025
15643;276;0,051282051282051282051
15643;277;0,025641025641025641025
15643;354;0,051282051282051282051
15643;404;0,025641025641025641025
15643;443;0,051282051282051282051
15643;749;0,051282051282051282051
15643;1118;0,025641025641025641025
15643;1122;0,025641025641025641025
15643;1149;0,025641025641025641025
15643;1180;0,051282051282051282051
15643;1366;0,051282051282051282051
15643;1892;0,025641025641025641025
15643;2445;0,025641025641025641025
15643;2504;0,051282051282051282051
15643;3607;0,051282051282051282051
15643;3685;0,051282051282051282051
15643;4344;0,051282051282051282051
15643;5071;0,025641025641025641025
15643;7605;0,051282051282051282051
15643;9047;0,051282051282051282051
15643;59841;0,025641025641025641025
16659;1725;1,000000000000000000000
16786;3141;1,000000000000000000000
17047;1324;1,000000000000000000000
17248;527;0,250000000000000000000
17248;3256;0,500000000000000000000
17248;22123;0,250000000000000000000
17269;865;0,333333333333333333333
17269;904;0,333333333333333333333
17269;9660;0,333333333333333333333
17274;6930;1,000000000000000000000
17281;1762;1,000000000000000000000
17302;240;1,000000000000000000000
17554;609;1,000000000000000000000
18098;1850;1,000000000000000000000
18258;5437;1,000000000000000000000
18641;240;0,500000000000000000000
18641;131383;0,500000000000000000000
19198;1104;1,000000000000000000000
20235;14465;1,000000000000000000000
20307;9068;1,000000000000000000000
21154;763;0,181818181818181818181
21154;983;0,090909090909090909090
21154;1235;0,090909090909090909090
21154;1236;0,181818181818181818181
21154;1237;0,090909090909090909090
21154;1692;0,090909090909090909090
21154;2111;0,090909090909090909090
21154;10188;0,181818181818181818181
21268;35;1,000000000000000000000
21396;1608;0,333333333333333333333
21396;1700;0,666666666666666666666
21592;4874;1,000000000000000000000
21697;983;0,500000000000000000000
21697;1574;0,500000000000000000000
21750;27269;1,000000000000000000000
23720;1370;1,000000000000000000000
23730;5212;1,000000000000000000000
24259;16921;1,000000000000000000000
24839;749;0,200000000000000000000
24839;1162;0,600000000000000000000
24839;2352;0,200000000000000000000
25264;781;0,200000000000000000000
25264;25488;0,200000000000000000000
25264;28822;0,200000000000000000000
25264;30811;0,200000000000000000000
25264;37815;0,200000000000000000000
26566;600;0,250000000000000000000
26566;1983;0,750000000000000000000
27062;2275;1,000000000000000000000
27512;3116;0,333333333333333333333
27512;8933;0,666666666666666666666
27581;11249;1,000000000000000000000
27645;4587;1,000000000000000000000
27674;4777;1,000000000000000000000
27708;2826;1,000000000000000000000
27763;2359;0,250000000000000000000
27763;3394;0,500000000000000000000
27763;5632;0,250000000000000000000
27891;1121;1,000000000000000000000
28404;120;0,333333333333333333333
28404;390;0,111111111111111111111
28404;392;0,111111111111111111111
28404;1729;0,111111111111111111111
28404;3146;0,222222222222222222222
28404;21112;0,111111111111111111111
28421;4639;1,000000000000000000000
28598;9681;1,000000000000000000000
28858;2422;1,000000000000000000000
28930;352;0,016949152542372881355
28930;551;0,033898305084745762711
28930;1344;0,033898305084745762711
28930;1454;0,033898305084745762711
28930;1898;0,033898305084745762711
28930;2743;0,033898305084745762711
28930;2786;0,033898305084745762711
28930;3256;0,016949152542372881355
28930;3420;0,016949152542372881355
28930;3685;0,050847457627118644067
28930;4530;0,016949152542372881355
28930;5136;0,067796610169491525423
28930;7717;0,016949152542372881355
28930;7975;0,016949152542372881355
28930;8212;0,033898305084745762711
28930;12959;0,016949152542372881355
28930;15737;0,016949152542372881355
28930;23759;0,067796610169491525423
28930;24259;0,033898305084745762711
28930;152027;0,406779661016949152542
28970;5149;1,000000000000000000000
29066;865;1,000000000000000000000
29082;8590;1,000000000000000000000
29840;1967;1,000000000000000000000
30811;5534;0,500000000000000000000
30811;25264;0,500000000000000000000
31885;12938;1,000000000000000000000
34784;643;1,000000000000000000000
41776;276;0,500000000000000000000
41776;1118;0,500000000000000000000
50959;2080;1,000000000000000000000
51102;9967;1,000000000000000000000
54440;1891;0,500000000000000000000
54440;4041;0,333333333333333333333
54440;4150;0,166666666666666666666
54879;1027;1,000000000000000000000
55134;339;0,500000000000000000000
55134;1024;0,500000000000000000000
57838;90;0,250000000000000000000
57838;906;0,250000000000000000000
57838;151009;0,500000000000000000000
59745;71;0,064516129032258064516
59745;688;0,032258064516129032258
59745;689;0,032258064516129032258
59745;695;0,064516129032258064516
59745;854;0,064516129032258064516
59745;983;0,064516129032258064516
59745;1169;0,516129032258064516129
59745;3876;0,032258064516129032258
59745;4722;0,032258064516129032258
59745;59841;0,096774193548387096774
59841;71;0,026086956521739130434
59841;283;0,026086956521739130434
59841;296;0,026086956521739130434
59841;419;0,026086956521739130434
59841;602;0,043478260869565217391
59841;695;0,034782608695652173913
59841;845;0,017391304347826086956
59841;846;0,078260869565217391304
59841;853;0,008695652173913043478
59841;1065;0,026086956521739130434
59841;1066;0,017391304347826086956
59841;1142;0,026086956521739130434
59841;1169;0,017391304347826086956
59841;1563;0,026086956521739130434
59841;1657;0,026086956521739130434
59841;2083;0,026086956521739130434
59841;2512;0,008695652173913043478
59841;2697;0,043478260869565217391
59841;2731;0,026086956521739130434
59841;2863;0,026086956521739130434
59841;3123;0,026086956521739130434
59841;3256;0,043478260869565217391
59841;3427;0,026086956521739130434
59841;3683;0,026086956521739130434
59841;4719;0,052173913043478260869
59841;4874;0,026086956521739130434
59841;5149;0,026086956521739130434
59841;5789;0,026086956521739130434
59841;7975;0,026086956521739130434
59841;8268;0,026086956521739130434
59841;8715;0,026086956521739130434
59841;9721;0,026086956521739130434
59841;13502;0,026086956521739130434
59841;14481;0,026086956521739130434
59841;59745;0,034782608695652173913
65193;111;0,052631578947368421052
65193;452;0,263157894736842105263
65193;718;0,157894736842105263157
65193;719;0,105263157894736842105
65193;754;0,052631578947368421052
65193;933;0,263157894736842105263
65193;1647;0,105263157894736842105
65998;2175;0,666666666666666666666
65998;66075;0,333333333333333333333
66075;778;1,000000000000000000000
71411;747;1,000000000000000000000
73857;1841;1,000000000000000000000
75827;747;0,555555555555555555555
75827;8516;0,111111111111111111111
75827;76428;0,333333333333333333333
75828;748;0,200000000000000000000
75828;71411;0,400000000000000000000
75828;76428;0,400000000000000000000
76428;747;1,000000000000000000000
78108;275;0,250000000000000000000
78108;826;0,500000000000000000000
78108;983;0,250000000000000000000
82312;6986;1,000000000000000000000
84925;1316;0,166666666666666666666
84925;1724;0,166666666666666666666
84925;1967;0,166666666666666666666
84925;2009;0,166666666666666666666
84925;4020;0,166666666666666666666
84925;12816;0,166666666666666666666
90666;2080;1,000000000000000000000
95084;865;1,000000000000000000000
95328;84925;1,000000000000000000000
98068;1754;0,500000000000000000000
98068;2204;0,500000000000000000000
98841;1946;1,000000000000000000000
108876;1771;1,000000000000000000000
112062;452;0,083333333333333333333
112062;695;0,333333333333333333333
112062;826;0,583333333333333333333
113392;148;0,250000000000000000000
113392;846;0,250000000000000000000
113392;3685;0,250000000000000000000
113392;5627;0,250000000000000000000
114536;437;0,500000000000000000000
114536;934;0,250000000000000000000
114536;1563;0,250000000000000000000
115105;113;0,055555555555555555555
115105;763;0,166666666666666666666
115105;992;0,277777777777777777777
115105;1235;0,055555555555555555555
115105;1236;0,055555555555555555555
115105;1931;0,111111111111111111111
115105;2684;0,222222222222222222222
115105;10188;0,055555555555555555555
116140;72;0,500000000000000000000
116140;8253;0,500000000000000000000
116409;1831;1,000000000000000000000
119973;349;0,043478260869565217391
119973;351;0,043478260869565217391
119973;502;0,043478260869565217391
119973;538;0,043478260869565217391
119973;1340;0,043478260869565217391
119973;1765;0,043478260869565217391
119973;1894;0,043478260869565217391
119973;2494;0,043478260869565217391
119973;2569;0,043478260869565217391
119973;3176;0,043478260869565217391
119973;3197;0,043478260869565217391
119973;3408;0,043478260869565217391
119973;3465;0,043478260869565217391
119973;4145;0,043478260869565217391
119973;4278;0,043478260869565217391
119973;4786;0,043478260869565217391
119973;5591;0,043478260869565217391
119973;7072;0,043478260869565217391
119973;7802;0,043478260869565217391
119973;8223;0,043478260869565217391
119973;8396;0,043478260869565217391
119973;9288;0,043478260869565217391
119973;10435;0,043478260869565217391
131383;1681;0,250000000000000000000
131383;1724;0,500000000000000000000
131383;3877;0,250000000000000000000
136664;1025;0,100000000000000000000
136664;1129;0,300000000000000000000
136664;1130;0,300000000000000000000
136664;1637;0,100000000000000000000
136664;7577;0,100000000000000000000
136664;13769;0,100000000000000000000
140014;1168;1,000000000000000000000
140271;57;0,222222222222222222222
140271;71;0,111111111111111111111
140271;1152;0,111111111111111111111
140271;2498;0,111111111111111111111
140271;2736;0,111111111111111111111
140271;4853;0,222222222222222222222
140271;5679;0,111111111111111111111
151009;10649;0,800000000000000000000
151009;57838;0,200000000000000000000
159132;2204;1,000000000000000000000
163510;283;0,333333333333333333333
163510;2834;0,333333333333333333333
163510;4777;0,333333333333333333333
179346;657;0,250000000000000000000
179346;1344;0,750000000000000000000
184717;4534;1,000000000000000000000
192866;845;0,636363636363636363636
192866;846;0,090909090909090909090
192866;1437;0,181818181818181818181
192866;193005;0,090909090909090909090
193005;845;0,600000000000000000000
193005;846;0,200000000000000000000
193005;192866;0,200000000000000000000
239969;507;0,500000000000000000000
239969;2458;0,500000000000000000000
245879;1342;0,500000000000000000000
245879;2962;0,250000000000000000000
245879;24259;0,250000000000000000000
257273;135;1,000000000000000000000
267368;1455;0,500000000000000000000
267368;4890;0,500000000000000000000
276505;1263;1,000000000000000000000
