2;11863;1,000000000000000000000
39;612;0,500000000000000000000
39;738;0,500000000000000000000
48;4831;0,333333333333333333333
48;5464;0,666666666666666666666
54;658;0,166666666666666666666
54;1663;0,333333333333333333333
54;5457;0,166666666666666666666
54;7128;0,166666666666666666666
54;13720;0,166666666666666666666
71;194;0,181818181818181818181
71;360;0,181818181818181818181
71;628;0,090909090909090909090
71;695;0,272727272727272727272
71;15643;0,090909090909090909090
71;59841;0,090909090909090909090
71;366089;0,090909090909090909090
72;3395;1,000000000000000000000
80;502;0,500000000000000000000
80;531;0,500000000000000000000
96;261;0,071428571428571428571
96;615;0,214285714285714285714
96;1988;0,071428571428571428571
96;3219;0,142857142857142857142
96;3753;0,142857142857142857142
96;3857;0,142857142857142857142
96;323416;0,071428571428571428571
96;823709;0,142857142857142857142
100;71;0,500000000000000000000
100;283635;0,500000000000000000000
101;1042;0,200000000000000000000
101;2422;0,400000000000000000000
101;4080;0,200000000000000000000
101;10020;0,200000000000000000000
108;3318;0,333333333333333333333
108;5360;0,333333333333333333333
108;21697;0,333333333333333333333
115;490;0,086956521739130434782
115;1855;0,043478260869565217391
115;1949;0,043478260869565217391
115;4268;0,043478260869565217391
115;6468;0,217391304347826086956
115;8818;0,130434782608695652173
115;335189;0,217391304347826086956
115;343358;0,086956521739130434782
115;383630;0,086956521739130434782
115;484680;0,043478260869565217391
119;658;1,000000000000000000000
135;13;0,038461538461538461538
135;14;0,038461538461538461538
135;183;0,038461538461538461538
135;275;0,038461538461538461538
135;642;0,038461538461538461538
135;754;0,038461538461538461538
135;980;0,038461538461538461538
135;1092;0,076923076923076923076
135;1117;0,038461538461538461538
135;1141;0,076923076923076923076
135;1278;0,076923076923076923076
135;1316;0,038461538461538461538
135;1931;0,038461538461538461538
135;1939;0,076923076923076923076
135;1944;0,038461538461538461538
135;2111;0,038461538461538461538
135;2175;0,038461538461538461538
135;5679;0,076923076923076923076
135;7160;0,038461538461538461538
135;8539;0,076923076923076923076
138;65;0,200000000000000000000
138;194;0,200000000000000000000
138;4206;0,600000000000000000000
163;50;0,500000000000000000000
163;591752;0,500000000000000000000
166;1055;0,400000000000000000000
166;3773;0,200000000000000000000
166;5679;0,400000000000000000000
174;1610;0,333333333333333333333
174;2435;0,333333333333333333333
174;114536;0,333333333333333333333
183;135;0,166666666666666666666
183;1278;0,166666666666666666666
183;3219;0,416666666666666666666
183;3802;0,250000000000000000000
184;7574;0,500000000000000000000
184;381254;0,500000000000000000000
190;2043;1,000000000000000000000
194;71;0,285714285714285714285
194;138;0,142857142857142857142
194;1754;0,285714285714285714285
194;1762;0,142857142857142857142
194;59745;0,142857142857142857142
199;54;1,000000000000000000000
211;179;0,200000000000000000000
211;3015;0,400000000000000000000
211;4355;0,200000000000000000000
211;5089;0,200000000000000000000
219;2516;1,000000000000000000000
220;3564;1,000000000000000000000
232;27693;1,000000000000000000000
244;2498;0,333333333333333333333
244;2659;0,333333333333333333333
244;6353;0,333333333333333333333
249;283;0,222222222222222222222
249;472;0,111111111111111111111
249;1069;0,111111111111111111111
249;1988;0,111111111111111111111
249;2293;0,222222222222222222222
249;5628;0,111111111111111111111
249;813240;0,111111111111111111111
261;1364;1,000000000000000000000
266;471750;1,000000000000000000000
268;813240;1,000000000000000000000
276;135;0,500000000000000000000
276;695;0,500000000000000000000
279;3429;0,200000000000000000000
279;7116;0,800000000000000000000
283;4313;0,333333333333333333333
283;163510;0,333333333333333333333
283;813240;0,333333333333333333333
287;14;0,666666666666666666666
287;1829;0,166666666666666666666
287;2073;0,166666666666666666666
288;2371;0,500000000000000000000
288;393418;0,500000000000000000000
289;1763;0,666666666666666666666
289;2498;0,333333333333333333333
290;5679;1,000000000000000000000
292;846;0,333333333333333333333
292;2512;0,666666666666666666666
293;59841;1,000000000000000000000
295;297;0,333333333333333333333
295;5679;0,666666666666666666666
299;1094;1,000000000000000000000
302;669;1,000000000000000000000
306;1840;0,333333333333333333333
306;6788;0,666666666666666666666
310;8539;1,000000000000000000000
315;12388;0,500000000000000000000
315;28528;0,500000000000000000000
317;318;1,000000000000000000000
318;317;1,000000000000000000000
320;2310;0,928571428571428571428
320;2792;0,071428571428571428571
334;1963;1,000000000000000000000
341;742;1,000000000000000000000
347;3304;1,000000000000000000000
356;6903;1,000000000000000000000
380;5464;1,000000000000000000000
389;24769;1,000000000000000000000
396;1762;1,000000000000000000000
398;5536;0,666666666666666666666
398;606725;0,333333333333333333333
399;1723;0,500000000000000000000
399;7341;0,500000000000000000000
403;3178;1,000000000000000000000
407;458;0,333333333333333333333
407;904;0,333333333333333333333
407;5626;0,333333333333333333333
420;39;0,500000000000000000000
420;6960;0,500000000000000000000
428;470;0,500000000000000000000
428;7572;0,500000000000000000000
441;72;0,333333333333333333333
441;3203;0,333333333333333333333
441;5077;0,333333333333333333333
444;1574;1,000000000000000000000
455;2175;1,000000000000000000000
466;2054;0,500000000000000000000
466;311584;0,500000000000000000000
469;468;1,000000000000000000000
470;428;1,000000000000000000000
472;249;1,000000000000000000000
479;1169;0,142857142857142857142
479;8460;0,142857142857142857142
479;8473;0,714285714285714285714
484;2647;1,000000000000000000000
485;131;0,100000000000000000000
485;642;0,200000000000000000000
485;867;0,100000000000000000000
485;2817;0,300000000000000000000
485;12572;0,100000000000000000000
485;512469;0,200000000000000000000
492;526;0,500000000000000000000
492;2008;0,333333333333333333333
492;4697;0,166666666666666666666
498;5679;1,000000000000000000000
502;80;0,076923076923076923076
502;530;0,076923076923076923076
502;668;0,076923076923076923076
502;1248;0,076923076923076923076
502;3515;0,307692307692307692307
502;3625;0,076923076923076923076
502;321395;0,307692307692307692307
504;4892;0,333333333333333333333
504;8223;0,333333333333333333333
504;17272;0,333333333333333333333
518;353914;1,000000000000000000000
520;138;0,100000000000000000000
520;528;0,300000000000000000000
520;529;0,100000000000000000000
520;1182;0,100000000000000000000
520;1778;0,100000000000000000000
520;2306;0,100000000000000000000
520;4991;0,100000000000000000000
520;8442;0,100000000000000000000
521;520;0,125000000000000000000
521;528;0,250000000000000000000
521;3188;0,125000000000000000000
521;3680;0,125000000000000000000
521;7747;0,250000000000000000000
521;8156;0,125000000000000000000
526;492;1,000000000000000000000
527;613;1,000000000000000000000
529;71;0,200000000000000000000
529;520;0,200000000000000000000
529;528;0,400000000000000000000
529;1234;0,200000000000000000000
547;988;1,000000000000000000000
550;256804;0,333333333333333333333
550;765984;0,666666666666666666666
571;1600;1,000000000000000000000
573;2484;1,000000000000000000000
608;609;1,000000000000000000000
612;39;1,000000000000000000000
615;96;0,428571428571428571428
615;1526;0,142857142857142857142
615;3871;0,142857142857142857142
615;6535;0,142857142857142857142
615;1217937;0,142857142857142857142
621;911;0,250000000000000000000
621;2385;0,250000000000000000000
621;2434;0,250000000000000000000
621;5438;0,250000000000000000000
622;466;0,111111111111111111111
622;1066;0,222222222222222222222
622;2054;0,111111111111111111111
622;2147;0,444444444444444444444
622;4765;0,111111111111111111111
625;122;0,222222222222222222222
625;525;0,055555555555555555555
625;1154;0,055555555555555555555
625;2302;0,111111111111111111111
625;2741;0,222222222222222222222
625;3528;0,111111111111111111111
625;6203;0,055555555555555555555
625;7160;0,166666666666666666666
626;122;0,666666666666666666666
626;625;0,333333333333333333333
628;71;0,250000000000000000000
628;194;0,250000000000000000000
628;360;0,125000000000000000000
628;3523;0,250000000000000000000
628;1036379;0,125000000000000000000
645;2445;1,000000000000000000000
652;38738;1,000000000000000000000
657;2512;1,000000000000000000000
662;529;0,333333333333333333333
662;78108;0,666666666666666666666
668;80;0,034482758620689655172
668;502;0,068965517241379310344
668;530;0,172413793103448275862
668;531;0,051724137931034482758
668;876;0,086206896551724137931
668;933;0,120689655172413793103
668;1131;0,051724137931034482758
668;1248;0,051724137931034482758
668;3443;0,068965517241379310344
668;3515;0,034482758620689655172
668;3625;0,051724137931034482758
668;4173;0,051724137931034482758
668;321395;0,034482758620689655172
668;507180;0,103448275862068965517
668;665791;0,017241379310344827586
669;24;0,333333333333333333333
669;1036;0,166666666666666666666
669;1225;0,166666666666666666666
669;5175;0,333333333333333333333
670;59745;1,000000000000000000000
683;681;0,750000000000000000000
683;1829;0,250000000000000000000
689;1250;1,000000000000000000000
695;71;0,333333333333333333333
695;100;0,166666666666666666666
695;4512;0,166666666666666666666
695;906176;0,333333333333333333333
700;1110539;1,000000000000000000000
712;433;1,000000000000000000000
713;407;0,111111111111111111111
713;458;0,333333333333333333333
713;2551;0,111111111111111111111
713;5626;0,277777777777777777777
713;306994;0,111111111111111111111
713;589508;0,055555555555555555555
731;15471;1,000000000000000000000
744;845;0,666666666666666666666
744;846;0,333333333333333333333
748;71411;0,333333333333333333333
748;75827;0,666666666666666666666
749;5679;0,200000000000000000000
749;6189;0,500000000000000000000
749;9951;0,100000000000000000000
749;112062;0,100000000000000000000
749;398786;0,100000000000000000000
761;4225;0,500000000000000000000
761;248838;0,500000000000000000000
771;8928;1,000000000000000000000
781;693032;1,000000000000000000000
785;2125;1,000000000000000000000
787;285;0,666666666666666666666
787;1710;0,333333333333333333333
802;10020;1,000000000000000000000
817;3318;1,000000000000000000000
819;452;0,111111111111111111111
819;531;0,111111111111111111111
819;933;0,444444444444444444444
819;1130;0,111111111111111111111
819;1391;0,111111111111111111111
819;1647;0,111111111111111111111
822;768;0,500000000000000000000
822;8928;0,500000000000000000000
829;12;0,285714285714285714285
829;845;0,142857142857142857142
829;3395;0,142857142857142857142
829;4942;0,142857142857142857142
829;5142;0,142857142857142857142
829;8363;0,142857142857142857142
835;827;0,166666666666666666666
835;5136;0,333333333333333333333
835;5679;0,333333333333333333333
835;59841;0,166666666666666666666
837;1110539;1,000000000000000000000
839;1717;0,500000000000000000000
839;4206;0,500000000000000000000
844;3891;1,000000000000000000000
845;194;0,018518518518518518518
845;277;0,055555555555555555555
845;744;0,074074074074074074074
845;829;0,018518518518518518518
845;846;0,129629629629629629629
845;982;0,055555555555555555555
845;1041;0,111111111111111111111
845;1437;0,018518518518518518518
845;1724;0,166666666666666666666
845;2731;0,037037037037037037037
845;59841;0,037037037037037037037
845;131383;0,111111111111111111111
845;192866;0,018518518518518518518
845;193005;0,037037037037037037037
845;398787;0,074074074074074074074
845;623129;0,037037037037037037037
846;131;0,019230769230769230769
846;263;0,019230769230769230769
846;277;0,076923076923076923076
846;689;0,019230769230769230769
846;738;0,019230769230769230769
846;744;0,038461538461538461538
846;845;0,173076923076923076923
846;1065;0,038461538461538461538
846;1152;0,019230769230769230769
846;1263;0,019230769230769230769
846;1437;0,115384615384615384615
846;2396;0,019230769230769230769
846;2435;0,019230769230769230769
846;2731;0,019230769230769230769
846;2834;0,038461538461538461538
846;3683;0,038461538461538461538
846;4350;0,019230769230769230769
846;4777;0,019230769230769230769
846;5638;0,038461538461538461538
846;59841;0,019230769230769230769
846;192866;0,096153846153846153846
846;193005;0,019230769230769230769
846;533247;0,057692307692307692307
846;983252;0,038461538461538461538
860;1156;0,250000000000000000000
860;1570;0,250000000000000000000
860;1591;0,250000000000000000000
860;3045;0,250000000000000000000
861;1967;0,166666666666666666666
861;6723;0,500000000000000000000
861;10020;0,333333333333333333333
863;681;0,333333333333333333333
863;394755;0,333333333333333333333
863;459252;0,333333333333333333333
867;485;1,000000000000000000000
869;1140;0,500000000000000000000
869;1822;0,500000000000000000000
886;543;0,600000000000000000000
886;3015;0,400000000000000000000
904;407;1,000000000000000000000
925;1225;0,500000000000000000000
925;14841;0,500000000000000000000
930;393;0,250000000000000000000
930;395;0,250000000000000000000
930;409;0,250000000000000000000
930;418;0,250000000000000000000
933;819;1,000000000000000000000
937;8928;0,500000000000000000000
937;163510;0,500000000000000000000
945;5679;1,000000000000000000000
955;1751;1,000000000000000000000
966;1897;1,000000000000000000000
970;587053;1,000000000000000000000
977;866;0,111111111111111111111
977;1393;0,111111111111111111111
977;2832;0,222222222222222222222
977;3798;0,111111111111111111111
977;5691;0,222222222222222222222
977;9395;0,111111111111111111111
977;27790;0,111111111111111111111
980;2684;1,000000000000000000000
982;1080816;1,000000000000000000000
983;2293;0,500000000000000000000
983;3753;0,333333333333333333333
983;21697;0,166666666666666666666
995;115;0,142857142857142857142
995;641;0,142857142857142857142
995;748;0,142857142857142857142
995;761;0,142857142857142857142
995;3557;0,142857142857142857142
995;4374;0,142857142857142857142
995;7586;0,142857142857142857142
1010;1018;0,250000000000000000000
1010;3809;0,750000000000000000000
1024;1117;0,142857142857142857142
1024;12817;0,714285714285714285714
1024;24113;0,142857142857142857142
1041;845;0,210526315789473684210
1041;982;0,263157894736842105263
1041;1724;0,052631578947368421052
1041;2422;0,157894736842105263157
1041;16497;0,052631578947368421052
1041;623129;0,052631578947368421052
1041;767166;0,210526315789473684210
1046;1751;1,000000000000000000000
1058;859;0,500000000000000000000
1058;2204;0,500000000000000000000
1069;24;0,200000000000000000000
1069;249;0,133333333333333333333
1069;1169;0,066666666666666666666
1069;2961;0,466666666666666666666
1069;4627;0,066666666666666666666
1069;59745;0,066666666666666666666
1082;38;0,500000000000000000000
1082;13141;0,500000000000000000000
1085;2591;0,125000000000000000000
1085;3610;0,125000000000000000000
1085;8756;0,500000000000000000000
1085;9296;0,250000000000000000000
1100;863;1,000000000000000000000
1101;1632;1,000000000000000000000
1109;192;0,083333333333333333333
1109;841;0,083333333333333333333
1109;1122;0,083333333333333333333
1109;2017;0,083333333333333333333
1109;2059;0,083333333333333333333
1109;2212;0,083333333333333333333
1109;2223;0,083333333333333333333
1109;2492;0,083333333333333333333
1109;5469;0,166666666666666666666
1109;9391;0,083333333333333333333
1109;9402;0,083333333333333333333
1117;71;0,100000000000000000000
1117;1569;0,100000000000000000000
1117;2547;0,100000000000000000000
1117;2972;0,300000000000000000000
1117;12817;0,100000000000000000000
1117;474028;0,100000000000000000000
1117;704910;0,100000000000000000000
1117;1080816;0,100000000000000000000
1131;80;0,333333333333333333333
1131;668;0,333333333333333333333
1131;321395;0,333333333333333333333
1133;6250;1,000000000000000000000
1135;17269;1,000000000000000000000
1141;135;0,250000000000000000000
1141;237;0,125000000000000000000
1141;2293;0,250000000000000000000
1141;4881;0,125000000000000000000
1141;5628;0,125000000000000000000
1141;13253;0,125000000000000000000
1142;278351;1,000000000000000000000
1143;4024;1,000000000000000000000
1149;3234;0,666666666666666666666
1149;6535;0,333333333333333333333
1152;846;1,000000000000000000000
1153;1154;1,000000000000000000000
1154;2741;0,166666666666666666666
1154;4553;0,666666666666666666666
1154;4890;0,166666666666666666666
1160;1513;0,250000000000000000000
1160;1889;0,500000000000000000000
1160;398786;0,250000000000000000000
1169;71;0,055555555555555555555
1169;100;0,055555555555555555555
1169;138;0,055555555555555555555
1169;276;0,037037037037037037037
1169;479;0,018518518518518518518
1169;695;0,055555555555555555555
1169;1069;0,018518518518518518518
1169;1943;0,055555555555555555555
1169;1944;0,055555555555555555555
1169;1945;0,055555555555555555555
1169;1946;0,037037037037037037037
1169;4205;0,018518518518518518518
1169;4512;0,055555555555555555555
1169;9047;0,018518518518518518518
1169;13537;0,055555555555555555555
1169;59745;0,074074074074074074074
1169;59841;0,018518518518518518518
1169;98841;0,055555555555555555555
1169;131383;0,055555555555555555555
1169;408414;0,018518518518518518518
1169;1048958;0,018518518518518518518
1169;1173768;0,111111111111111111111
1196;3683;0,333333333333333333333
1196;8225;0,666666666666666666666
1205;36;0,014492753623188405797
1205;196;0,014492753623188405797
1205;218;0,014492753623188405797
1205;237;0,014492753623188405797
1205;254;0,014492753623188405797
1205;285;0,014492753623188405797
1205;407;0,014492753623188405797
1205;411;0,028985507246376811594
1205;435;0,014492753623188405797
1205;747;0,014492753623188405797
1205;748;0,028985507246376811594
1205;975;0,014492753623188405797
1205;1094;0,014492753623188405797
1205;1154;0,014492753623188405797
1205;1180;0,028985507246376811594
1205;1447;0,014492753623188405797
1205;1664;0,014492753623188405797
1205;1728;0,014492753623188405797
1205;1762;0,028985507246376811594
1205;1831;0,043478260869565217391
1205;2080;0,014492753623188405797
1205;2133;0,014492753623188405797
1205;2330;0,014492753623188405797
1205;2375;0,014492753623188405797
1205;2464;0,014492753623188405797
1205;2585;0,014492753623188405797
1205;2630;0,014492753623188405797
1205;2734;0,014492753623188405797
1205;3038;0,014492753623188405797
1205;3091;0,014492753623188405797
1205;3096;0,014492753623188405797
1205;3586;0,014492753623188405797
1205;3905;0,028985507246376811594
1205;4993;0,014492753623188405797
1205;5012;0,014492753623188405797
1205;5168;0,028985507246376811594
1205;5177;0,014492753623188405797
1205;5523;0,072463768115942028985
1205;6543;0,014492753623188405797
1205;7095;0,014492753623188405797
1205;7711;0,014492753623188405797
1205;8000;0,014492753623188405797
1205;8516;0,014492753623188405797
1205;9226;0,014492753623188405797
1205;11695;0,014492753623188405797
1205;12247;0,014492753623188405797
1205;22211;0,014492753623188405797
1205;31343;0,014492753623188405797
1205;38738;0,014492753623188405797
1205;45724;0,014492753623188405797
1205;71411;0,014492753623188405797
1205;75827;0,014492753623188405797
1205;75828;0,014492753623188405797
1205;76428;0,014492753623188405797
1205;81648;0,014492753623188405797
1205;99942;0,014492753623188405797
1205;173893;0,014492753623188405797
1206;119483;1,000000000000000000000
1225;669;1,000000000000000000000
1227;9722;1,000000000000000000000
1228;1457;0,250000000000000000000
1228;2131;0,250000000000000000000
1228;2318;0,250000000000000000000
1228;33843;0,250000000000000000000
1231;2736;0,133333333333333333333
1231;3141;0,666666666666666666666
1231;3394;0,100000000000000000000
1231;4159;0,066666666666666666666
1231;6234;0,033333333333333333333
1234;529;0,111111111111111111111
1234;628;0,111111111111111111111
1234;1277;0,666666666666666666666
1234;9402;0,111111111111111111111
1248;502;1,000000000000000000000
1250;689;0,500000000000000000000
1250;1107578;0,500000000000000000000
1253;1596;1,000000000000000000000
1254;1344;0,500000000000000000000
1254;3694;0,500000000000000000000
1261;41;0,181818181818181818181
1261;275;0,090909090909090909090
1261;642;0,272727272727272727272
1261;826;0,090909090909090909090
1261;1620;0,090909090909090909090
1261;1829;0,090909090909090909090
1261;4552;0,090909090909090909090
1261;8539;0,090909090909090909090
1271;3429;1,000000000000000000000
1277;980;0,214285714285714285714
1277;1234;0,357142857142857142857
1277;10188;0,428571428571428571428
1278;528;0,333333333333333333333
1278;1591;0,666666666666666666666
1282;8580;1,000000000000000000000
1286;970;1,000000000000000000000
1293;568;1,000000000000000000000
1301;1142847;1,000000000000000000000
1310;285;0,500000000000000000000
1310;398786;0,500000000000000000000
1321;1565;0,166666666666666666666
1321;2826;0,500000000000000000000
1321;4697;0,333333333333333333333
1326;1122;0,500000000000000000000
1326;1337;0,500000000000000000000
1327;3188;1,000000000000000000000
1328;65;1,000000000000000000000
1337;2152;1,000000000000000000000
1344;119;0,333333333333333333333
1344;1254;0,333333333333333333333
1344;372528;0,333333333333333333333
1364;261;1,000000000000000000000
1370;281;0,090909090909090909090
1370;452;0,454545454545454545454
1370;1116;0,181818181818181818181
1370;23720;0,090909090909090909090
1370;693032;0,090909090909090909090
1370;791903;0,090909090909090909090
1419;8623;1,000000000000000000000
1437;846;1,000000000000000000000
1439;5679;1,000000000000000000000
1451;9340;0,500000000000000000000
1451;27079;0,500000000000000000000
1458;1459;1,000000000000000000000
1479;8928;1,000000000000000000000
1503;4179;1,000000000000000000000
1513;1160;0,250000000000000000000
1513;1520;0,250000000000000000000
1513;6008;0,250000000000000000000
1513;13671;0,250000000000000000000
1516;3940;1,000000000000000000000
1526;615;0,500000000000000000000
1526;4020;0,250000000000000000000
1526;10020;0,250000000000000000000
1544;1848;1,000000000000000000000
1552;13599;1,000000000000000000000
1554;793;1,000000000000000000000
1556;1180;1,000000000000000000000
1565;2890;1,000000000000000000000
1567;1610;0,333333333333333333333
1567;2196;0,333333333333333333333
1567;23886;0,333333333333333333333
1581;1082;1,000000000000000000000
1591;281;0,050000000000000000000
1591;861;0,050000000000000000000
1591;1142;0,050000000000000000000
1591;1278;0,300000000000000000000
1591;1596;0,050000000000000000000
1591;2111;0,250000000000000000000
1591;3045;0,050000000000000000000
1591;3234;0,150000000000000000000
1591;10188;0,050000000000000000000
1596;1253;0,125000000000000000000
1596;1591;0,125000000000000000000
1596;3905;0,250000000000000000000
1596;4364;0,125000000000000000000
1596;8000;0,375000000000000000000
1608;1700;0,500000000000000000000
1608;21396;0,500000000000000000000
1610;174;0,333333333333333333333
1610;1567;0,333333333333333333333
1610;1694;0,333333333333333333333
1632;1445;0,500000000000000000000
1632;13360;0,500000000000000000000
1637;2712;0,500000000000000000000
1637;336640;0,500000000000000000000
1644;183;0,222222222222222222222
1644;1278;0,666666666666666666666
1644;1591;0,111111111111111111111
1650;3665;1,000000000000000000000
1663;54;0,400000000000000000000
1663;1943;0,600000000000000000000
1697;1321;0,142857142857142857142
1697;1402;0,142857142857142857142
1697;1708;0,142857142857142857142
1697;2506;0,142857142857142857142
1697;5753;0,142857142857142857142
1697;10093;0,142857142857142857142
1697;257158;0,142857142857142857142
1710;787;1,000000000000000000000
1723;399;0,333333333333333333333
1723;629364;0,666666666666666666666
1741;10020;1,000000000000000000000
1751;1046;1,000000000000000000000
1754;1276;0,142857142857142857142
1754;2503;0,142857142857142857142
1754;4613;0,142857142857142857142
1754;335189;0,142857142857142857142
1754;1128679;0,428571428571428571428
1762;5168;1,000000000000000000000
1763;289;0,250000000000000000000
1763;1629;0,250000000000000000000
1763;2196;0,250000000000000000000
1763;17426;0,250000000000000000000
1771;1042;0,500000000000000000000
1771;377520;0,500000000000000000000
1778;520;0,800000000000000000000
1778;7578;0,200000000000000000000
1785;4621;0,333333333333333333333
1785;10338;0,666666666666666666666
1831;9832;1,000000000000000000000
1833;3449;1,000000000000000000000
1839;5679;1,000000000000000000000
1843;855;1,000000000000000000000
1853;37814;1,000000000000000000000
1854;19402;1,000000000000000000000
1864;1210;1,000000000000000000000
1866;3033;1,000000000000000000000
1877;331627;0,666666666666666666666
1877;365532;0,333333333333333333333
1889;1160;0,666666666666666666666
1889;7160;0,333333333333333333333
1897;528;0,125000000000000000000
1897;964;0,125000000000000000000
1897;966;0,125000000000000000000
1897;1600;0,125000000000000000000
1897;3548;0,125000000000000000000
1897;4906;0,125000000000000000000
1897;6788;0,125000000000000000000
1897;6892;0,125000000000000000000
1902;5610;1,000000000000000000000
1913;8873;1,000000000000000000000
1917;3503;1,000000000000000000000
1940;359;0,250000000000000000000
1940;1036379;0,750000000000000000000
1942;5679;1,000000000000000000000
1945;360;1,000000000000000000000
1948;309;1,000000000000000000000
1949;115;0,333333333333333333333
1949;4268;0,333333333333333333333
1949;7920;0,333333333333333333333
1967;1608;0,090909090909090909090
1967;6723;0,363636363636363636363
1967;29081;0,181818181818181818181
1967;75230;0,363636363636363636363
1988;96;0,055555555555555555555
1988;168;0,055555555555555555555
1988;249;0,055555555555555555555
1988;2515;0,111111111111111111111
1988;4881;0,555555555555555555555
1988;13253;0,055555555555555555555
1988;370126;0,055555555555555555555
1988;778335;0,055555555555555555555
1997;738;1,000000000000000000000
2015;4552;1,000000000000000000000
2017;1109;0,250000000000000000000
2017;2050;0,250000000000000000000
2017;8623;0,500000000000000000000
2021;5657;0,500000000000000000000
2021;7111;0,500000000000000000000
2046;6548;1,000000000000000000000
2050;2017;1,000000000000000000000
2059;2492;0,500000000000000000000
2059;25849;0,500000000000000000000
2064;2017;1,000000000000000000000
2080;3095;1,000000000000000000000
2117;9468;1,000000000000000000000
2130;24;0,071428571428571428571
2130;4821;0,071428571428571428571
2130;5679;0,285714285714285714285
2130;27416;0,571428571428571428571
2131;1457;1,000000000000000000000
2137;268;1,000000000000000000000
2145;1141;1,000000000000000000000
2146;1121;1,000000000000000000000
2149;1866;1,000000000000000000000
2152;1337;1,000000000000000000000
2164;2296;1,000000000000000000000
2175;135;0,100000000000000000000
2175;455;0,100000000000000000000
2175;4145;0,100000000000000000000
2175;65998;0,300000000000000000000
2175;66075;0,100000000000000000000
2175;715172;0,300000000000000000000
2196;289;0,052631578947368421052
2196;437;0,105263157894736842105
2196;1014;0,105263157894736842105
2196;1024;0,052631578947368421052
2196;1173;0,052631578947368421052
2196;1567;0,105263157894736842105
2196;1692;0,052631578947368421052
2196;1763;0,052631578947368421052
2196;8491;0,052631578947368421052
2196;8580;0,105263157894736842105
2196;8957;0,052631578947368421052
2196;10176;0,052631578947368421052
2196;27708;0,052631578947368421052
2196;324897;0,052631578947368421052
2196;408414;0,052631578947368421052
2199;28569;1,000000000000000000000
2200;8445;0,500000000000000000000
2200;413321;0,500000000000000000000
2210;3508;1,000000000000000000000
2212;26502;1,000000000000000000000
2213;970;0,500000000000000000000
2213;4364;0,500000000000000000000
2223;3158;1,000000000000000000000
2239;1261;0,250000000000000000000
2239;1476;0,250000000000000000000
2239;4299;0,500000000000000000000
2254;8071;1,000000000000000000000
2269;237;1,000000000000000000000
2274;4892;1,000000000000000000000
2275;6918;0,285714285714285714285
2275;26251;0,428571428571428571428
2275;373677;0,285714285714285714285
2277;1267;1,000000000000000000000
2293;249;0,100000000000000000000
2293;983;0,200000000000000000000
2293;3633;0,200000000000000000000
2293;3753;0,200000000000000000000
2293;4881;0,100000000000000000000
2293;5628;0,200000000000000000000
2310;320;0,714285714285714285714
2310;3328;0,285714285714285714285
2349;5632;0,333333333333333333333
2349;9208;0,666666666666666666666
2359;352262;1,000000000000000000000
2364;5679;0,666666666666666666666
2364;1080816;0,333333333333333333333
2371;288;1,000000000000000000000
2372;8348;1,000000000000000000000
2374;761;1,000000000000000000000
2379;3234;1,000000000000000000000
2398;1180;0,500000000000000000000
2398;1710;0,500000000000000000000
2414;3123;1,000000000000000000000
2421;2287;1,000000000000000000000
2422;101;0,500000000000000000000
2422;1041;0,500000000000000000000
2438;6694;1,000000000000000000000
2440;642;0,500000000000000000000
2440;8539;0,250000000000000000000
2440;191508;0,250000000000000000000
2445;645;0,142857142857142857142
2445;2099;0,285714285714285714285
2445;3802;0,571428571428571428571
2461;3753;1,000000000000000000000
2464;984;0,166666666666666666666
2464;3528;0,166666666666666666666
2464;5824;0,166666666666666666666
2464;8489;0,166666666666666666666
2464;30415;0,333333333333333333333
2479;3996;1,000000000000000000000
2492;77;0,500000000000000000000
2492;2059;0,500000000000000000000
2494;4145;1,000000000000000000000
2498;244;0,500000000000000000000
2498;289;0,500000000000000000000
2503;1754;0,200000000000000000000
2503;4748;0,200000000000000000000
2503;14073;0,200000000000000000000
2503;383070;0,400000000000000000000
2509;20801;1,000000000000000000000
2511;1162;1,000000000000000000000
2515;251;0,166666666666666666666
2515;1988;0,166666666666666666666
2515;3601;0,166666666666666666666
2515;4821;0,166666666666666666666
2515;4881;0,166666666666666666666
2515;398786;0,166666666666666666666
2523;678;0,500000000000000000000
2523;281170;0,500000000000000000000
2543;13899;1,000000000000000000000
2547;379;0,333333333333333333333
2547;3664;0,333333333333333333333
2547;906176;0,333333333333333333333
2551;713;0,333333333333333333333
2551;589508;0,666666666666666666666
2555;3876;0,333333333333333333333
2555;5679;0,666666666666666666666
2578;3675;1,000000000000000000000
2585;404;1,000000000000000000000
2591;1085;0,250000000000000000000
2591;3610;0,500000000000000000000
2591;1140570;0,250000000000000000000
2596;3320;1,000000000000000000000
2630;407;1,000000000000000000000
2634;6739;1,000000000000000000000
2655;3429;1,000000000000000000000
2659;3697;1,000000000000000000000
2661;2713;0,666666666666666666666
2661;7160;0,333333333333333333333
2664;1391;0,333333333333333333333
2664;3318;0,333333333333333333333
2664;17207;0,333333333333333333333
2678;3618;0,222222222222222222222
2678;3978;0,111111111111111111111
2678;4821;0,111111111111111111111
2678;7859;0,222222222222222222222
2678;21697;0,222222222222222222222
2678;365536;0,111111111111111111111
2684;980;1,000000000000000000000
2697;1066;0,800000000000000000000
2697;15643;0,200000000000000000000
2704;1210;1,000000000000000000000
2712;1637;1,000000000000000000000
2713;1570;0,142857142857142857142
2713;2661;0,714285714285714285714
2713;6347;0,142857142857142857142
2714;10020;1,000000000000000000000
2741;625;0,666666666666666666666
2741;2847;0,333333333333333333333
2779;2780;1,000000000000000000000
2786;127;0,142857142857142857142
2786;965;0,714285714285714285714
2786;1162;0,142857142857142857142
2792;320;0,500000000000000000000
2792;1086504;0,500000000000000000000
2802;3716;1,000000000000000000000
2803;275;0,166666666666666666666
2803;642;0,333333333333333333333
2803;4159;0,166666666666666666666
2803;8539;0,333333333333333333333
2825;127;0,400000000000000000000
2825;2826;0,400000000000000000000
2825;13537;0,200000000000000000000
2826;127;0,142857142857142857142
2826;1321;0,428571428571428571428
2826;2825;0,285714285714285714285
2826;27719;0,142857142857142857142
2832;977;0,166666666666666666666
2832;3704;0,166666666666666666666
2832;6316;0,666666666666666666666
2850;1307;0,500000000000000000000
2850;3911;0,500000000000000000000
2890;1565;1,000000000000000000000
2916;2932;0,500000000000000000000
2916;2948;0,333333333333333333333
2916;1142847;0,166666666666666666666
2932;899;0,040000000000000000000
2932;2912;0,040000000000000000000
2932;2913;0,040000000000000000000
2932;2914;0,040000000000000000000
2932;2916;0,040000000000000000000
2932;2919;0,040000000000000000000
2932;2920;0,040000000000000000000
2932;2921;0,040000000000000000000
2932;2924;0,040000000000000000000
2932;2925;0,040000000000000000000
2932;2927;0,040000000000000000000
2932;2929;0,040000000000000000000
2932;2931;0,040000000000000000000
2932;2933;0,040000000000000000000
2932;2935;0,040000000000000000000
2932;2938;0,040000000000000000000
2932;2939;0,040000000000000000000
2932;2940;0,040000000000000000000
2932;2941;0,040000000000000000000
2932;2942;0,040000000000000000000
2932;2943;0,040000000000000000000
2932;2946;0,040000000000000000000
2932;2948;0,040000000000000000000
2932;2950;0,040000000000000000000
2932;49722;0,040000000000000000000
2935;2932;1,000000000000000000000
2961;1069;1,000000000000000000000
2972;8253;0,285714285714285714285
2972;1080816;0,428571428571428571428
2972;1122255;0,285714285714285714285
3022;21112;1,000000000000000000000
3029;3557;0,800000000000000000000
3029;4215;0,200000000000000000000
3033;28617;1,000000000000000000000
3069;642;0,409090909090909090909
3069;1965;0,590909090909090909090
3071;3360;1,000000000000000000000
3085;960;0,125000000000000000000
3085;1401;0,125000000000000000000
3085;4147;0,125000000000000000000
3085;5367;0,125000000000000000000
3085;5679;0,375000000000000000000
3085;10658;0,125000000000000000000
3095;249;0,066666666666666666666
3095;396;0,066666666666666666666
3095;522;0,066666666666666666666
3095;891;0,066666666666666666666
3095;990;0,066666666666666666666
3095;1064;0,066666666666666666666
3095;1314;0,066666666666666666666
3095;2080;0,066666666666666666666
3095;2184;0,066666666666666666666
3095;2644;0,066666666666666666666
3095;3096;0,066666666666666666666
3095;3097;0,066666666666666666666
3095;3098;0,066666666666666666666
3095;3099;0,066666666666666666666
3095;3100;0,066666666666666666666
3098;835;1,000000000000000000000
3103;9258;1,000000000000000000000
3104;372528;1,000000000000000000000
3105;208;0,500000000000000000000
3105;846;0,500000000000000000000
3122;5679;1,000000000000000000000
3123;835;0,500000000000000000000
3123;3141;0,500000000000000000000
3141;1231;0,451612903225806451612
3141;1948;0,032258064516129032258
3141;2479;0,032258064516129032258
3141;2736;0,161290322580645161290
3141;3123;0,064516129032258064516
3141;3142;0,129032258064516129032
3141;3996;0,032258064516129032258
3141;4501;0,032258064516129032258
3141;24460;0,032258064516129032258
3141;57838;0,032258064516129032258
3145;2736;0,500000000000000000000
3145;6045;0,500000000000000000000
3146;398786;1,000000000000000000000
3158;398786;1,000000000000000000000
3169;35;0,666666666666666666666
3169;4991;0,333333333333333333333
3176;1135;1,000000000000000000000
3188;521;1,000000000000000000000
3209;525;1,000000000000000000000
3223;54879;1,000000000000000000000
3230;596;1,000000000000000000000
3233;990;0,142857142857142857142
3233;2326;0,857142857142857142857
3235;54;0,250000000000000000000
3235;71;0,250000000000000000000
3235;135;0,250000000000000000000
3235;2445;0,250000000000000000000
3237;2355;1,000000000000000000000
3245;1873;0,111111111111111111111
3245;3633;0,111111111111111111111
3245;3753;0,111111111111111111111
3245;3857;0,111111111111111111111
3245;5578;0,111111111111111111111
3245;323416;0,111111111111111111111
3245;823709;0,111111111111111111111
3245;1082399;0,111111111111111111111
3245;1215007;0,111111111111111111111
3251;59;1,000000000000000000000
3256;2512;1,000000000000000000000
3260;9019;1,000000000000000000000
3265;5005;1,000000000000000000000
3284;10103;1,000000000000000000000
3304;1616;1,000000000000000000000
3318;108;0,125000000000000000000
3318;275;0,125000000000000000000
3318;292;0,125000000000000000000
3318;642;0,250000000000000000000
3318;2664;0,125000000000000000000
3318;8539;0,125000000000000000000
3318;488062;0,125000000000000000000
3320;4307;1,000000000000000000000
3328;2310;1,000000000000000000000
3340;5679;1,000000000000000000000
3355;524;0,333333333333333333333
3355;4979;0,333333333333333333333
3355;330934;0,333333333333333333333
3359;1402;0,285714285714285714285
3359;1708;0,142857142857142857142
3359;2195;0,142857142857142857142
3359;2991;0,142857142857142857142
3359;3564;0,142857142857142857142
3359;5753;0,142857142857142857142
3360;3071;1,000000000000000000000
3383;196;1,000000000000000000000
3394;1231;0,666666666666666666666
3394;1048958;0,333333333333333333333
3395;435;0,333333333333333333333
3395;4629;0,333333333333333333333
3395;5645;0,333333333333333333333
3403;6624;0,666666666666666666666
3403;7780;0,333333333333333333333
3414;4262;1,000000000000000000000
3418;4697;1,000000000000000000000
3429;279;0,250000000000000000000
3429;284;0,083333333333333333333
3429;1271;0,083333333333333333333
3429;2655;0,083333333333333333333
3429;2706;0,083333333333333333333
3429;3045;0,083333333333333333333
3429;4613;0,250000000000000000000
3429;7116;0,083333333333333333333
3443;668;0,166666666666666666666
3443;876;0,833333333333333333333
3446;1727;1,000000000000000000000
3457;2318;1,000000000000000000000
3458;1319;1,000000000000000000000
3465;8396;1,000000000000000000000
3473;3429;1,000000000000000000000
3475;654715;1,000000000000000000000
3515;547708;1,000000000000000000000
3518;331627;0,666666666666666666666
3518;365533;0,333333333333333333333
3523;628;0,111111111111111111111
3523;662;0,111111111111111111111
3523;695;0,111111111111111111111
3523;59745;0,111111111111111111111
3523;78108;0,111111111111111111111
3523;906176;0,444444444444444444444
3528;625;1,000000000000000000000
3585;7699;0,500000000000000000000
3585;248834;0,500000000000000000000
3587;3588;1,000000000000000000000
3588;3587;1,000000000000000000000
3601;2515;0,333333333333333333333
3601;4881;0,333333333333333333333
3601;281170;0,333333333333333333333
3618;1288;0,250000000000000000000
3618;2678;0,750000000000000000000
3625;502;0,166666666666666666666
3625;668;0,500000000000000000000
3625;642255;0,333333333333333333333
3633;3857;0,500000000000000000000
3633;823709;0,500000000000000000000
3665;1650;0,666666666666666666666
3665;5886;0,333333333333333333333
3697;2659;1,000000000000000000000
3753;249;0,142857142857142857142
3753;2293;0,285714285714285714285
3753;2461;0,142857142857142857142
3753;3857;0,142857142857142857142
3753;5578;0,142857142857142857142
3753;1082399;0,142857142857142857142
3768;1906;1,000000000000000000000
3791;9729;1,000000000000000000000
3800;521;0,500000000000000000000
3800;1121;0,500000000000000000000
3802;183;0,111111111111111111111
3802;2445;0,555555555555555555555
3802;5679;0,222222222222222222222
3802;10188;0,111111111111111111111
3809;1010;0,285714285714285714285
3809;2001;0,142857142857142857142
3809;13504;0,571428571428571428571
3811;527;1,000000000000000000000
3827;1556;1,000000000000000000000
3838;693032;1,000000000000000000000
3857;96;0,052631578947368421052
3857;1873;0,052631578947368421052
3857;3245;0,105263157894736842105
3857;3633;0,105263157894736842105
3857;3753;0,052631578947368421052
3857;5578;0,052631578947368421052
3857;5628;0,210526315789473684210
3857;276695;0,105263157894736842105
3857;323416;0,052631578947368421052
3857;823709;0,052631578947368421052
3857;1082399;0,105263157894736842105
3857;1215007;0,052631578947368421052
3871;615;0,500000000000000000000
3871;9691;0,500000000000000000000
3872;241;1,000000000000000000000
3876;5092;1,000000000000000000000
3877;39;1,000000000000000000000
3891;1719;0,500000000000000000000
3891;2800;0,166666666666666666666
3891;3678;0,166666666666666666666
3891;38738;0,166666666666666666666
3944;266;1,000000000000000000000
3962;3176;0,500000000000000000000
3962;184987;0,500000000000000000000
3968;1877;1,000000000000000000000
3971;934;1,000000000000000000000
3978;2678;1,000000000000000000000
3980;4374;1,000000000000000000000
3983;2054;1,000000000000000000000
3996;89;0,500000000000000000000
3996;2414;0,250000000000000000000
3996;3141;0,250000000000000000000
3998;1122;0,333333333333333333333
3998;5441;0,333333333333333333333
3998;383070;0,333333333333333333333
4000;4877;1,000000000000000000000
4004;727;0,250000000000000000000
4004;885;0,250000000000000000000
4004;1307;0,250000000000000000000
4004;3763;0,250000000000000000000
4020;602;0,125000000000000000000
4020;1967;0,125000000000000000000
4020;2798;0,125000000000000000000
4020;2991;0,125000000000000000000
4020;3189;0,125000000000000000000
4020;5679;0,250000000000000000000
4020;6723;0,125000000000000000000
4024;71;1,000000000000000000000
4059;1196;0,666666666666666666666
4059;8225;0,333333333333333333333
4070;9391;1,000000000000000000000
4078;2140;1,000000000000000000000
4080;101;1,000000000000000000000
4100;5481;0,333333333333333333333
4100;5623;0,333333333333333333333
4100;13899;0,333333333333333333333
4102;5856;1,000000000000000000000
4145;2175;0,333333333333333333333
4145;2494;0,083333333333333333333
4145;17281;0,083333333333333333333
4145;65998;0,166666666666666666666
4145;66075;0,250000000000000000000
4145;547708;0,083333333333333333333
4147;2146;0,666666666666666666666
4147;2697;0,333333333333333333333
4148;4699;1,000000000000000000000
4159;1231;1,000000000000000000000
4179;253;0,333333333333333333333
4179;12936;0,666666666666666666666
4187;455;0,500000000000000000000
4187;3234;0,500000000000000000000
4215;334;0,333333333333333333333
4215;3029;0,333333333333333333333
4215;3557;0,333333333333333333333
4228;793;1,000000000000000000000
4262;911;0,062500000000000000000
4262;3414;0,937500000000000000000
4268;115;0,166666666666666666666
4268;1949;0,333333333333333333333
4268;3256;0,166666666666666666666
4268;3975;0,333333333333333333333
4278;1850;1,000000000000000000000
4299;2239;1,000000000000000000000
4306;4160;1,000000000000000000000
4307;3320;0,222222222222222222222
4307;3811;0,111111111111111111111
4307;5093;0,111111111111111111111
4307;5603;0,111111111111111111111
4307;366867;0,444444444444444444444
4317;5679;1,000000000000000000000
4345;738;1,000000000000000000000
4355;211;0,166666666666666666666
4355;1843;0,166666666666666666666
4355;2661;0,166666666666666666666
4355;110738;0,500000000000000000000
4359;8489;0,333333333333333333333
4359;813240;0,666666666666666666666
4364;2213;1,000000000000000000000
4377;1855;0,500000000000000000000
4377;1104773;0,500000000000000000000
4421;14050;1,000000000000000000000
4437;10352;1,000000000000000000000
4472;13428;1,000000000000000000000
4518;6072;1,000000000000000000000
4552;41;0,500000000000000000000
4552;1261;0,500000000000000000000
4553;1154;1,000000000000000000000
4561;528;1,000000000000000000000
4572;8489;1,000000000000000000000
4592;3234;0,600000000000000000000
4592;4398;0,200000000000000000000
4592;5719;0,200000000000000000000
4598;1639;1,000000000000000000000
4613;3429;1,000000000000000000000
4621;1162;0,142857142857142857142
4621;1785;0,142857142857142857142
4621;2851;0,142857142857142857142
4621;5177;0,142857142857142857142
4621;357817;0,285714285714285714285
4621;1101851;0,142857142857142857142
4625;398786;1,000000000000000000000
4627;1069;0,500000000000000000000
4627;2555;0,500000000000000000000
4629;864;0,666666666666666666666
4629;113392;0,333333333333333333333
4639;3499;1,000000000000000000000
4681;955;1,000000000000000000000
4697;313;0,333333333333333333333
4697;492;0,666666666666666666666
4750;294;1,000000000000000000000
4777;846;0,500000000000000000000
4777;2834;0,500000000000000000000
4787;251;0,653846153846153846153
4787;937;0,076923076923076923076
4787;3234;0,192307692307692307692
4787;3383;0,038461538461538461538
4787;3429;0,038461538461538461538
4821;2515;1,000000000000000000000
4853;3355;1,000000000000000000000
4874;244;0,200000000000000000000
4874;557;0,133333333333333333333
4874;1100;0,133333333333333333333
4874;1925;0,133333333333333333333
4874;5245;0,133333333333333333333
4874;8165;0,133333333333333333333
4874;26219;0,066666666666666666666
4874;306950;0,066666666666666666666
4979;2780;0,500000000000000000000
4979;3356;0,500000000000000000000
5053;7756;1,000000000000000000000
5054;12826;1,000000000000000000000
5071;1391;0,666666666666666666666
5071;3905;0,333333333333333333333
5077;12591;1,000000000000000000000
5082;27173;1,000000000000000000000
5089;211;1,000000000000000000000
5092;3876;1,000000000000000000000
5142;829;0,333333333333333333333
5142;7160;0,666666666666666666666
5168;1762;0,500000000000000000000
5168;41565;0,500000000000000000000
5177;4621;0,181818181818181818181
5177;1101851;0,818181818181818181818
5219;2272;1,000000000000000000000
5232;17727;1,000000000000000000000
5264;5350;0,250000000000000000000
5264;6130;0,500000000000000000000
5264;7650;0,250000000000000000000
5289;267;0,333333333333333333333
5289;285;0,333333333333333333333
5289;3601;0,333333333333333333333
5306;78108;1,000000000000000000000
5329;306;1,000000000000000000000
5350;5264;1,000000000000000000000
5351;4281;1,000000000000000000000
5360;1894;0,666666666666666666666
5360;3362;0,333333333333333333333
5383;625;1,000000000000000000000
5437;18258;1,000000000000000000000
5440;2851;1,000000000000000000000
5457;54;1,000000000000000000000
5459;90;1,000000000000000000000
5464;48;0,400000000000000000000
5464;380;0,400000000000000000000
5464;1713;0,200000000000000000000
5469;1109;1,000000000000000000000
5487;1066;1,000000000000000000000
5506;5915;1,000000000000000000000
5513;5591;0,500000000000000000000
5513;6635;0,500000000000000000000
5519;5922;1,000000000000000000000
5521;8199;1,000000000000000000000
5578;3753;1,000000000000000000000
5591;5513;0,400000000000000000000
5591;6635;0,400000000000000000000
5591;8109;0,200000000000000000000
5613;2199;0,066666666666666666666
5613;2851;0,733333333333333333333
5613;8062;0,066666666666666666666
5613;9476;0,066666666666666666666
5613;13907;0,066666666666666666666
5616;5679;1,000000000000000000000
5617;5679;0,500000000000000000000
5617;13704;0,500000000000000000000
5626;407;0,666666666666666666666
5626;713;0,333333333333333333333
5628;42;0,022727272727272727272
5628;96;0,045454545454545454545
5628;168;0,022727272727272727272
5628;237;0,022727272727272727272
5628;249;0,022727272727272727272
5628;261;0,045454545454545454545
5628;1141;0,022727272727272727272
5628;1156;0,022727272727272727272
5628;1364;0,022727272727272727272
5628;1873;0,022727272727272727272
5628;1988;0,022727272727272727272
5628;2145;0,022727272727272727272
5628;2293;0,045454545454545454545
5628;2461;0,022727272727272727272
5628;3000;0,022727272727272727272
5628;3174;0,022727272727272727272
5628;3219;0,022727272727272727272
5628;3245;0,022727272727272727272
5628;3633;0,022727272727272727272
5628;3753;0,045454545454545454545
5628;3857;0,045454545454545454545
5628;4323;0,022727272727272727272
5628;4881;0,022727272727272727272
5628;5578;0,022727272727272727272
5628;6113;0,022727272727272727272
5628;6666;0,022727272727272727272
5628;9805;0,022727272727272727272
5628;17720;0,022727272727272727272
5628;19939;0,022727272727272727272
5628;67275;0,022727272727272727272
5628;137801;0,022727272727272727272
5628;229072;0,022727272727272727272
5628;276695;0,022727272727272727272
5628;323416;0,022727272727272727272
5628;823709;0,022727272727272727272
5628;1082399;0,022727272727272727272
5628;1130242;0,022727272727272727272
5628;1215007;0,022727272727272727272
5628;1215008;0,022727272727272727272
5640;3395;0,666666666666666666666
5640;8253;0,333333333333333333333
5643;5679;0,666666666666666666666
5643;431565;0,333333333333333333333
5647;444;1,000000000000000000000
5753;1697;1,000000000000000000000
5790;12706;1,000000000000000000000
5831;418454;1,000000000000000000000
5915;2678;1,000000000000000000000
5922;4525;0,166666666666666666666
5922;5519;0,666666666666666666666
5922;14151;0,166666666666666666666
5960;5354;1,000000000000000000000
6048;240;1,000000000000000000000
6072;4518;1,000000000000000000000
6130;5264;1,000000000000000000000
6203;85;0,333333333333333333333
6203;625;0,333333333333333333333
6203;1154;0,333333333333333333333
6234;1231;1,000000000000000000000
6347;250;1,000000000000000000000
6354;4874;1,000000000000000000000
6433;4534;1,000000000000000000000
6440;74;0,142857142857142857142
6440;2388;0,142857142857142857142
6440;3753;0,142857142857142857142
6440;3857;0,142857142857142857142
6440;5578;0,142857142857142857142
6440;38738;0,142857142857142857142
6440;67275;0,142857142857142857142
6447;488062;1,000000000000000000000
6509;4501;1,000000000000000000000
6543;122;0,151515151515151515151
6543;625;0,151515151515151515151
6543;722;0,121212121212121212121
6543;972;0,121212121212121212121
6543;1154;0,121212121212121212121
6543;2741;0,121212121212121212121
6543;4890;0,212121212121212121212
6548;2046;1,000000000000000000000
6624;3403;1,000000000000000000000
6635;5513;0,500000000000000000000
6635;5591;0,500000000000000000000
6666;4881;0,500000000000000000000
6666;5628;0,500000000000000000000
6693;7650;1,000000000000000000000
6694;9159;1,000000000000000000000
6723;435;0,333333333333333333333
6723;1967;0,166666666666666666666
6723;9288;0,166666666666666666666
6723;75230;0,333333333333333333333
6746;4098;1,000000000000000000000
6773;682;1,000000000000000000000
6788;306;0,500000000000000000000
6788;567;0,250000000000000000000
6788;1897;0,250000000000000000000
6930;1135;1,000000000000000000000
6962;1173768;1,000000000000000000000
7049;267;0,028571428571428571428
7049;861;0,028571428571428571428
7049;1448;0,028571428571428571428
7049;1570;0,142857142857142857142
7049;1583;0,257142857142857142857
7049;1591;0,028571428571428571428
7049;2379;0,028571428571428571428
7049;3045;0,028571428571428571428
7049;3234;0,028571428571428571428
7049;3381;0,028571428571428571428
7049;4376;0,028571428571428571428
7049;8095;0,028571428571428571428
7049;8630;0,028571428571428571428
7049;10020;0,142857142857142857142
7049;12907;0,142857142857142857142
7111;54;0,500000000000000000000
7111;2817;0,500000000000000000000
7116;279;0,666666666666666666666
7116;1889;0,166666666666666666666
7116;3429;0,166666666666666666666
7131;9905;1,000000000000000000000
7135;441;0,500000000000000000000
7135;12591;0,500000000000000000000
7142;85;1,000000000000000000000
7160;135;0,055555555555555555555
7160;625;0,166666666666666666666
7160;1889;0,055555555555555555555
7160;2661;0,277777777777777777777
7160;2713;0,111111111111111111111
7160;5142;0,111111111111111111111
7160;408414;0,222222222222222222222
7278;2054;1,000000000000000000000
7341;399;0,625000000000000000000
7341;4498;0,125000000000000000000
7341;279623;0,250000000000000000000
7418;1344;1,000000000000000000000
7543;1898;0,055555555555555555555
7543;2743;0,055555555555555555555
7543;2786;0,027777777777777777777
7543;3007;0,055555555555555555555
7543;3420;0,027777777777777777777
7543;3685;0,027777777777777777777
7543;4587;0,055555555555555555555
7543;5136;0,055555555555555555555
7543;7717;0,055555555555555555555
7543;7975;0,027777777777777777777
7543;12959;0,027777777777777777777
7543;27613;0,055555555555555555555
7543;152027;0,416666666666666666666
7543;329272;0,055555555555555555555
7572;2596;1,000000000000000000000
7574;131383;0,500000000000000000000
7574;654715;0,500000000000000000000
7578;1182;0,333333333333333333333
7578;1778;0,333333333333333333333
7578;4497;0,333333333333333333333
7586;151;1,000000000000000000000
7650;6693;1,000000000000000000000
7686;2803;1,000000000000000000000
7738;280033;1,000000000000000000000
7747;521;0,333333333333333333333
7747;2054;0,333333333333333333333
7747;9807;0,333333333333333333333
7759;9208;1,000000000000000000000
7780;3403;1,000000000000000000000
7859;2678;1,000000000000000000000
7975;704;1,000000000000000000000
7994;174;0,250000000000000000000
7994;1453;0,125000000000000000000
7994;1697;0,125000000000000000000
7994;1705;0,250000000000000000000
7994;5753;0,125000000000000000000
7994;529797;0,125000000000000000000
8062;5613;0,500000000000000000000
8062;8928;0,500000000000000000000
8071;3427;1,000000000000000000000
8095;7160;1,000000000000000000000
8156;521;0,142857142857142857142
8156;3800;0,571428571428571428571
8156;4225;0,142857142857142857142
8156;78275;0,142857142857142857142
8164;1073;1,000000000000000000000
8212;3427;1,000000000000000000000
8223;66075;1,000000000000000000000
8348;2372;1,000000000000000000000
8440;1182;1,000000000000000000000
8442;520;1,000000000000000000000
8445;2200;1,000000000000000000000
8446;758;1,000000000000000000000
8447;525;0,333333333333333333333
8447;3209;0,666666666666666666666
8465;475;0,937500000000000000000
8465;859;0,031250000000000000000
8465;2731;0,031250000000000000000
8473;479;1,000000000000000000000
8489;472;0,200000000000000000000
8489;1898;0,200000000000000000000
8489;2741;0,200000000000000000000
8489;2852;0,200000000000000000000
8489;4359;0,200000000000000000000
8580;1282;0,500000000000000000000
8580;2196;0,500000000000000000000
8623;1419;0,222222222222222222222
8623;2017;0,777777777777777777777
8648;266;0,375000000000000000000
8648;4885;0,125000000000000000000
8648;7738;0,250000000000000000000
8648;13398;0,125000000000000000000
8648;13814;0,125000000000000000000
8756;1085;1,000000000000000000000
8787;440;0,500000000000000000000
8787;4890;0,500000000000000000000
8805;1867;1,000000000000000000000
8820;373677;1,000000000000000000000
8902;4386;1,000000000000000000000
8909;5854;1,000000000000000000000
8928;163;0,026315789473684210526
8928;494;0,026315789473684210526
8928;771;0,026315789473684210526
8928;937;0,026315789473684210526
8928;1477;0,026315789473684210526
8928;1478;0,026315789473684210526
8928;1479;0,026315789473684210526
8928;1480;0,026315789473684210526
8928;1481;0,026315789473684210526
8928;1482;0,026315789473684210526
8928;2276;0,026315789473684210526
8928;3293;0,026315789473684210526
8928;3463;0,026315789473684210526
8928;3836;0,026315789473684210526
8928;4283;0,026315789473684210526
8928;4471;0,026315789473684210526
8928;6413;0,026315789473684210526
8928;7650;0,026315789473684210526
8928;8049;0,026315789473684210526
8928;8062;0,026315789473684210526
8928;8203;0,026315789473684210526
8928;10202;0,026315789473684210526
8928;10352;0,026315789473684210526
8928;11863;0,026315789473684210526
8928;12026;0,026315789473684210526
8928;12497;0,026315789473684210526
8928;12550;0,026315789473684210526
8928;13265;0,026315789473684210526
8928;13428;0,026315789473684210526
8928;17584;0,026315789473684210526
8928;17585;0,026315789473684210526
8928;18098;0,026315789473684210526
8928;20204;0,026315789473684210526
8928;20206;0,026315789473684210526
8928;26267;0,026315789473684210526
8928;28970;0,026315789473684210526
8928;37812;0,026315789473684210526
8928;415787;0,026315789473684210526
9047;1169;0,500000000000000000000
9047;4206;0,500000000000000000000
9159;6694;1,000000000000000000000
9208;2349;0,666666666666666666666
9208;7759;0,333333333333333333333
9217;13265;1,000000000000000000000
9234;484;1,000000000000000000000
9274;3642;1,000000000000000000000
9391;528;0,500000000000000000000
9391;4070;0,500000000000000000000
9395;749;0,500000000000000000000
9395;333184;0,500000000000000000000
9399;528;1,000000000000000000000
9405;1109;1,000000000000000000000
9437;9066;1,000000000000000000000
9442;7747;1,000000000000000000000
9483;928;1,000000000000000000000
9657;285;1,000000000000000000000
9691;3871;1,000000000000000000000
9722;1227;0,750000000000000000000
9722;9762;0,250000000000000000000
9729;1121004;1,000000000000000000000
9762;9722;1,000000000000000000000
9807;877;1,000000000000000000000
9832;1831;0,250000000000000000000
9832;12938;0,250000000000000000000
9832;173893;0,250000000000000000000
9832;653504;0,250000000000000000000
9982;2551;1,000000000000000000000
10000;3116;1,000000000000000000000
10020;861;0,200000000000000000000
10020;1591;0,200000000000000000000
10020;2498;0,200000000000000000000
10020;3429;0,200000000000000000000
10020;4299;0,200000000000000000000
10103;3284;1,000000000000000000000
10109;1639;0,250000000000000000000
10109;1198160;0,750000000000000000000
10165;50332;1,000000000000000000000
10175;7738;1,000000000000000000000
10188;1277;0,200000000000000000000
10188;1591;0,100000000000000000000
10188;2111;0,300000000000000000000
10188;3802;0,100000000000000000000
10188;602536;0,300000000000000000000
10338;1785;1,000000000000000000000
10352;4437;1,000000000000000000000
10892;3251;1,000000000000000000000
11869;3431;1,000000000000000000000
11966;5616;1,000000000000000000000
11999;621;1,000000000000000000000
12156;547;0,027027027027027027027
12156;689;0,027027027027027027027
12156;853;0,081081081081081081081
12156;1319;0,081081081081081081081
12156;1717;0,054054054054054054054
12156;4425;0,027027027027027027027
12156;4430;0,081081081081081081081
12156;4470;0,054054054054054054054
12156;4772;0,081081081081081081081
12156;5526;0,054054054054054054054
12156;7480;0,027027027027027027027
12156;8568;0,027027027027027027027
12156;8873;0,081081081081081081081
12156;9090;0,054054054054054054054
12156;13622;0,081081081081081081081
12156;27862;0,054054054054054054054
12156;40028;0,027027027027027027027
12156;122436;0,081081081081081081081
12159;2897;0,333333333333333333333
12159;4307;0,333333333333333333333
12159;5093;0,333333333333333333333
12176;13799;1,000000000000000000000
12375;1514;1,000000000000000000000
12387;2921;1,000000000000000000000
12497;3694;0,333333333333333333333
12497;7418;0,333333333333333333333
12497;8928;0,333333333333333333333
12550;8928;1,000000000000000000000
12563;458;0,333333333333333333333
12563;694;0,333333333333333333333
12563;11138;0,333333333333333333333
12591;5077;0,857142857142857142857
12591;7135;0,142857142857142857142
12596;1180;1,000000000000000000000
12706;5790;1,000000000000000000000
12768;3940;1,000000000000000000000
12817;1117;1,000000000000000000000
12876;798;1,000000000000000000000
12936;4179;1,000000000000000000000
12938;9832;1,000000000000000000000
13141;38;0,666666666666666666666
13141;1082;0,333333333333333333333
13176;681;1,000000000000000000000
13253;1141;0,058823529411764705882
13253;1988;0,882352941176470588235
13253;12775;0,058823529411764705882
13265;938;0,500000000000000000000
13265;7650;0,500000000000000000000
13291;6940;1,000000000000000000000
13335;14742;1,000000000000000000000
13360;1632;0,250000000000000000000
13360;27672;0,500000000000000000000
13360;612735;0,250000000000000000000
13419;8199;1,000000000000000000000
13504;3809;1,000000000000000000000
13537;2825;0,500000000000000000000
13537;4206;0,500000000000000000000
13671;1513;1,000000000000000000000
13704;2137;1,000000000000000000000
13907;5613;1,000000000000000000000
14151;38;0,005813953488372093023
14151;96;0,011627906976744186046
14151;137;0,005813953488372093023
14151;140;0,005813953488372093023
14151;184;0,005813953488372093023
14151;229;0,005813953488372093023
14151;273;0,005813953488372093023
14151;346;0,005813953488372093023
14151;407;0,005813953488372093023
14151;547;0,005813953488372093023
14151;626;0,011627906976744186046
14151;641;0,005813953488372093023
14151;652;0,017441860465116279069
14151;712;0,005813953488372093023
14151;713;0,005813953488372093023
14151;778;0,005813953488372093023
14151;796;0,005813953488372093023
14151;885;0,005813953488372093023
14151;899;0,005813953488372093023
14151;980;0,005813953488372093023
14151;1044;0,005813953488372093023
14151;1079;0,005813953488372093023
14151;1085;0,005813953488372093023
14151;1104;0,023255813953488372093
14151;1111;0,005813953488372093023
14151;1133;0,005813953488372093023
14151;1154;0,023255813953488372093
14151;1160;0,005813953488372093023
14151;1162;0,023255813953488372093
14151;1206;0,005813953488372093023
14151;1246;0,005813953488372093023
14151;1310;0,005813953488372093023
14151;1319;0,005813953488372093023
14151;1322;0,005813953488372093023
14151;1447;0,005813953488372093023
14151;1464;0,005813953488372093023
14151;1466;0,005813953488372093023
14151;1504;0,005813953488372093023
14151;1600;0,005813953488372093023
14151;1637;0,005813953488372093023
14151;1676;0,005813953488372093023
14151;1708;0,005813953488372093023
14151;1891;0,005813953488372093023
14151;1949;0,005813953488372093023
14151;2039;0,005813953488372093023
14151;2054;0,023255813953488372093
14151;2119;0,005813953488372093023
14151;2129;0,011627906976744186046
14151;2131;0,005813953488372093023
14151;2515;0,005813953488372093023
14151;2551;0,005813953488372093023
14151;2780;0,011627906976744186046
14151;2794;0,011627906976744186046
14151;3096;0,005813953488372093023
14151;3145;0,005813953488372093023
14151;3146;0,005813953488372093023
14151;3158;0,005813953488372093023
14151;3176;0,005813953488372093023
14151;3209;0,005813953488372093023
14151;3476;0,005813953488372093023
14151;3557;0,005813953488372093023
14151;3811;0,005813953488372093023
14151;3857;0,005813953488372093023
14151;3957;0,005813953488372093023
14151;3983;0,011627906976744186046
14151;4059;0,005813953488372093023
14151;4102;0,005813953488372093023
14151;4108;0,005813953488372093023
14151;4225;0,005813953488372093023
14151;4269;0,005813953488372093023
14151;4377;0,011627906976744186046
14151;4476;0,005813953488372093023
14151;4598;0,011627906976744186046
14151;4621;0,005813953488372093023
14151;4625;0,005813953488372093023
14151;4713;0,005813953488372093023
14151;4979;0,005813953488372093023
14151;5005;0,005813953488372093023
14151;5009;0,005813953488372093023
14151;5093;0,005813953488372093023
14151;5138;0,005813953488372093023
14151;5142;0,005813953488372093023
14151;5174;0,005813953488372093023
14151;5239;0,005813953488372093023
14151;5506;0,005813953488372093023
14151;5681;0,005813953488372093023
14151;5854;0,005813953488372093023
14151;5856;0,005813953488372093023
14151;5922;0,005813953488372093023
14151;6048;0,005813953488372093023
14151;6151;0,005813953488372093023
14151;6468;0,005813953488372093023
14151;6694;0,005813953488372093023
14151;6913;0,005813953488372093023
14151;6930;0,005813953488372093023
14151;7418;0,005813953488372093023
14151;7574;0,005813953488372093023
14151;7626;0,005813953488372093023
14151;7748;0,005813953488372093023
14151;7774;0,005813953488372093023
14151;8225;0,005813953488372093023
14151;8373;0,005813953488372093023
14151;8447;0,005813953488372093023
14151;9159;0,005813953488372093023
14151;9274;0,005813953488372093023
14151;9729;0,005813953488372093023
14151;9730;0,005813953488372093023
14151;9762;0,005813953488372093023
14151;10390;0,011627906976744186046
14151;11415;0,005813953488372093023
14151;12159;0,011627906976744186046
14151;12798;0,005813953488372093023
14151;12876;0,005813953488372093023
14151;12938;0,005813953488372093023
14151;13369;0,005813953488372093023
14151;13796;0,005813953488372093023
14151;13886;0,011627906976744186046
14151;14184;0,005813953488372093023
14151;14465;0,005813953488372093023
14151;17274;0,005813953488372093023
14151;18258;0,005813953488372093023
14151;19198;0,011627906976744186046
14151;21750;0,011627906976744186046
14151;23096;0,005813953488372093023
14151;27512;0,005813953488372093023
14151;27862;0,005813953488372093023
14151;29376;0,005813953488372093023
14151;31885;0,005813953488372093023
14151;67591;0,005813953488372093023
14151;67593;0,005813953488372093023
14151;83231;0,023255813953488372093
14151;94073;0,005813953488372093023
14151;184987;0,005813953488372093023
14151;239963;0,005813953488372093023
14151;239969;0,005813953488372093023
14151;328526;0,005813953488372093023
14151;335189;0,005813953488372093023
14151;336063;0,011627906976744186046
14151;368117;0,005813953488372093023
14151;589508;0,005813953488372093023
14151;1077888;0,005813953488372093023
14826;5029;1,000000000000000000000
15471;731;1,000000000000000000000
15586;475;1,000000000000000000000
15643;71;0,500000000000000000000
15643;2697;0,500000000000000000000
16497;1041;1,000000000000000000000
17269;9098;1,000000000000000000000
17276;434991;1,000000000000000000000
17281;4145;0,500000000000000000000
17281;66075;0,500000000000000000000
17323;235;0,250000000000000000000
17323;1393;0,250000000000000000000
17323;5545;0,250000000000000000000
17323;9158;0,250000000000000000000
17426;1763;1,000000000000000000000
17585;13158;1,000000000000000000000
17727;5232;1,000000000000000000000
17918;3174;0,333333333333333333333
17918;38738;0,333333333333333333333
17918;42210;0,333333333333333333333
18258;5437;1,000000000000000000000
18517;3564;1,000000000000000000000
19031;7759;1,000000000000000000000
19939;1056888;1,000000000000000000000
20216;5626;1,000000000000000000000
20474;1322;1,000000000000000000000
21112;3022;1,000000000000000000000
21268;706;1,000000000000000000000
21697;108;0,400000000000000000000
21697;2678;0,600000000000000000000
22123;738;1,000000000000000000000
23720;281;0,111111111111111111111
23720;452;0,111111111111111111111
23720;1025;0,111111111111111111111
23720;1129;0,111111111111111111111
23720;1370;0,111111111111111111111
23720;1391;0,111111111111111111111
23720;693032;0,222222222222222222222
23720;791903;0,111111111111111111111
24113;1574;1,000000000000000000000
24254;738;1,000000000000000000000
24839;1162;1,000000000000000000000
25849;2059;1,000000000000000000000
27349;2098;1,000000000000000000000
27674;119;1,000000000000000000000
27719;2826;1,000000000000000000000
27790;977;1,000000000000000000000
27862;4892;1,000000000000000000000
27966;20476;1,000000000000000000000
28092;2364;1,000000000000000000000
28397;35;1,000000000000000000000
28528;315;1,000000000000000000000
28567;1663;1,000000000000000000000
28569;2199;1,000000000000000000000
28699;770;1,000000000000000000000
28970;1348;1,000000000000000000000
30415;2464;1,000000000000000000000
30696;2850;1,000000000000000000000
37812;8928;0,333333333333333333333
37812;37813;0,333333333333333333333
37812;37814;0,333333333333333333333
37814;37812;1,000000000000000000000
38589;625;0,500000000000000000000
38589;6203;0,500000000000000000000
38738;652;0,666666666666666666666
38738;37815;0,333333333333333333333
45924;428;0,333333333333333333333
45924;7572;0,333333333333333333333
45924;9762;0,333333333333333333333
48255;66;1,000000000000000000000
50332;10165;0,500000000000000000000
50332;50959;0,500000000000000000000
54879;3223;1,000000000000000000000
55134;24113;1,000000000000000000000
59745;1069;0,083333333333333333333
59745;1169;0,583333333333333333333
59745;1939;0,083333333333333333333
59745;3523;0,083333333333333333333
59745;1051510;0,083333333333333333333
59745;1173768;0,083333333333333333333
59841;293;0,500000000000000000000
59841;845;0,166666666666666666666
59841;846;0,166666666666666666666
59841;3395;0,166666666666666666666
65998;2175;0,428571428571428571428
65998;4145;0,214285714285714285714
65998;8109;0,071428571428571428571
65998;66075;0,285714285714285714285
66075;3197;0,083333333333333333333
66075;4145;0,083333333333333333333
66075;8223;0,083333333333333333333
66075;65998;0,750000000000000000000
67275;5628;1,000000000000000000000
75230;1967;1,000000000000000000000
77678;1016;1,000000000000000000000
78108;3523;0,125000000000000000000
78108;5306;0,125000000000000000000
78108;59745;0,125000000000000000000
78108;366089;0,250000000000000000000
78108;906176;0,250000000000000000000
78108;1064740;0,125000000000000000000
94073;1162;1,000000000000000000000
110738;4355;1,000000000000000000000
112062;475;0,100000000000000000000
112062;520;0,100000000000000000000
112062;749;0,300000000000000000000
112062;826;0,200000000000000000000
112062;1122;0,100000000000000000000
112062;3096;0,200000000000000000000
113392;288;0,500000000000000000000
113392;2350;0,500000000000000000000
113459;3683;1,000000000000000000000
114536;437;0,142857142857142857142
114536;846;0,142857142857142857142
114536;2512;0,142857142857142857142
114536;1173953;0,285714285714285714285
114536;1211346;0,285714285714285714285
116140;5679;0,500000000000000000000
116140;1122255;0,500000000000000000000
116409;11552;1,000000000000000000000
118234;3551;1,000000000000000000000
119483;1206;1,000000000000000000000
131383;2515;0,250000000000000000000
131383;18641;0,750000000000000000000
136664;1063091;1,000000000000000000000
140271;644;0,500000000000000000000
140271;6517;0,500000000000000000000
151929;326597;1,000000000000000000000
157662;1162;0,333333333333333333333
157662;2080;0,333333333333333333333
157662;1077888;0,333333333333333333333
163510;275;0,166666666666666666666
163510;642;0,166666666666666666666
163510;937;0,166666666666666666666
163510;4890;0,166666666666666666666
163510;8539;0,333333333333333333333
173893;9832;1,000000000000000000000
184646;1048958;1,000000000000000000000
184987;3176;1,000000000000000000000
189452;3381;1,000000000000000000000
192866;845;0,333333333333333333333
192866;846;0,333333333333333333333
192866;193005;0,333333333333333333333
193005;845;0,222222222222222222222
193005;846;0,444444444444444444444
193005;1041;0,111111111111111111111
193005;192866;0,222222222222222222222
229072;1988;1,000000000000000000000
248834;5012;0,750000000000000000000
248834;7699;0,250000000000000000000
248837;525;1,000000000000000000000
248838;8446;1,000000000000000000000
255899;682;1,000000000000000000000
256951;3665;1,000000000000000000000
276695;237;0,666666666666666666666
276695;3857;0,333333333333333333333
278351;706;0,250000000000000000000
278351;1142;0,750000000000000000000
279623;367121;1,000000000000000000000
281170;2523;0,500000000000000000000
281170;3601;0,500000000000000000000
282958;5534;1,000000000000000000000
283633;2302;1,000000000000000000000
284853;255899;1,000000000000000000000
306994;458;0,500000000000000000000
306994;2551;0,500000000000000000000
311584;263;0,666666666666666666666
311584;622466;0,333333333333333333333
321395;502;1,000000000000000000000
323416;96;0,500000000000000000000
323416;261;0,500000000000000000000
324897;2196;1,000000000000000000000
326597;524;0,076923076923076923076
326597;2683;0,076923076923076923076
326597;2779;0,076923076923076923076
326597;2780;0,076923076923076923076
326597;3355;0,076923076923076923076
326597;3356;0,076923076923076923076
326597;3714;0,076923076923076923076
326597;4979;0,076923076923076923076
326597;7939;0,076923076923076923076
326597;9026;0,076923076923076923076
326597;9418;0,076923076923076923076
326597;330934;0,076923076923076923076
326597;708789;0,076923076923076923076
328526;9729;1,000000000000000000000
331627;37;0,333333333333333333333
331627;1877;0,333333333333333333333
331627;3518;0,333333333333333333333
336640;1637;1,000000000000000000000
352420;911;1,000000000000000000000
353914;518;1,000000000000000000000
355594;379234;1,000000000000000000000
365531;1877;1,000000000000000000000
365533;609;1,000000000000000000000
366089;194;0,250000000000000000000
366089;1169;0,250000000000000000000
366089;59745;0,250000000000000000000
366089;604246;0,250000000000000000000
366867;1600;1,000000000000000000000
372528;1344;0,500000000000000000000
372528;3104;0,500000000000000000000
373677;9067;1,000000000000000000000
377520;1771;1,000000000000000000000
379234;355594;1,000000000000000000000
381277;458;0,500000000000000000000
381277;713;0,500000000000000000000
389498;366867;1,000000000000000000000
393418;37;0,500000000000000000000
393418;6461;0,500000000000000000000
394755;681;0,500000000000000000000
394755;13176;0,500000000000000000000
398786;749;0,166666666666666666666
398786;1246;0,083333333333333333333
398786;1310;0,083333333333333333333
398786;2054;0,083333333333333333333
398786;2515;0,083333333333333333333
398786;3766;0,083333333333333333333
398786;4225;0,083333333333333333333
398786;4625;0,166666666666666666666
398786;7626;0,083333333333333333333
398786;11415;0,083333333333333333333
403266;477;0,333333333333333333333
403266;4021;0,666666666666666666666
408414;475;0,111111111111111111111
408414;826;0,055555555555555555555
408414;1169;0,166666666666666666666
408414;2196;0,055555555555555555555
408414;2287;0,055555555555555555555
408414;6962;0,055555555555555555555
408414;7160;0,111111111111111111111
408414;59745;0,111111111111111111111
408414;660708;0,111111111111111111111
408414;1051510;0,055555555555555555555
408414;1173768;0,111111111111111111111
413321;2200;1,000000000000000000000
423971;2547;1,000000000000000000000
431565;5643;0,333333333333333333333
431565;1080816;0,666666666666666666666
440497;1094;0,333333333333333333333
440497;4667;0,333333333333333333333
440497;25264;0,333333333333333333333
459252;681;0,333333333333333333333
459252;682;0,333333333333333333333
459252;863;0,333333333333333333333
471750;266;1,000000000000000000000
474028;71;0,142857142857142857142
474028;854;0,142857142857142857142
474028;1569;0,142857142857142857142
474028;2277;0,142857142857142857142
474028;2972;0,142857142857142857142
474028;4629;0,142857142857142857142
474028;1031711;0,142857142857142857142
507180;668;0,750000000000000000000
507180;642255;0,250000000000000000000
512469;2512;1,000000000000000000000
529797;1402;0,500000000000000000000
529797;7994;0,500000000000000000000
533247;846;1,000000000000000000000
547708;2494;0,333333333333333333333
547708;3515;0,666666666666666666666
547774;3650;1,000000000000000000000
559679;2364;1,000000000000000000000
584314;21268;1,000000000000000000000
587053;970;1,000000000000000000000
587057;1234;1,000000000000000000000
589508;713;0,500000000000000000000
589508;2551;0,500000000000000000000
591752;163;1,000000000000000000000
604246;4206;0,750000000000000000000
604246;906176;0,250000000000000000000
606725;458;1,000000000000000000000
612735;13360;1,000000000000000000000
629364;1723;1,000000000000000000000
642255;111;0,166666666666666666666
642255;452;0,166666666666666666666
642255;876;0,166666666666666666666
642255;933;0,166666666666666666666
642255;1116;0,166666666666666666666
642255;3625;0,166666666666666666666
654715;3475;0,500000000000000000000
654715;7574;0,500000000000000000000
669290;28;1,000000000000000000000
693032;281;0,166666666666666666666
693032;1129;0,166666666666666666666
693032;1370;0,166666666666666666666
693032;23720;0,166666666666666666666
693032;791903;0,333333333333333333333
715172;65998;0,333333333333333333333
715172;66075;0,666666666666666666666
727998;423971;1,000000000000000000000
743909;945;1,000000000000000000000
765984;550;0,500000000000000000000
765984;2206;0,500000000000000000000
791903;281;0,200000000000000000000
791903;1129;0,200000000000000000000
791903;1370;0,200000000000000000000
791903;23720;0,200000000000000000000
791903;693032;0,200000000000000000000
813240;249;0,071428571428571428571
813240;268;0,071428571428571428571
813240;283;0,071428571428571428571
813240;1898;0,357142857142857142857
813240;2464;0,071428571428571428571
813240;4777;0,071428571428571428571
813240;329272;0,285714285714285714285
823709;96;1,000000000000000000000
906176;695;0,181818181818181818181
906176;3523;0,272727272727272727272
906176;78108;0,090909090909090909090
906176;366089;0,090909090909090909090
906176;604246;0,363636363636363636363
909216;4538;1,000000000000000000000
931417;232;0,250000000000000000000
931417;1700;0,250000000000000000000
931417;11476;0,250000000000000000000
931417;21396;0,250000000000000000000
983252;846;1,000000000000000000000
1036379;1940;1,000000000000000000000
1048032;859;1,000000000000000000000
1048958;1169;0,444444444444444444444
1048958;184646;0,222222222222222222222
1048958;408414;0,333333333333333333333
1051510;59745;0,400000000000000000000
1051510;408414;0,600000000000000000000
1063091;136664;1,000000000000000000000
1064740;5679;1,000000000000000000000
1075127;1071567;1,000000000000000000000
1080816;982;0,166666666666666666666
1080816;1117;0,166666666666666666666
1080816;2364;0,166666666666666666666
1080816;2972;0,333333333333333333333
1080816;431565;0,166666666666666666666
1082368;266;1,000000000000000000000
1082399;3753;0,500000000000000000000
1082399;3857;0,500000000000000000000
1086504;2792;1,000000000000000000000
1101247;3091;1,000000000000000000000
1101851;4621;1,000000000000000000000
1103804;9722;1,000000000000000000000
1104773;4377;1,000000000000000000000
1107578;27426;1,000000000000000000000
1122255;2972;1,000000000000000000000
1123962;2139;1,000000000000000000000
1128679;1754;1,000000000000000000000
1140570;2591;1,000000000000000000000
1142431;263;0,500000000000000000000
1142431;275;0,500000000000000000000
1142847;2555;0,200000000000000000000
1142847;2916;0,200000000000000000000
1142847;2932;0,600000000000000000000
1173768;13;0,125000000000000000000
1173768;475;0,062500000000000000000
1173768;1169;0,312500000000000000000
1173768;6962;0,062500000000000000000
1173768;59745;0,125000000000000000000
1173768;408414;0,312500000000000000000
1173953;835;0,200000000000000000000
1173953;1763;0,200000000000000000000
1173953;3049;0,200000000000000000000
1173953;114536;0,200000000000000000000
1173953;813240;0,200000000000000000000
1201199;28;1,000000000000000000000
1204501;1822;0,500000000000000000000
1204501;10103;0,500000000000000000000
1211346;2512;0,600000000000000000000
1211346;7057;0,200000000000000000000
1211346;114536;0,200000000000000000000
1217937;615;0,500000000000000000000
1217937;5042;0,500000000000000000000
1218968;4350;0,666666666666666666666
1218968;622466;0,333333333333333333333
1219792;5657;1,000000000000000000000
