7;4534;1,000000000000000000000
20;159;0,111111111111111111111
20;1326;0,111111111111111111111
20;1348;0,111111111111111111111
20;2644;0,111111111111111111111
20;2844;0,111111111111111111111
20;4281;0,111111111111111111111
20;9980;0,111111111111111111111
20;10018;0,111111111111111111111
20;15287;0,111111111111111111111
32;19;1,000000000000000000000
48;4831;1,000000000000000000000
54;4041;0,750000000000000000000
54;6567;0,250000000000000000000
63;1141;1,000000000000000000000
65;138;0,125000000000000000000
65;240;0,125000000000000000000
65;669;0,250000000000000000000
65;1122;0,125000000000000000000
65;1286;0,125000000000000000000
65;3680;0,125000000000000000000
65;112062;0,125000000000000000000
69;719;1,000000000000000000000
71;695;0,125000000000000000000
71;1143;0,250000000000000000000
71;3098;0,125000000000000000000
71;3237;0,125000000000000000000
71;4435;0,125000000000000000000
71;59745;0,125000000000000000000
71;59841;0,125000000000000000000
72;517;0,125000000000000000000
72;830;0,125000000000000000000
72;1277;0,125000000000000000000
72;1361;0,125000000000000000000
72;2203;0,125000000000000000000
72;3395;0,125000000000000000000
72;4020;0,125000000000000000000
72;4510;0,125000000000000000000
77;1263;1,000000000000000000000
83;5591;1,000000000000000000000
90;57838;0,500000000000000000000
90;151009;0,500000000000000000000
96;42;0,272727272727272727272
96;85;0,045454545454545454545
96;249;0,090909090909090909090
96;253;0,045454545454545454545
96;261;0,090909090909090909090
96;420;0,045454545454545454545
96;615;0,136363636363636363636
96;984;0,045454545454545454545
96;1154;0,045454545454545454545
96;2375;0,090909090909090909090
96;4052;0,045454545454545454545
96;7130;0,045454545454545454545
100;837;0,250000000000000000000
100;4020;0,250000000000000000000
100;4512;0,500000000000000000000
101;2543;1,000000000000000000000
108;349;0,500000000000000000000
108;1340;0,500000000000000000000
115;392;0,384615384615384615384
115;490;0,307692307692307692307
115;914;0,076923076923076923076
115;2822;0,153846153846153846153
115;6468;0,076923076923076923076
119;1254;0,750000000000000000000
119;3433;0,250000000000000000000
120;396;0,333333333333333333333
120;402;0,333333333333333333333
120;3513;0,333333333333333333333
135;13;0,250000000000000000000
135;35;0,500000000000000000000
135;1234;0,250000000000000000000
138;1326;0,333333333333333333333
138;4206;0,333333333333333333333
138;17629;0,333333333333333333333
148;37;1,000000000000000000000
151;5522;1,000000000000000000000
155;967;0,333333333333333333333
155;983;0,333333333333333333333
155;6554;0,333333333333333333333
166;3773;1,000000000000000000000
174;1064;0,333333333333333333333
174;1402;0,166666666666666666666
174;1702;0,166666666666666666666
174;8071;0,166666666666666666666
174;27696;0,166666666666666666666
179;37;1,000000000000000000000
183;530;0,200000000000000000000
183;1129;0,600000000000000000000
183;1278;0,200000000000000000000
189;3998;1,000000000000000000000
190;9416;1,000000000000000000000
194;1754;0,500000000000000000000
194;1827;0,500000000000000000000
199;3105;1,000000000000000000000
211;179;0,750000000000000000000
211;212;0,250000000000000000000
218;752;1,000000000000000000000
220;1706;0,153846153846153846153
220;1763;0,076923076923076923076
220;2367;0,384615384615384615384
220;2826;0,153846153846153846153
220;7874;0,153846153846153846153
220;9261;0,076923076923076923076
224;502;0,333333333333333333333
224;904;0,333333333333333333333
224;3515;0,333333333333333333333
232;1064;1,000000000000000000000
248;2474;0,666666666666666666666
248;2716;0,333333333333333333333
249;42;0,200000000000000000000
249;96;0,200000000000000000000
249;237;0,200000000000000000000
249;529;0,100000000000000000000
249;1724;0,100000000000000000000
249;3096;0,100000000000000000000
249;4052;0,100000000000000000000
250;1149;0,142857142857142857142
250;4592;0,857142857142857142857
256;485;1,000000000000000000000
261;96;0,400000000000000000000
261;237;0,200000000000000000000
261;2375;0,200000000000000000000
261;3219;0,200000000000000000000
263;829;0,333333333333333333333
263;830;0,333333333333333333333
263;8253;0,333333333333333333333
266;1080;0,500000000000000000000
266;2383;0,500000000000000000000
267;2713;1,000000000000000000000
273;1997;1,000000000000000000000
276;1945;0,500000000000000000000
276;131383;0,500000000000000000000
279;267;0,058823529411764705882
279;1271;0,588235294117647058823
279;3429;0,117647058823529411764
279;3473;0,058823529411764705882
279;7116;0,117647058823529411764
279;10188;0,058823529411764705882
283;846;0,083333333333333333333
283;967;0,083333333333333333333
283;1342;0,333333333333333333333
283;4747;0,333333333333333333333
283;4777;0,166666666666666666666
284;285;0,500000000000000000000
284;4313;0,500000000000000000000
287;2073;0,600000000000000000000
287;9941;0,400000000000000000000
288;568;0,166666666666666666666
288;1173;0,166666666666666666666
288;6372;0,166666666666666666666
288;8723;0,166666666666666666666
288;27953;0,166666666666666666666
288;37811;0,166666666666666666666
289;492;0,333333333333333333333
289;13270;0,666666666666666666666
290;5679;1,000000000000000000000
292;846;1,000000000000000000000
295;5679;1,000000000000000000000
296;3685;0,500000000000000000000
296;13646;0,500000000000000000000
297;5679;1,000000000000000000000
303;252837;1,000000000000000000000
306;1307;0,200000000000000000000
306;1719;0,200000000000000000000
306;5613;0,200000000000000000000
306;6788;0,400000000000000000000
330;5679;1,000000000000000000000
332;452;0,227272727272727272727
332;718;0,318181818181818181818
332;1116;0,045454545454545454545
332;1174;0,136363636363636363636
332;1625;0,045454545454545454545
332;5071;0,181818181818181818181
332;6962;0,045454545454545454545
346;403;1,000000000000000000000
349;538;1,000000000000000000000
352;356;0,142857142857142857142
352;5679;0,857142857142857142857
375;419;1,000000000000000000000
380;1769;0,500000000000000000000
380;4396;0,500000000000000000000
385;1290;0,500000000000000000000
385;1314;0,500000000000000000000
392;410;0,500000000000000000000
392;3615;0,500000000000000000000
396;415;0,333333333333333333333
396;3097;0,666666666666666666666
397;21112;1,000000000000000000000
399;7341;0,500000000000000000000
399;279623;0,500000000000000000000
402;120;1,000000000000000000000
403;346;1,000000000000000000000
407;904;0,500000000000000000000
407;2585;0,250000000000000000000
407;7574;0,250000000000000000000
410;120;0,052631578947368421052
410;337;0,052631578947368421052
410;392;0,052631578947368421052
410;401;0,052631578947368421052
410;414;0,052631578947368421052
410;415;0,052631578947368421052
410;549;0,052631578947368421052
410;805;0,052631578947368421052
410;1138;0,052631578947368421052
410;1727;0,052631578947368421052
410;2140;0,052631578947368421052
410;2822;0,052631578947368421052
410;3024;0,052631578947368421052
410;3513;0,052631578947368421052
410;4078;0,052631578947368421052
410;6000;0,052631578947368421052
410;8237;0,052631578947368421052
410;8566;0,052631578947368421052
410;13187;0,052631578947368421052
414;829;0,500000000000000000000
414;1727;0,500000000000000000000
415;3446;0,500000000000000000000
415;8017;0,500000000000000000000
419;375;0,090909090909090909090
419;396;0,090909090909090909090
419;399;0,090909090909090909090
419;418;0,090909090909090909090
419;945;0,090909090909090909090
419;1221;0,090909090909090909090
419;1894;0,090909090909090909090
419;2731;0,090909090909090909090
419;3465;0,090909090909090909090
419;8396;0,090909090909090909090
419;59841;0,090909090909090909090
420;96;0,142857142857142857142
420;131;0,142857142857142857142
420;738;0,285714285714285714285
420;1041;0,142857142857142857142
420;1713;0,142857142857142857142
420;2046;0,142857142857142857142
423;3876;0,750000000000000000000
423;12817;0,250000000000000000000
424;4443;1,000000000000000000000
425;5679;1,000000000000000000000
426;423;0,307692307692307692307
426;1574;0,538461538461538461538
426;12817;0,153846153846153846153
427;628;1,000000000000000000000
428;1092;1,000000000000000000000
443;7605;1,000000000000000000000
453;839;0,166666666666666666666
453;1717;0,166666666666666666666
453;4299;0,166666666666666666666
453;4432;0,166666666666666666666
453;4677;0,166666666666666666666
453;70125;0,166666666666666666666
454;240;1,000000000000000000000
455;4187;1,000000000000000000000
464;1085;1,000000000000000000000
466;5679;1,000000000000000000000
469;1717;0,500000000000000000000
469;4458;0,500000000000000000000
472;85;0,500000000000000000000
472;3503;0,500000000000000000000
479;362;0,200000000000000000000
479;1938;0,200000000000000000000
479;8466;0,400000000000000000000
479;8473;0,200000000000000000000
484;1439;0,333333333333333333333
484;1440;0,333333333333333333333
484;1831;0,333333333333333333333
485;256;0,500000000000000000000
485;551;0,166666666666666666666
485;3105;0,333333333333333333333
492;289;0,500000000000000000000
492;2130;0,500000000000000000000
498;12;0,011235955056179775280
498;13;0,011235955056179775280
498;24;0,011235955056179775280
498;74;0,022471910112359550561
498;82;0,011235955056179775280
498;155;0,011235955056179775280
498;246;0,011235955056179775280
498;404;0,022471910112359550561
498;478;0,011235955056179775280
498;499;0,022471910112359550561
498;737;0,011235955056179775280
498;808;0,011235955056179775280
498;869;0,011235955056179775280
498;1020;0,011235955056179775280
498;1033;0,011235955056179775280
498;1118;0,011235955056179775280
498;1173;0,011235955056179775280
498;1313;0,022471910112359550561
498;1402;0,011235955056179775280
498;1482;0,011235955056179775280
498;1634;0,011235955056179775280
498;2216;0,011235955056179775280
498;2414;0,011235955056179775280
498;2832;0,011235955056179775280
498;2961;0,011235955056179775280
498;3197;0,011235955056179775280
498;3446;0,011235955056179775280
498;3449;0,022471910112359550561
498;3473;0,022471910112359550561
498;3678;0,011235955056179775280
498;3763;0,011235955056179775280
498;3876;0,011235955056179775280
498;3877;0,011235955056179775280
498;4421;0,011235955056179775280
498;4429;0,011235955056179775280
498;4433;0,011235955056179775280
498;4463;0,011235955056179775280
498;4486;0,022471910112359550561
498;4570;0,011235955056179775280
498;4995;0,011235955056179775280
498;5438;0,011235955056179775280
498;5443;0,011235955056179775280
498;5459;0,011235955056179775280
498;5557;0,011235955056179775280
498;5638;0,011235955056179775280
498;5679;0,056179775280898876404
498;6372;0,011235955056179775280
498;6554;0,022471910112359550561
498;6892;0,011235955056179775280
498;7183;0,011235955056179775280
498;8163;0,011235955056179775280
498;8723;0,011235955056179775280
498;8738;0,011235955056179775280
498;8909;0,011235955056179775280
498;8912;0,011235955056179775280
498;9489;0,011235955056179775280
498;12440;0,011235955056179775280
498;12670;0,022471910112359550561
498;14841;0,022471910112359550561
498;15906;0,011235955056179775280
498;16880;0,011235955056179775280
498;17678;0,011235955056179775280
498;17789;0,011235955056179775280
498;18622;0,011235955056179775280
498;20984;0,011235955056179775280
498;24049;0,011235955056179775280
498;25229;0,011235955056179775280
498;25334;0,011235955056179775280
498;27436;0,011235955056179775280
498;27848;0,011235955056179775280
498;27953;0,011235955056179775280
498;28445;0,011235955056179775280
498;28705;0,011235955056179775280
498;37811;0,011235955056179775280
498;45711;0,011235955056179775280
502;224;0,142857142857142857142
502;531;0,142857142857142857142
502;3443;0,428571428571428571428
502;3515;0,285714285714285714285
517;829;0,125000000000000000000
517;2972;0,125000000000000000000
517;3203;0,125000000000000000000
517;3395;0,125000000000000000000
517;116140;0,500000000000000000000
519;857;1,000000000000000000000
526;965;0,500000000000000000000
526;2008;0,500000000000000000000
529;71;0,166666666666666666666
529;360;0,166666666666666666666
529;1724;0,166666666666666666666
529;3235;0,166666666666666666666
529;12432;0,166666666666666666666
529;98841;0,166666666666666666666
538;349;0,285714285714285714285
538;351;0,285714285714285714285
538;1027;0,142857142857142857142
538;4278;0,285714285714285714285
543;5061;1,000000000000000000000
545;6694;1,000000000000000000000
546;547;0,500000000000000000000
546;9898;0,500000000000000000000
547;1162;0,500000000000000000000
547;1220;0,500000000000000000000
550;1596;1,000000000000000000000
560;1079;0,300000000000000000000
560;2007;0,300000000000000000000
560;5790;0,200000000000000000000
560;23730;0,200000000000000000000
568;288;0,250000000000000000000
568;4100;0,500000000000000000000
568;11656;0,250000000000000000000
573;10084;1,000000000000000000000
594;977;0,333333333333333333333
594;2825;0,333333333333333333333
594;5679;0,333333333333333333333
600;1079;1,000000000000000000000
608;609;1,000000000000000000000
612;39;1,000000000000000000000
613;4307;0,333333333333333333333
613;4622;0,333333333333333333333
613;6913;0,333333333333333333333
615;96;1,000000000000000000000
620;621;1,000000000000000000000
621;5444;1,000000000000000000000
622;1066;0,500000000000000000000
622;2147;0,500000000000000000000
625;85;0,111111111111111111111
625;122;0,333333333333333333333
625;181;0,111111111111111111111
625;2230;0,333333333333333333333
625;6962;0,111111111111111111111
626;122;1,000000000000000000000
628;74;0,166666666666666666666
628;194;0,166666666666666666666
628;1939;0,166666666666666666666
628;1940;0,333333333333333333333
628;3325;0,166666666666666666666
632;5679;0,500000000000000000000
632;116140;0,250000000000000000000
632;125861;0,250000000000000000000
644;3098;0,500000000000000000000
644;140271;0,500000000000000000000
645;4206;1,000000000000000000000
652;7920;1,000000000000000000000
657;3105;0,500000000000000000000
657;8213;0,250000000000000000000
657;59841;0,250000000000000000000
667;157749;1,000000000000000000000
669;65;0,060606060606060606060
669;138;0,090909090909090909090
669;408;0,060606060606060606060
669;645;0,060606060606060606060
669;689;0,030303030303030303030
669;695;0,030303030303030303030
669;706;0,030303030303030303030
669;1186;0,060606060606060606060
669;1513;0,090909090909090909090
669;1939;0,030303030303030303030
669;2184;0,060606060606060606060
669;2223;0,030303030303030303030
669;2506;0,030303030303030303030
669;3143;0,060606060606060606060
669;3574;0,060606060606060606060
669;3607;0,060606060606060606060
669;4245;0,030303030303030303030
669;7968;0,060606060606060606060
669;14481;0,030303030303030303030
669;59745;0,030303030303030303030
675;281;0,222222222222222222222
675;719;0,055555555555555555555
675;1025;0,222222222222222222222
675;1129;0,111111111111111111111
675;1174;0,111111111111111111111
675;1370;0,277777777777777777777
682;683;0,333333333333333333333
682;6773;0,333333333333333333333
682;13176;0,333333333333333333333
683;682;1,000000000000000000000
689;5618;0,333333333333333333333
689;59745;0,666666666666666666666
694;749;1,000000000000000000000
695;71;0,153846153846153846153
695;669;0,076923076923076923076
695;2223;0,076923076923076923076
695;6994;0,076923076923076923076
695;7968;0,076923076923076923076
695;59745;0,076923076923076923076
695;112062;0,461538461538461538461
708;2991;1,000000000000000000000
713;458;1,000000000000000000000
731;925;1,000000000000000000000
739;1912;1,000000000000000000000
744;283;0,055555555555555555555
744;296;0,055555555555555555555
744;845;0,222222222222222222222
744;2697;0,055555555555555555555
744;2863;0,055555555555555555555
744;3123;0,055555555555555555555
744;3256;0,055555555555555555555
744;3427;0,055555555555555555555
744;3683;0,055555555555555555555
744;5149;0,055555555555555555555
744;7975;0,055555555555555555555
744;8715;0,055555555555555555555
744;14481;0,055555555555555555555
744;131383;0,055555555555555555555
744;192866;0,055555555555555555555
747;213;0,222222222222222222222
747;748;0,111111111111111111111
747;71411;0,222222222222222222222
747;75827;0,333333333333333333333
747;76428;0,111111111111111111111
748;747;0,500000000000000000000
748;76428;0,500000000000000000000
749;5679;1,000000000000000000000
752;218;0,250000000000000000000
752;417;0,250000000000000000000
752;1632;0,500000000000000000000
763;54;0,500000000000000000000
763;1234;0,500000000000000000000
779;830;0,272727272727272727272
779;2364;0,181818181818181818181
779;2500;0,090909090909090909090
779;3395;0,181818181818181818181
779;4989;0,090909090909090909090
779;5640;0,181818181818181818181
784;5591;1,000000000000000000000
791;2254;1,000000000000000000000
794;1596;1,000000000000000000000
802;752;1,000000000000000000000
827;2355;0,500000000000000000000
827;3098;0,500000000000000000000
828;848;1,000000000000000000000
829;263;0,250000000000000000000
829;830;0,500000000000000000000
829;3395;0,250000000000000000000
830;263;0,142857142857142857142
830;517;0,142857142857142857142
830;779;0,428571428571428571428
830;829;0,142857142857142857142
830;3395;0,142857142857142857142
837;194;0,142857142857142857142
837;352;0,142857142857142857142
837;700;0,285714285714285714285
837;1316;0,142857142857142857142
837;4020;0,142857142857142857142
837;4530;0,142857142857142857142
844;360;0,222222222222222222222
844;855;0,222222222222222222222
844;1719;0,555555555555555555555
845;71;0,026315789473684210526
845;283;0,026315789473684210526
845;744;0,210526315789473684210
845;846;0,315789473684210526315
845;1041;0,052631578947368421052
845;2731;0,078947368421052631578
845;59841;0,078947368421052631578
845;192866;0,210526315789473684210
846;283;0,058823529411764705882
846;845;0,352941176470588235294
846;1342;0,058823529411764705882
846;1437;0,058823529411764705882
846;2731;0,117647058823529411764
846;2786;0,058823529411764705882
846;2834;0,058823529411764705882
846;4777;0,058823529411764705882
846;59841;0,176470588235294117647
849;1024;1,000000000000000000000
853;4104;0,500000000000000000000
853;12436;0,500000000000000000000
854;6923;1,000000000000000000000
861;4213;0,666666666666666666666
861;23720;0,333333333333333333333
866;3356;0,333333333333333333333
866;9393;0,333333333333333333333
866;9433;0,333333333333333333333
883;4765;1,000000000000000000000
885;1913;0,500000000000000000000
885;3096;0,500000000000000000000
886;543;0,500000000000000000000
886;5061;0,500000000000000000000
887;1044;1,000000000000000000000
890;1231;1,000000000000000000000
899;602;1,000000000000000000000
904;324;0,333333333333333333333
904;846;0,333333333333333333333
904;5852;0,333333333333333333333
911;2280;0,555555555555555555555
911;4262;0,444444444444444444444
918;1027;1,000000000000000000000
920;38;0,250000000000000000000
920;1083;0,500000000000000000000
920;2576;0,250000000000000000000
925;731;0,333333333333333333333
925;6567;0,333333333333333333333
925;8473;0,333333333333333333333
930;3697;0,500000000000000000000
930;9340;0,500000000000000000000
943;61;0,090909090909090909090
943;334;0,090909090909090909090
943;1171;0,090909090909090909090
943;1422;0,090909090909090909090
943;1673;0,181818181818181818181
943;3513;0,090909090909090909090
943;4831;0,090909090909090909090
943;4997;0,090909090909090909090
943;8438;0,090909090909090909090
943;8475;0,090909090909090909090
945;5679;1,000000000000000000000
955;1751;1,000000000000000000000
966;846;0,500000000000000000000
966;2146;0,500000000000000000000
967;283;1,000000000000000000000
977;866;0,714285714285714285714
977;4281;0,142857142857142857142
977;27763;0,142857142857142857142
978;74;1,000000000000000000000
980;96;0,250000000000000000000
980;3219;0,500000000000000000000
980;3857;0,250000000000000000000
982;845;0,500000000000000000000
982;1041;0,500000000000000000000
983;1118;0,333333333333333333333
983;2445;0,333333333333333333333
983;4205;0,333333333333333333333
984;96;1,000000000000000000000
988;547;1,000000000000000000000
992;113;0,083333333333333333333
992;1277;0,083333333333333333333
992;1647;0,083333333333333333333
992;1931;0,166666666666666666666
992;2684;0,166666666666666666666
992;115105;0,416666666666666666666
995;237;0,090909090909090909090
995;247;0,090909090909090909090
995;793;0,090909090909090909090
995;1988;0,090909090909090909090
995;3100;0,272727272727272727272
995;8453;0,090909090909090909090
995;8513;0,090909090909090909090
995;17280;0,181818181818181818181
1010;1018;0,400000000000000000000
1010;2001;0,600000000000000000000
1014;1563;1,000000000000000000000
1018;2001;1,000000000000000000000
1035;2825;1,000000000000000000000
1041;240;0,062500000000000000000
1041;420;0,062500000000000000000
1041;744;0,062500000000000000000
1041;845;0,187500000000000000000
1041;982;0,187500000000000000000
1041;2046;0,062500000000000000000
1041;2287;0,125000000000000000000
1041;5380;0,187500000000000000000
1041;25230;0,062500000000000000000
1044;3403;1,000000000000000000000
1053;1949;1,000000000000000000000
1058;2204;1,000000000000000000000
1064;174;0,500000000000000000000
1064;4518;0,500000000000000000000
1066;2697;0,666666666666666666666
1066;5557;0,333333333333333333333
1076;2551;1,000000000000000000000
1079;560;0,400000000000000000000
1079;600;0,200000000000000000000
1079;2007;0,200000000000000000000
1079;8568;0,200000000000000000000
1082;891;0,600000000000000000000
1082;1083;0,400000000000000000000
1083;920;0,400000000000000000000
1083;1082;0,400000000000000000000
1083;12755;0,200000000000000000000
1085;464;0,666666666666666666666
1085;1406;0,333333333333333333333
1109;2050;0,333333333333333333333
1109;5564;0,666666666666666666666
1118;5679;1,000000000000000000000
1121;77;0,500000000000000000000
1121;2146;0,500000000000000000000
1127;5262;0,500000000000000000000
1127;5536;0,250000000000000000000
1127;279623;0,250000000000000000000
1142;3246;0,500000000000000000000
1142;59841;0,500000000000000000000
1143;71;1,000000000000000000000
1154;85;0,125000000000000000000
1154;122;0,125000000000000000000
1154;222;0,500000000000000000000
1154;1153;0,125000000000000000000
1154;1637;0,125000000000000000000
1160;1513;1,000000000000000000000
1168;8000;0,250000000000000000000
1168;8827;0,250000000000000000000
1168;12706;0,500000000000000000000
1169;71;0,071428571428571428571
1169;100;0,071428571428571428571
1169;276;0,071428571428571428571
1169;695;0,071428571428571428571
1169;696;0,071428571428571428571
1169;1939;0,014285714285714285714
1169;1942;0,071428571428571428571
1169;1943;0,071428571428571428571
1169;1944;0,071428571428571428571
1169;1945;0,071428571428571428571
1169;1946;0,028571428571428571428
1169;3523;0,071428571428571428571
1169;4512;0,071428571428571428571
1169;59745;0,085714285714285714285
1169;59841;0,014285714285714285714
1169;98841;0,071428571428571428571
1174;111;0,037037037037037037037
1174;281;0,037037037037037037037
1174;332;0,074074074074074074074
1174;530;0,074074074074074074074
1174;675;0,111111111111111111111
1174;718;0,037037037037037037037
1174;719;0,074074074074074074074
1174;754;0,074074074074074074074
1174;1116;0,037037037037037037037
1174;1129;0,074074074074074074074
1174;1361;0,111111111111111111111
1174;1370;0,074074074074074074074
1174;1745;0,037037037037037037037
1174;4173;0,037037037037037037037
1174;5148;0,037037037037037037037
1174;136664;0,074074074074074074074
1178;6007;1,000000000000000000000
1181;852;0,142857142857142857142
1181;1314;0,142857142857142857142
1181;3374;0,428571428571428571428
1181;3395;0,142857142857142857142
1181;4996;0,142857142857142857142
1197;8276;1,000000000000000000000
1220;547;0,500000000000000000000
1220;2275;0,500000000000000000000
1227;9722;0,500000000000000000000
1227;9762;0,500000000000000000000
1231;16;0,086956521739130434782
1231;57;0,086956521739130434782
1231;890;0,086956521739130434782
1231;2736;0,086956521739130434782
1231;2739;0,086956521739130434782
1231;3141;0,173913043478260869565
1231;3145;0,086956521739130434782
1231;4501;0,130434782608695652173
1231;6503;0,086956521739130434782
1231;6514;0,086956521739130434782
1234;1236;0,200000000000000000000
1234;1277;0,400000000000000000000
1234;1340;0,200000000000000000000
1234;1591;0,200000000000000000000
1235;351;0,250000000000000000000
1235;1234;0,250000000000000000000
1235;1277;0,250000000000000000000
1235;3393;0,250000000000000000000
1254;3105;0,500000000000000000000
1254;5149;0,500000000000000000000
1265;2140;1,000000000000000000000
1271;279;0,666666666666666666666
1271;533;0,333333333333333333333
1277;72;0,058823529411764705882
1277;135;0,058823529411764705882
1277;992;0,058823529411764705882
1277;1058;0,058823529411764705882
1277;1234;0,294117647058823529411
1277;1236;0,058823529411764705882
1277;1278;0,058823529411764705882
1277;1815;0,058823529411764705882
1277;2684;0,117647058823529411764
1277;3235;0,058823529411764705882
1277;4020;0,058823529411764705882
1277;21154;0,058823529411764705882
1278;135;1,000000000000000000000
1286;7941;1,000000000000000000000
1310;1868;0,428571428571428571428
1310;2991;0,285714285714285714285
1310;5289;0,142857142857142857142
1310;8095;0,142857142857142857142
1316;837;1,000000000000000000000
1319;13796;1,000000000000000000000
1321;2479;1,000000000000000000000
1322;863;1,000000000000000000000
1325;1333;1,000000000000000000000
1326;138;0,500000000000000000000
1326;1337;0,500000000000000000000
1328;307;0,018518518518518518518
1328;1114;0,055555555555555555555
1328;1200;0,018518518518518518518
1328;1240;0,055555555555555555555
1328;1324;0,018518518518518518518
1328;1325;0,055555555555555555555
1328;1326;0,055555555555555555555
1328;1327;0,055555555555555555555
1328;1329;0,055555555555555555555
1328;1330;0,037037037037037037037
1328;1331;0,055555555555555555555
1328;1332;0,018518518518518518518
1328;1333;0,055555555555555555555
1328;1334;0,055555555555555555555
1328;1335;0,055555555555555555555
1328;1336;0,055555555555555555555
1328;1337;0,055555555555555555555
1328;1338;0,055555555555555555555
1328;2152;0,055555555555555555555
1328;15437;0,055555555555555555555
1328;17047;0,055555555555555555555
1330;5679;1,000000000000000000000
1332;1330;1,000000000000000000000
1333;1325;1,000000000000000000000
1340;108;0,250000000000000000000
1340;351;0,500000000000000000000
1340;3362;0,250000000000000000000
1342;11;0,166666666666666666666
1342;283;0,166666666666666666666
1342;846;0,166666666666666666666
1342;1142;0,166666666666666666666
1342;4747;0,166666666666666666666
1342;245879;0,166666666666666666666
1344;7434;1,000000000000000000000
1348;658;1,000000000000000000000
1364;237;1,000000000000000000000
1370;452;0,666666666666666666666
1370;1174;0,333333333333333333333
1393;6316;1,000000000000000000000
1397;4334;1,000000000000000000000
1401;3085;1,000000000000000000000
1424;1910;1,000000000000000000000
1425;228;1,000000000000000000000
1432;17549;1,000000000000000000000
1437;148;0,111111111111111111111
1437;846;0,111111111111111111111
1437;7130;0,111111111111111111111
1437;192866;0,666666666666666666666
1439;5679;1,000000000000000000000
1445;6503;1,000000000000000000000
1446;1447;0,500000000000000000000
1446;18258;0,500000000000000000000
1447;1069;0,500000000000000000000
1447;1446;0,500000000000000000000
1454;1173;0,200000000000000000000
1454;1693;0,400000000000000000000
1454;1694;0,200000000000000000000
1454;2826;0,200000000000000000000
1479;8928;1,000000000000000000000
1485;5679;1,000000000000000000000
1487;909;1,000000000000000000000
1498;1991;1,000000000000000000000
1500;1096;1,000000000000000000000
1513;1160;1,000000000000000000000
1515;4592;1,000000000000000000000
1526;4713;1,000000000000000000000
1527;4497;1,000000000000000000000
1540;852;1,000000000000000000000
1544;859;0,250000000000000000000
1544;1979;0,500000000000000000000
1544;5679;0,250000000000000000000
1554;521;0,250000000000000000000
1554;793;0,250000000000000000000
1554;1845;0,500000000000000000000
1556;3683;0,500000000000000000000
1556;5921;0,500000000000000000000
1565;4526;1,000000000000000000000
1570;5679;1,000000000000000000000
1574;423;0,833333333333333333333
1574;12269;0,166666666666666666666
1591;1234;0,400000000000000000000
1591;2714;0,400000000000000000000
1591;8630;0,200000000000000000000
1596;5440;0,375000000000000000000
1596;7866;0,125000000000000000000
1596;11235;0,500000000000000000000
1598;2239;0,500000000000000000000
1598;4461;0,500000000000000000000
1609;1610;0,666666666666666666666
1609;4089;0,333333333333333333333
1610;1609;0,500000000000000000000
1610;13291;0,500000000000000000000
1616;113;1,000000000000000000000
1625;332;1,000000000000000000000
1632;752;1,000000000000000000000
1637;411;0,125000000000000000000
1637;635;0,125000000000000000000
1637;1464;0,125000000000000000000
1637;1762;0,375000000000000000000
1637;2712;0,125000000000000000000
1637;4031;0,125000000000000000000
1650;5666;1,000000000000000000000
1657;59841;1,000000000000000000000
1681;733;0,333333333333333333333
1681;2923;0,333333333333333333333
1681;2937;0,333333333333333333333
1685;2968;1,000000000000000000000
1702;174;1,000000000000000000000
1710;675;1,000000000000000000000
1717;469;0,285714285714285714285
1717;2057;0,142857142857142857142
1717;3017;0,142857142857142857142
1717;4424;0,142857142857142857142
1717;4772;0,142857142857142857142
1717;5610;0,142857142857142857142
1727;402;0,500000000000000000000
1727;410;0,500000000000000000000
1729;1728;1,000000000000000000000
1751;955;0,500000000000000000000
1751;1046;0,500000000000000000000
1754;39;0,041666666666666666666
1754;65;0,041666666666666666666
1754;472;0,083333333333333333333
1754;748;0,041666666666666666666
1754;1276;0,041666666666666666666
1754;1708;0,041666666666666666666
1754;1762;0,166666666666666666666
1754;2021;0,041666666666666666666
1754;2133;0,041666666666666666666
1754;2844;0,166666666666666666666
1754;3680;0,083333333333333333333
1754;4613;0,083333333333333333333
1754;7215;0,041666666666666666666
1754;7630;0,083333333333333333333
1762;403;0,166666666666666666666
1762;1637;0,333333333333333333333
1762;1754;0,333333333333333333333
1762;5626;0,166666666666666666666
1771;1220;1,000000000000000000000
1778;5935;1,000000000000000000000
1815;1277;1,000000000000000000000
1822;5852;1,000000000000000000000
1831;484;1,000000000000000000000
1839;5679;1,000000000000000000000
1853;37814;1,000000000000000000000
1854;23730;1,000000000000000000000
1856;2029;1,000000000000000000000
1862;83;1,000000000000000000000
1868;1310;0,666666666666666666666
1868;2991;0,333333333333333333333
1891;54;1,000000000000000000000
1897;1600;0,500000000000000000000
1897;3548;0,500000000000000000000
1901;15906;1,000000000000000000000
1903;1902;1,000000000000000000000
1910;1424;0,333333333333333333333
1910;6130;0,666666666666666666666
1912;739;0,250000000000000000000
1912;740;0,250000000000000000000
1912;8830;0,500000000000000000000
1913;885;0,333333333333333333333
1913;1902;0,666666666666666666666
1917;3503;1,000000000000000000000
1931;2684;1,000000000000000000000
1948;57;0,333333333333333333333
1948;9968;0,333333333333333333333
1948;140271;0,333333333333333333333
1949;652;0,111111111111111111111
1949;748;0,111111111111111111111
1949;793;0,111111111111111111111
1949;1053;0,222222222222222222222
1949;4101;0,111111111111111111111
1949;4102;0,111111111111111111111
1949;4933;0,111111111111111111111
1949;7920;0,111111111111111111111
1983;8489;1,000000000000000000000
2008;526;1,000000000000000000000
2012;2137;1,000000000000000000000
2021;24;1,000000000000000000000
2027;2492;1,000000000000000000000
2041;5564;1,000000000000000000000
2046;178;0,111111111111111111111
2046;240;0,111111111111111111111
2046;420;0,111111111111111111111
2046;1041;0,222222222222222222222
2046;1756;0,111111111111111111111
2046;2302;0,111111111111111111111
2046;2709;0,111111111111111111111
2046;5564;0,111111111111111111111
2050;1109;0,500000000000000000000
2050;6189;0,500000000000000000000
2059;25849;1,000000000000000000000
2064;8623;1,000000000000000000000
2073;287;1,000000000000000000000
2078;7;0,666666666666666666666
2078;7585;0,333333333333333333333
2080;10338;1,000000000000000000000
2086;4510;0,500000000000000000000
2086;5679;0,500000000000000000000
2117;5493;1,000000000000000000000
2137;2012;0,500000000000000000000
2137;9982;0,500000000000000000000
2139;1513;1,000000000000000000000
2140;392;0,500000000000000000000
2140;396;0,500000000000000000000
2146;965;0,250000000000000000000
2146;966;0,250000000000000000000
2146;1443;0,250000000000000000000
2146;2147;0,250000000000000000000
2147;77;0,250000000000000000000
2147;1066;0,250000000000000000000
2147;1263;0,250000000000000000000
2147;2786;0,250000000000000000000
2175;72;0,125000000000000000000
2175;135;0,125000000000000000000
2175;4020;0,125000000000000000000
2175;4145;0,125000000000000000000
2175;65998;0,500000000000000000000
2180;5679;1,000000000000000000000
2191;2844;1,000000000000000000000
2196;149;0,500000000000000000000
2196;2195;0,500000000000000000000
2200;4627;1,000000000000000000000
2204;3188;1,000000000000000000000
2215;2214;1,000000000000000000000
2239;2578;1,000000000000000000000
2246;28747;1,000000000000000000000
2249;2326;1,000000000000000000000
2269;237;0,600000000000000000000
2269;2133;0,200000000000000000000
2269;4098;0,200000000000000000000
2287;1041;0,200000000000000000000
2287;4058;0,300000000000000000000
2287;6567;0,400000000000000000000
2287;12430;0,100000000000000000000
2310;485;1,000000000000000000000
2318;1319;1,000000000000000000000
2330;3393;1,000000000000000000000
2352;5061;0,333333333333333333333
2352;24839;0,666666666666666666666
2355;827;0,166666666666666666666
2355;3098;0,166666666666666666666
2355;3123;0,166666666666666666666
2355;3141;0,166666666666666666666
2355;4853;0,333333333333333333333
2364;779;0,090909090909090909090
2364;1135;0,090909090909090909090
2364;2500;0,181818181818181818181
2364;5679;0,272727272727272727272
2364;8253;0,090909090909090909090
2364;116140;0,181818181818181818181
2364;125861;0,090909090909090909090
2383;266;1,000000000000000000000
2403;151;0,500000000000000000000
2403;5519;0,500000000000000000000
2414;498;0,500000000000000000000
2414;835;0,500000000000000000000
2419;6413;1,000000000000000000000
2427;104;0,750000000000000000000
2427;1498;0,250000000000000000000
2434;1671;0,500000000000000000000
2434;2738;0,500000000000000000000
2445;983;0,500000000000000000000
2445;2962;0,500000000000000000000
2479;1321;1,000000000000000000000
2498;140271;1,000000000000000000000
2500;779;0,400000000000000000000
2500;4052;0,200000000000000000000
2500;7135;0,200000000000000000000
2500;73134;0,200000000000000000000
2503;6465;1,000000000000000000000
2504;8143;0,500000000000000000000
2504;251584;0,500000000000000000000
2520;8281;1,000000000000000000000
2551;407;0,142857142857142857142
2551;1076;0,142857142857142857142
2551;1139;0,142857142857142857142
2551;2175;0,285714285714285714285
2551;7030;0,142857142857142857142
2551;27686;0,142857142857142857142
2576;38;0,500000000000000000000
2576;920;0,500000000000000000000
2578;4361;1,000000000000000000000
2585;3779;1,000000000000000000000
2607;3971;1,000000000000000000000
2644;20;1,000000000000000000000
2647;484;1,000000000000000000000
2655;3429;1,000000000000000000000
2678;10860;1,000000000000000000000
2684;675;0,083333333333333333333
2684;992;0,083333333333333333333
2684;1236;0,083333333333333333333
2684;1277;0,083333333333333333333
2684;2111;0,166666666666666666666
2684;21154;0,083333333333333333333
2684;115105;0,416666666666666666666
2697;1066;1,000000000000000000000
2713;1889;0,142857142857142857142
2713;2515;0,142857142857142857142
2713;4592;0,142857142857142857142
2713;6347;0,571428571428571428571
2734;747;1,000000000000000000000
2737;1286;0,500000000000000000000
2737;14465;0,500000000000000000000
2739;4501;1,000000000000000000000
2786;846;0,200000000000000000000
2786;965;0,200000000000000000000
2786;1681;0,400000000000000000000
2786;2147;0,200000000000000000000
2792;54;1,000000000000000000000
2802;71;1,000000000000000000000
2803;890;1,000000000000000000000
2823;3141;1,000000000000000000000
2825;12;0,100000000000000000000
2825;127;0,100000000000000000000
2825;2826;0,100000000000000000000
2825;3704;0,100000000000000000000
2825;3998;0,100000000000000000000
2825;4765;0,100000000000000000000
2825;5557;0,100000000000000000000
2825;8525;0,100000000000000000000
2825;237304;0,200000000000000000000
2826;220;0,500000000000000000000
2826;3268;0,500000000000000000000
2834;283;0,300000000000000000000
2834;846;0,100000000000000000000
2834;1681;0,200000000000000000000
2834;4777;0,200000000000000000000
2834;163510;0,200000000000000000000
2850;3911;1,000000000000000000000
2882;658;0,750000000000000000000
2882;4780;0,250000000000000000000
2968;1685;0,250000000000000000000
2968;1686;0,250000000000000000000
2968;1763;0,250000000000000000000
2968;9955;0,250000000000000000000
2990;285;1,000000000000000000000
2991;1310;1,000000000000000000000
3085;960;0,083333333333333333333
3085;1443;0,083333333333333333333
3085;2697;0,083333333333333333333
3085;4146;0,083333333333333333333
3085;4147;0,083333333333333333333
3085;5367;0,083333333333333333333
3085;5679;0,083333333333333333333
3085;10658;0,083333333333333333333
3085;14899;0,083333333333333333333
3085;17323;0,083333333333333333333
3085;169356;0,166666666666666666666
3097;396;1,000000000000000000000
3098;1948;1,000000000000000000000
3100;995;1,000000000000000000000
3105;485;0,333333333333333333333
3105;657;0,333333333333333333333
3105;1254;0,166666666666666666666
3105;3427;0,166666666666666666666
3122;5679;1,000000000000000000000
3123;744;0,062500000000000000000
3123;846;0,062500000000000000000
3123;1152;0,312500000000000000000
3123;2736;0,187500000000000000000
3123;3098;0,062500000000000000000
3123;5136;0,312500000000000000000
3141;1231;0,222222222222222222222
3141;2355;0,222222222222222222222
3141;2736;0,111111111111111111111
3141;2823;0,222222222222222222222
3141;4306;0,111111111111111111111
3141;16786;0,111111111111111111111
3142;2737;1,000000000000000000000
3143;138;0,500000000000000000000
3143;4206;0,500000000000000000000
3145;1231;1,000000000000000000000
3146;11527;1,000000000000000000000
3169;35;0,250000000000000000000
3169;4991;0,250000000000000000000
3169;5007;0,250000000000000000000
3169;8464;0,250000000000000000000
3176;1135;0,500000000000000000000
3176;2467;0,500000000000000000000
3188;2204;1,000000000000000000000
3204;918;1,000000000000000000000
3237;71;1,000000000000000000000
3241;289;1,000000000000000000000
3256;738;0,500000000000000000000
3256;744;0,500000000000000000000
3340;5679;1,000000000000000000000
3356;3355;1,000000000000000000000
3359;1704;0,250000000000000000000
3359;1708;0,250000000000000000000
3359;59745;0,500000000000000000000
3362;1340;1,000000000000000000000
3383;196;0,833333333333333333333
3383;4787;0,166666666666666666666
3393;85;0,333333333333333333333
3393;122;0,666666666666666666666
3395;72;0,333333333333333333333
3395;779;0,666666666666666666666
3403;1044;1,000000000000000000000
3414;4262;0,925925925925925925925
3414;14465;0,074074074074074074074
3418;4697;1,000000000000000000000
3420;904;0,500000000000000000000
3420;2127;0,500000000000000000000
3427;174;0,166666666666666666666
3427;1454;0,166666666666666666666
3427;1563;0,166666666666666666666
3427;8213;0,166666666666666666666
3427;59841;0,166666666666666666666
3427;114536;0,166666666666666666666
3429;279;0,500000000000000000000
3429;2655;0,500000000000000000000
3431;9982;1,000000000000000000000
3436;9832;1,000000000000000000000
3443;502;0,333333333333333333333
3443;3515;0,666666666666666666666
3446;415;1,000000000000000000000
3473;279;0,111111111111111111111
3473;826;0,333333333333333333333
3473;7049;0,222222222222222222222
3473;191508;0,333333333333333333333
3496;7;1,000000000000000000000
3499;1265;1,000000000000000000000
3500;2403;1,000000000000000000000
3513;120;0,250000000000000000000
3513;410;0,250000000000000000000
3513;943;0,250000000000000000000
3513;8566;0,250000000000000000000
3515;224;0,166666666666666666666
3515;502;0,333333333333333333333
3515;1131;0,333333333333333333333
3515;3443;0,166666666666666666666
3528;2302;1,000000000000000000000
3574;4853;1,000000000000000000000
3587;8464;1,000000000000000000000
3615;392;0,500000000000000000000
3615;3747;0,500000000000000000000
3618;2678;1,000000000000000000000
3625;80;0,250000000000000000000
3625;668;0,250000000000000000000
3625;1027;0,250000000000000000000
3625;1248;0,250000000000000000000
3633;13253;1,000000000000000000000
3636;85;0,500000000000000000000
3636;8489;0,500000000000000000000
3665;1650;0,333333333333333333333
3665;4497;0,666666666666666666666
3667;7;0,500000000000000000000
3667;17269;0,500000000000000000000
3680;65;0,250000000000000000000
3680;194;0,250000000000000000000
3680;528;0,250000000000000000000
3680;1754;0,250000000000000000000
3685;5627;0,333333333333333333333
3685;8267;0,333333333333333333333
3685;8306;0,333333333333333333333
3697;930;1,000000000000000000000
3714;7328;1,000000000000000000000
3738;475;1,000000000000000000000
3779;2585;1,000000000000000000000
3781;3736;1,000000000000000000000
3802;1939;1,000000000000000000000
3829;1085;1,000000000000000000000
3842;5010;0,500000000000000000000
3842;5037;0,500000000000000000000
3857;96;0,500000000000000000000
3857;980;0,500000000000000000000
3876;423;0,500000000000000000000
3876;140271;0,500000000000000000000
3877;39;0,250000000000000000000
3877;956;0,250000000000000000000
3877;1600;0,250000000000000000000
3877;8350;0,250000000000000000000
3911;1719;0,500000000000000000000
3911;24838;0,500000000000000000000
3944;3557;1,000000000000000000000
3971;2607;1,000000000000000000000
3991;9624;0,500000000000000000000
3991;151009;0,500000000000000000000
3996;48255;1,000000000000000000000
3998;189;0,500000000000000000000
3998;9392;0,500000000000000000000
4000;4877;1,000000000000000000000
4004;1307;0,500000000000000000000
4004;2547;0,250000000000000000000
4004;59745;0,250000000000000000000
4020;100;0,181818181818181818181
4020;135;0,090909090909090909090
4020;1277;0,181818181818181818181
4020;1316;0,090909090909090909090
4020;2175;0,090909090909090909090
4020;5679;0,272727272727272727272
4020;8163;0,090909090909090909090
4031;1637;1,000000000000000000000
4041;54;0,666666666666666666666
4041;2206;0,166666666666666666666
4041;54440;0,166666666666666666666
4052;96;0,500000000000000000000
4052;249;0,500000000000000000000
4058;2287;0,500000000000000000000
4058;12430;0,500000000000000000000
4064;2223;1,000000000000000000000
4078;410;1,000000000000000000000
4085;1560;0,066666666666666666666
4085;3647;0,066666666666666666666
4085;3648;0,066666666666666666666
4085;3768;0,066666666666666666666
4085;6634;0,066666666666666666666
4085;7146;0,066666666666666666666
4085;11476;0,066666666666666666666
4085;13291;0,066666666666666666666
4085;19176;0,066666666666666666666
4085;19177;0,066666666666666666666
4085;20915;0,066666666666666666666
4085;21396;0,066666666666666666666
4085;21750;0,066666666666666666666
4085;24209;0,066666666666666666666
4085;24810;0,066666666666666666666
4089;1609;1,000000000000000000000
4099;4772;1,000000000000000000000
4145;2175;0,400000000000000000000
4145;65998;0,400000000000000000000
4145;66075;0,200000000000000000000
4148;447;1,000000000000000000000
4159;2414;1,000000000000000000000
4187;455;1,000000000000000000000
4205;13;0,333333333333333333333
4205;983;0,333333333333333333333
4205;3100;0,333333333333333333333
4213;861;0,666666666666666666666
4213;1448;0,333333333333333333333
4262;911;0,333333333333333333333
4262;3414;0,666666666666666666666
4271;1393;1,000000000000000000000
4278;538;1,000000000000000000000
4281;4280;0,500000000000000000000
4281;5679;0,500000000000000000000
4307;613;0,200000000000000000000
4307;3811;0,400000000000000000000
4307;5093;0,200000000000000000000
4307;89874;0,200000000000000000000
4317;5679;1,000000000000000000000
4334;1397;1,000000000000000000000
4364;4561;1,000000000000000000000
4421;523;0,052631578947368421052
4421;864;0,052631578947368421052
4421;2188;0,052631578947368421052
4421;3189;0,052631578947368421052
4421;4091;0,052631578947368421052
4421;4877;0,052631578947368421052
4421;5470;0,052631578947368421052
4421;5667;0,052631578947368421052
4421;5800;0,052631578947368421052
4421;6372;0,052631578947368421052
4421;6991;0,052631578947368421052
4421;6992;0,052631578947368421052
4421;14050;0,052631578947368421052
4421;15906;0,052631578947368421052
4421;18149;0,052631578947368421052
4421;20436;0,052631578947368421052
4421;21511;0,052631578947368421052
4421;21515;0,052631578947368421052
4421;28661;0,052631578947368421052
4433;469;1,000000000000000000000
4435;71;1,000000000000000000000
4443;1535;0,500000000000000000000
4443;4474;0,500000000000000000000
4453;1498;1,000000000000000000000
4458;469;0,500000000000000000000
4458;4432;0,500000000000000000000
4486;1501;1,000000000000000000000
4497;1527;0,250000000000000000000
4497;3665;0,500000000000000000000
4497;7578;0,250000000000000000000
4501;1231;0,500000000000000000000
4501;2736;0,500000000000000000000
4510;441;0,200000000000000000000
4510;1117;0,200000000000000000000
4510;2086;0,200000000000000000000
4510;3394;0,200000000000000000000
4510;3664;0,200000000000000000000
4552;41;0,500000000000000000000
4552;1261;0,500000000000000000000
4592;1499;0,500000000000000000000
4592;2713;0,500000000000000000000
4638;4552;1,000000000000000000000
4639;2021;0,500000000000000000000
4639;28421;0,500000000000000000000
4681;955;1,000000000000000000000
4697;3418;1,000000000000000000000
4713;1526;1,000000000000000000000
4722;85;1,000000000000000000000
4747;1142;0,500000000000000000000
4747;59841;0,500000000000000000000
4748;14073;1,000000000000000000000
4755;925;1,000000000000000000000
4772;1717;0,333333333333333333333
4772;2057;0,333333333333333333333
4772;4099;0,333333333333333333333
4780;658;0,333333333333333333333
4780;3802;0,333333333333333333333
4780;5089;0,333333333333333333333
4787;3383;1,000000000000000000000
4821;7660;1,000000000000000000000
4825;17918;1,000000000000000000000
4877;4000;1,000000000000000000000
4918;1157;0,333333333333333333333
4918;8164;0,333333333333333333333
4918;9513;0,333333333333333333333
4935;2288;1,000000000000000000000
4942;9898;1,000000000000000000000
4988;3203;1,000000000000000000000
4989;779;1,000000000000000000000
5061;543;0,066666666666666666666
5061;607;0,066666666666666666666
5061;886;0,066666666666666666666
5061;1923;0,066666666666666666666
5061;2352;0,066666666666666666666
5061;2469;0,133333333333333333333
5061;3015;0,066666666666666666666
5061;4814;0,066666666666666666666
5061;5528;0,066666666666666666666
5061;6856;0,066666666666666666666
5061;6994;0,066666666666666666666
5061;6997;0,066666666666666666666
5061;10640;0,066666666666666666666
5061;15762;0,066666666666666666666
5071;332;0,600000000000000000000
5071;1706;0,200000000000000000000
5071;8899;0,200000000000000000000
5082;2216;0,500000000000000000000
5082;8143;0,500000000000000000000
5089;3975;0,333333333333333333333
5089;4268;0,333333333333333333333
5089;4780;0,333333333333333333333
5093;4307;1,000000000000000000000
5136;3519;1,000000000000000000000
5149;657;0,230769230769230769230
5149;744;0,076923076923076923076
5149;846;0,076923076923076923076
5149;1344;0,230769230769230769230
5149;1759;0,153846153846153846153
5149;3105;0,230769230769230769230
5174;7886;1,000000000000000000000
5177;2731;0,500000000000000000000
5177;4621;0,500000000000000000000
5239;6635;1,000000000000000000000
5264;9433;1,000000000000000000000
5309;7131;1,000000000000000000000
5360;1894;1,000000000000000000000
5367;1121;1,000000000000000000000
5395;54;1,000000000000000000000
5440;1596;1,000000000000000000000
5444;621;1,000000000000000000000
5469;1109;1,000000000000000000000
5506;5915;1,000000000000000000000
5519;2403;1,000000000000000000000
5564;77;0,071428571428571428571
5564;192;0,071428571428571428571
5564;1109;0,214285714285714285714
5564;1263;0,071428571428571428571
5564;2041;0,214285714285714285714
5564;3271;0,071428571428571428571
5564;3296;0,071428571428571428571
5564;3591;0,142857142857142857142
5564;10946;0,071428571428571428571
5591;6635;1,000000000000000000000
5603;1600;1,000000000000000000000
5611;1942;1,000000000000000000000
5613;1855;1,000000000000000000000
5617;5679;1,000000000000000000000
5621;5679;1,000000000000000000000
5635;5679;1,000000000000000000000
5638;1681;0,500000000000000000000
5638;1945;0,500000000000000000000
5643;5679;1,000000000000000000000
5651;2491;1,000000000000000000000
5751;85;1,000000000000000000000
5782;8453;1,000000000000000000000
5784;1239;1,000000000000000000000
5852;904;1,000000000000000000000
5915;5506;0,500000000000000000000
5915;9159;0,500000000000000000000
6000;120;0,083333333333333333333
6000;392;0,083333333333333333333
6000;410;0,083333333333333333333
6000;414;0,083333333333333333333
6000;415;0,083333333333333333333
6000;1727;0,083333333333333333333
6000;2140;0,083333333333333333333
6000;2822;0,083333333333333333333
6000;3513;0,083333333333333333333
6000;4078;0,083333333333333333333
6000;8566;0,166666666666666666666
6105;1583;1,000000000000000000000
6130;1910;1,000000000000000000000
6189;90;0,333333333333333333333
6189;2050;0,333333333333333333333
6189;3142;0,333333333333333333333
6190;1827;1,000000000000000000000
6262;12356;1,000000000000000000000
6267;997;1,000000000000000000000
6326;3214;1,000000000000000000000
6353;6354;1,000000000000000000000
6413;469;0,187500000000000000000
6413;2179;0,250000000000000000000
6413;2419;0,187500000000000000000
6413;6201;0,187500000000000000000
6413;21065;0,187500000000000000000
6468;115;1,000000000000000000000
6497;464;0,500000000000000000000
6497;21102;0,500000000000000000000
6543;122;1,000000000000000000000
6567;54;0,166666666666666666666
6567;2287;0,666666666666666666666
6567;8671;0,166666666666666666666
6627;600;0,500000000000000000000
6627;2246;0,500000000000000000000
6635;5591;1,000000000000000000000
6723;13899;1,000000000000000000000
6788;306;1,000000000000000000000
6892;9722;1,000000000000000000000
6913;613;1,000000000000000000000
6918;2275;1,000000000000000000000
6923;854;0,571428571428571428571
6923;990;0,142857142857142857142
6923;2326;0,142857142857142857142
6923;3233;0,142857142857142857142
6962;240;0,333333333333333333333
6962;332;0,333333333333333333333
6962;112062;0,333333333333333333333
7049;1583;1,000000000000000000000
7111;5149;1,000000000000000000000
7116;279;0,500000000000000000000
7116;1271;0,500000000000000000000
7130;600;1,000000000000000000000
7135;2500;1,000000000000000000000
7142;85;0,500000000000000000000
7142;254;0,500000000000000000000
7278;1971;1,000000000000000000000
7328;621;0,500000000000000000000
7328;3714;0,500000000000000000000
7341;399;0,250000000000000000000
7341;279623;0,750000000000000000000
7543;152027;1,000000000000000000000
7574;2630;1,000000000000000000000
7578;4497;1,000000000000000000000
7586;151;1,000000000000000000000
7626;3476;0,750000000000000000000
7626;4935;0,250000000000000000000
7738;1239;1,000000000000000000000
7755;27349;1,000000000000000000000
7859;3978;0,166666666666666666666
7859;278548;0,833333333333333333333
7866;1035;1,000000000000000000000
7895;27349;1,000000000000000000000
7968;669;0,333333333333333333333
7968;695;0,333333333333333333333
7968;4091;0,333333333333333333333
7975;419;0,222222222222222222222
7975;744;0,111111111111111111111
7975;846;0,111111111111111111111
7975;12959;0,555555555555555555555
8000;3905;1,000000000000000000000
8009;12964;1,000000000000000000000
8044;3427;1,000000000000000000000
8071;174;1,000000000000000000000
8090;3736;1,000000000000000000000
8095;1310;1,000000000000000000000
8143;2504;1,000000000000000000000
8164;1073;0,200000000000000000000
8164;1157;0,400000000000000000000
8164;9513;0,400000000000000000000
8237;410;1,000000000000000000000
8353;27349;1,000000000000000000000
8366;1098;1,000000000000000000000
8440;643;1,000000000000000000000
8453;194;0,111111111111111111111
8453;822;0,111111111111111111111
8453;995;0,111111111111111111111
8453;2099;0,222222222222222222222
8453;4427;0,222222222222222222222
8453;4428;0,111111111111111111111
8453;5782;0,111111111111111111111
8464;3169;0,166666666666666666666
8464;3587;0,500000000000000000000
8464;4991;0,333333333333333333333
8466;479;0,333333333333333333333
8466;3665;0,333333333333333333333
8466;8473;0,333333333333333333333
8473;479;0,500000000000000000000
8473;8466;0,500000000000000000000
8480;7626;1,000000000000000000000
8489;85;0,200000000000000000000
8489;1983;0,200000000000000000000
8489;3528;0,200000000000000000000
8489;3636;0,200000000000000000000
8489;5223;0,200000000000000000000
8566;415;1,000000000000000000000
8568;1079;1,000000000000000000000
8590;9261;1,000000000000000000000
8641;4078;1,000000000000000000000
8648;8976;1,000000000000000000000
8715;59841;1,000000000000000000000
8744;1563;1,000000000000000000000
8762;12936;1,000000000000000000000
8787;85;1,000000000000000000000
8805;5212;1,000000000000000000000
8830;1912;1,000000000000000000000
8847;5660;1,000000000000000000000
8859;3916;1,000000000000000000000
8933;3116;1,000000000000000000000
8976;266;0,500000000000000000000
8976;3944;0,500000000000000000000
9015;4206;1,000000000000000000000
9090;777;1,000000000000000000000
9158;977;0,500000000000000000000
9158;28279;0,500000000000000000000
9159;5915;1,000000000000000000000
9300;140;1,000000000000000000000
9350;248;0,166666666666666666666
9350;1639;0,166666666666666666666
9350;2474;0,166666666666666666666
9350;2523;0,166666666666666666666
9350;3869;0,166666666666666666666
9350;27973;0,166666666666666666666
9367;1243;1,000000000000000000000
9391;206;1,000000000000000000000
9392;3998;1,000000000000000000000
9398;3748;1,000000000000000000000
9409;960;1,000000000000000000000
9416;190;1,000000000000000000000
9421;4086;1,000000000000000000000
9433;5264;1,000000000000000000000
9438;5519;1,000000000000000000000
9441;9386;1,000000000000000000000
9694;2470;1,000000000000000000000
9707;17678;1,000000000000000000000
9721;3256;1,000000000000000000000
9722;1227;0,250000000000000000000
9722;6892;0,750000000000000000000
9832;3500;1,000000000000000000000
9941;287;1,000000000000000000000
10020;8095;1,000000000000000000000
10122;10338;1,000000000000000000000
10499;1664;1,000000000000000000000
10612;45;1,000000000000000000000
10649;90;1,000000000000000000000
10672;352;0,333333333333333333333
10672;4530;0,333333333333333333333
10672;17572;0,333333333333333333333
10860;2678;1,000000000000000000000
11249;1024;0,666666666666666666666
11249;27581;0,333333333333333333333
11415;4892;1,000000000000000000000
11734;4576;1,000000000000000000000
12257;609;1,000000000000000000000
12333;2127;1,000000000000000000000
12388;315;1,000000000000000000000
12391;3122;1,000000000000000000000
12418;426;1,000000000000000000000
12430;2287;0,500000000000000000000
12430;4058;0,500000000000000000000
12497;8081;1,000000000000000000000
12706;12466;1,000000000000000000000
12864;3393;1,000000000000000000000
12882;4777;1,000000000000000000000
12964;13769;1,000000000000000000000
13006;4262;1,000000000000000000000
13236;1206;1,000000000000000000000
13265;911;1,000000000000000000000
13291;1610;0,500000000000000000000
13291;21750;0,500000000000000000000
13369;3158;1,000000000000000000000
13419;41;0,500000000000000000000
13419;1262;0,500000000000000000000
13502;695;1,000000000000000000000
13646;4350;1,000000000000000000000
13809;475;1,000000000000000000000
13899;6723;1,000000000000000000000
14151;1526;0,142857142857142857142
14151;5005;0,142857142857142857142
14151;5009;0,428571428571428571428
14151;5526;0,142857142857142857142
14151;12433;0,142857142857142857142
14323;2844;1,000000000000000000000
14465;3414;1,000000000000000000000
15207;178;1,000000000000000000000
15302;2834;1,000000000000000000000
15643;131;0,071428571428571428571
15643;276;0,071428571428571428571
15643;277;0,071428571428571428571
15643;354;0,071428571428571428571
15643;749;0,071428571428571428571
15643;1149;0,071428571428571428571
15643;1180;0,071428571428571428571
15643;1366;0,071428571428571428571
15643;2445;0,071428571428571428571
15643;2504;0,071428571428571428571
15643;3607;0,071428571428571428571
15643;3685;0,071428571428571428571
15643;4344;0,071428571428571428571
15643;9047;0,071428571428571428571
15906;82;0,037037037037037037037
15906;160;0,111111111111111111111
15906;234;0,037037037037037037037
15906;313;0,074074074074074074074
15906;1255;0,074074074074074074074
15906;1321;0,037037037037037037037
15906;1583;0,074074074074074074074
15906;1901;0,111111111111111111111
15906;1996;0,037037037037037037037
15906;2091;0,037037037037037037037
15906;2235;0,037037037037037037037
15906;2335;0,037037037037037037037
15906;3164;0,037037037037037037037
15906;3891;0,037037037037037037037
15906;4715;0,037037037037037037037
15906;7301;0,037037037037037037037
15906;16647;0,111111111111111111111
15906;24636;0,037037037037037037037
16659;1725;1,000000000000000000000
17572;6721;1,000000000000000000000
17611;292;1,000000000000000000000
17678;9707;0,666666666666666666666
17678;28629;0,333333333333333333333
17762;14050;1,000000000000000000000
17918;4825;1,000000000000000000000
18258;1446;0,500000000000000000000
18258;5437;0,500000000000000000000
20235;138;0,400000000000000000000
20235;454;0,400000000000000000000
20235;2825;0,200000000000000000000
21102;6497;1,000000000000000000000
21750;13291;1,000000000000000000000
22298;1439;0,500000000000000000000
22298;1440;0,500000000000000000000
22534;4280;0,250000000000000000000
22534;4430;0,250000000000000000000
22534;4431;0,250000000000000000000
22534;4432;0,125000000000000000000
22534;27175;0,125000000000000000000
23730;1854;0,200000000000000000000
23730;4931;0,200000000000000000000
23730;5212;0,600000000000000000000
24258;2834;1,000000000000000000000
24839;749;0,200000000000000000000
24839;1162;0,400000000000000000000
24839;2352;0,400000000000000000000
25230;1041;1,000000000000000000000
25849;2059;1,000000000000000000000
27349;7755;0,500000000000000000000
27349;7895;0,500000000000000000000
27696;174;1,000000000000000000000
27763;977;0,500000000000000000000
27763;2359;0,500000000000000000000
27938;9300;1,000000000000000000000
28027;4058;0,500000000000000000000
28027;48255;0,500000000000000000000
28279;9158;1,000000000000000000000
28421;4639;1,000000000000000000000
28598;9681;1,000000000000000000000
28629;17678;1,000000000000000000000
28747;444;0,500000000000000000000
28747;28748;0,500000000000000000000
28818;50959;1,000000000000000000000
28834;48255;1,000000000000000000000
28930;551;0,035714285714285714285
28930;1344;0,035714285714285714285
28930;1454;0,035714285714285714285
28930;1898;0,035714285714285714285
28930;2743;0,035714285714285714285
28930;2786;0,035714285714285714285
28930;3256;0,035714285714285714285
28930;3685;0,071428571428571428571
28930;5136;0,107142857142857142857
28930;8212;0,035714285714285714285
28930;23759;0,071428571428571428571
28930;24259;0,035714285714285714285
28930;152027;0,428571428571428571428
29082;8590;1,000000000000000000000
36186;1439;0,500000000000000000000
36186;1440;0,500000000000000000000
48826;602;1,000000000000000000000
50959;2080;1,000000000000000000000
57838;151009;1,000000000000000000000
59745;71;0,166666666666666666666
59745;689;0,083333333333333333333
59745;695;0,166666666666666666666
59745;1169;0,333333333333333333333
59745;59841;0,250000000000000000000
59841;71;0,055555555555555555555
59841;283;0,033333333333333333333
59841;296;0,033333333333333333333
59841;419;0,022222222222222222222
59841;602;0,033333333333333333333
59841;695;0,022222222222222222222
59841;845;0,033333333333333333333
59841;846;0,122222222222222222222
59841;1065;0,022222222222222222222
59841;1066;0,022222222222222222222
59841;1142;0,022222222222222222222
59841;1563;0,022222222222222222222
59841;1657;0,022222222222222222222
59841;2083;0,022222222222222222222
59841;2697;0,044444444444444444444
59841;2731;0,033333333333333333333
59841;2863;0,033333333333333333333
59841;3123;0,033333333333333333333
59841;3256;0,033333333333333333333
59841;3427;0,033333333333333333333
59841;3683;0,033333333333333333333
59841;4874;0,022222222222222222222
59841;5149;0,033333333333333333333
59841;5789;0,022222222222222222222
59841;7975;0,033333333333333333333
59841;8268;0,022222222222222222222
59841;8715;0,033333333333333333333
59841;9721;0,022222222222222222222
59841;13502;0,022222222222222222222
59841;14481;0,033333333333333333333
59841;59745;0,022222222222222222222
65998;4145;1,000000000000000000000
66075;65998;1,000000000000000000000
71411;747;0,333333333333333333333
71411;748;0,333333333333333333333
71411;75827;0,333333333333333333333
75827;747;0,666666666666666666666
75827;71411;0,333333333333333333333
75828;71411;0,666666666666666666666
75828;76428;0,333333333333333333333
76428;747;1,000000000000000000000
78108;98841;1,000000000000000000000
84925;2009;1,000000000000000000000
89874;1949;0,142857142857142857142
89874;5012;0,857142857142857142857
95084;136664;1,000000000000000000000
98068;2204;1,000000000000000000000
98841;529;1,000000000000000000000
112062;65;0,032258064516129032258
112062;240;0,032258064516129032258
112062;454;0,032258064516129032258
112062;695;0,193548387096774193548
112062;749;0,032258064516129032258
112062;826;0,645161290322580645161
112062;6962;0,032258064516129032258
113392;296;1,000000000000000000000
114536;1563;1,000000000000000000000
115105;113;0,142857142857142857142
115105;763;0,071428571428571428571
115105;992;0,285714285714285714285
115105;1931;0,071428571428571428571
115105;2684;0,428571428571428571428
116140;517;0,750000000000000000000
116140;1117;0,125000000000000000000
116140;125861;0,125000000000000000000
131383;744;0,500000000000000000000
131383;845;0,250000000000000000000
131383;1681;0,250000000000000000000
136664;1129;0,200000000000000000000
136664;1174;0,400000000000000000000
136664;5148;0,200000000000000000000
136664;95084;0,200000000000000000000
140271;71;0,111111111111111111111
140271;859;0,111111111111111111111
140271;1948;0,111111111111111111111
140271;2498;0,222222222222222222222
140271;3123;0,111111111111111111111
140271;3876;0,111111111111111111111
140271;5679;0,222222222222222222222
151009;90;0,333333333333333333333
151009;3991;0,333333333333333333333
151009;57838;0,333333333333333333333
160268;793;1,000000000000000000000
163510;283;0,500000000000000000000
163510;2834;0,500000000000000000000
169356;3085;1,000000000000000000000
189452;8909;0,500000000000000000000
189452;190971;0,500000000000000000000
192866;845;0,555555555555555555555
192866;1437;0,444444444444444444444
239964;2512;1,000000000000000000000
245879;1342;0,400000000000000000000
245879;24259;0,600000000000000000000
251573;122;1,000000000000000000000
251668;122;1,000000000000000000000
255463;5042;1,000000000000000000000
267368;4890;1,000000000000000000000
279623;1127;1,000000000000000000000
280033;12430;1,000000000000000000000
