9;28;1,000000000000000000000
20;159;0,090909090909090909090
20;1326;0,090909090909090909090
20;1348;0,090909090909090909090
20;2644;0,090909090909090909090
20;2844;0,090909090909090909090
20;4281;0,090909090909090909090
20;5437;0,090909090909090909090
20;9980;0,090909090909090909090
20;10018;0,090909090909090909090
20;11120;0,090909090909090909090
20;15287;0,090909090909090909090
46;7994;1,000000000000000000000
48;178;0,500000000000000000000
48;4831;0,500000000000000000000
54;541;0,500000000000000000000
54;1116;0,500000000000000000000
65;1122;0,250000000000000000000
65;1943;0,125000000000000000000
65;3085;0,375000000000000000000
65;5440;0,250000000000000000000
71;194;0,117647058823529411764
71;240;0,058823529411764705882
71;846;0,176470588235294117647
71;1169;0,235294117647058823529
71;1696;0,058823529411764705882
71;1724;0,058823529411764705882
71;2731;0,058823529411764705882
71;3790;0,117647058823529411764
71;59745;0,058823529411764705882
71;59841;0,058823529411764705882
72;830;0,666666666666666666666
72;2203;0,333333333333333333333
74;2176;1,000000000000000000000
77;131;1,000000000000000000000
83;1862;1,000000000000000000000
96;85;0,100000000000000000000
96;249;0,100000000000000000000
96;625;0,300000000000000000000
96;1156;0,100000000000000000000
96;3219;0,200000000000000000000
96;13646;0,100000000000000000000
96;42210;0,100000000000000000000
115;6468;1,000000000000000000000
120;5360;1,000000000000000000000
127;3748;1,000000000000000000000
138;1768;0,500000000000000000000
138;4205;0,500000000000000000000
149;1694;0,500000000000000000000
149;2196;0,500000000000000000000
155;967;0,333333333333333333333
155;983;0,333333333333333333333
155;6554;0,333333333333333333333
163;768;0,500000000000000000000
163;937;0,500000000000000000000
174;1064;0,500000000000000000000
174;4518;0,500000000000000000000
190;5679;0,800000000000000000000
190;9416;0,200000000000000000000
194;71;0,222222222222222222222
194;628;0,333333333333333333333
194;1169;0,222222222222222222222
194;1940;0,111111111111111111111
194;59745;0,111111111111111111111
206;1971;0,500000000000000000000
206;2046;0,500000000000000000000
213;747;1,000000000000000000000
218;2140;1,000000000000000000000
220;1563;0,818181818181818181818
220;1910;0,181818181818181818181
248;2523;0,666666666666666666666
248;2716;0,333333333333333333333
249;283;0,500000000000000000000
249;1142;0,250000000000000000000
249;245879;0,250000000000000000000
253;2756;1,000000000000000000000
256;18276;1,000000000000000000000
261;13253;1,000000000000000000000
263;131;0,166666666666666666666
263;420;0,333333333333333333333
263;846;0,166666666666666666666
263;7130;0,333333333333333333333
266;2383;1,000000000000000000000
267;2713;1,000000000000000000000
276;135;0,200000000000000000000
276;695;0,200000000000000000000
276;59841;0,600000000000000000000
279;1271;0,500000000000000000000
279;7116;0,500000000000000000000
283;1342;0,400000000000000000000
283;4747;0,400000000000000000000
283;9714;0,200000000000000000000
284;251;0,200000000000000000000
284;6981;0,800000000000000000000
287;14;0,285714285714285714285
287;1216;0,285714285714285714285
287;1988;0,142857142857142857142
287;2073;0,285714285714285714285
293;1152;0,500000000000000000000
293;12959;0,500000000000000000000
302;3122;0,500000000000000000000
302;157662;0,500000000000000000000
306;5613;1,000000000000000000000
320;485;0,500000000000000000000
320;2792;0,500000000000000000000
334;36;0,166666666666666666666
334;196;0,166666666666666666666
334;756;0,166666666666666666666
334;3029;0,166666666666666666666
334;3557;0,166666666666666666666
334;13041;0,166666666666666666666
341;742;0,500000000000000000000
341;3519;0,333333333333333333333
341;4293;0,166666666666666666666
352;5679;1,000000000000000000000
380;379;0,500000000000000000000
380;1282;0,500000000000000000000
391;10067;1,000000000000000000000
392;396;1,000000000000000000000
396;392;0,200000000000000000000
396;419;0,200000000000000000000
396;2822;0,400000000000000000000
396;3097;0,200000000000000000000
411;3214;1,000000000000000000000
415;3446;1,000000000000000000000
419;3420;1,000000000000000000000
420;263;0,055555555555555555555
420;22173;0,944444444444444444444
453;839;0,250000000000000000000
453;1498;0,250000000000000000000
453;1717;0,250000000000000000000
453;4432;0,250000000000000000000
455;1893;1,000000000000000000000
464;1085;1,000000000000000000000
466;841;0,500000000000000000000
466;2644;0,500000000000000000000
472;3503;1,000000000000000000000
484;1831;1,000000000000000000000
485;4931;1,000000000000000000000
498;74;1,000000000000000000000
502;876;0,333333333333333333333
502;3443;0,333333333333333333333
502;9660;0,333333333333333333333
519;857;1,000000000000000000000
520;5679;1,000000000000000000000
521;528;0,090909090909090909090
521;1150;0,090909090909090909090
521;1866;0,090909090909090909090
521;3680;0,090909090909090909090
521;3800;0,181818181818181818181
521;4237;0,090909090909090909090
521;6320;0,090909090909090909090
521;8156;0,090909090909090909090
521;9390;0,090909090909090909090
521;9399;0,090909090909090909090
524;2779;1,000000000000000000000
526;4281;1,000000000000000000000
527;4108;0,500000000000000000000
527;4345;0,250000000000000000000
527;17248;0,250000000000000000000
541;54;1,000000000000000000000
545;290;1,000000000000000000000
550;596;1,000000000000000000000
551;541;0,333333333333333333333
551;5149;0,666666666666666666666
573;2484;0,500000000000000000000
573;10084;0,500000000000000000000
594;977;1,000000000000000000000
608;609;0,500000000000000000000
608;1082;0,500000000000000000000
615;28405;1,000000000000000000000
621;866;0,250000000000000000000
621;938;0,250000000000000000000
621;5444;0,250000000000000000000
621;13545;0,250000000000000000000
625;11;0,166666666666666666666
625;96;0,666666666666666666666
625;122;0,166666666666666666666
632;263;1,000000000000000000000
648;5149;0,333333333333333333333
648;6986;0,666666666666666666666
652;7920;1,000000000000000000000
667;1288;1,000000000000000000000
669;1939;0,333333333333333333333
669;1956;0,333333333333333333333
669;4268;0,333333333333333333333
675;281;1,000000000000000000000
678;285;0,090909090909090909090
678;385;0,090909090909090909090
678;978;0,181818181818181818181
678;1027;0,181818181818181818181
678;1167;0,181818181818181818181
678;1297;0,181818181818181818181
678;4376;0,090909090909090909090
689;1228;1,000000000000000000000
747;213;0,428571428571428571428
747;71411;0,071428571428571428571
747;75827;0,428571428571428571428
747;75828;0,071428571428571428571
749;1168;1,000000000000000000000
758;3374;1,000000000000000000000
768;163;0,200000000000000000000
768;1613;0,200000000000000000000
768;4283;0,200000000000000000000
768;6148;0,200000000000000000000
768;8633;0,200000000000000000000
779;125861;1,000000000000000000000
837;7577;1,000000000000000000000
841;466;1,000000000000000000000
844;9338;1,000000000000000000000
845;846;0,900000000000000000000
845;1263;0,100000000000000000000
846;71;0,047619047619047619047
846;283;0,023809523809523809523
846;293;0,023809523809523809523
846;296;0,023809523809523809523
846;744;0,023809523809523809523
846;845;0,166666666666666666666
846;1344;0,023809523809523809523
846;1437;0,071428571428571428571
846;2697;0,023809523809523809523
846;2731;0,095238095238095238095
846;2744;0,023809523809523809523
846;2863;0,023809523809523809523
846;3123;0,023809523809523809523
846;3256;0,023809523809523809523
846;3427;0,023809523809523809523
846;3683;0,023809523809523809523
846;5149;0,023809523809523809523
846;7030;0,023809523809523809523
846;7975;0,023809523809523809523
846;8715;0,023809523809523809523
846;17549;0,023809523809523809523
846;59841;0,142857142857142857142
846;179346;0,023809523809523809523
846;192866;0,023809523809523809523
846;245879;0,023809523809523809523
849;2713;1,000000000000000000000
860;168;0,500000000000000000000
860;829;0,500000000000000000000
877;5679;1,000000000000000000000
885;2117;0,500000000000000000000
885;3235;0,500000000000000000000
886;3015;1,000000000000000000000
911;57838;1,000000000000000000000
918;1027;0,181818181818181818181
918;3204;0,090909090909090909090
918;3223;0,272727272727272727272
918;8109;0,090909090909090909090
918;10649;0,363636363636363636363
930;3697;1,000000000000000000000
938;621;0,200000000000000000000
938;5679;0,800000000000000000000
955;4681;1,000000000000000000000
956;1046;0,500000000000000000000
956;3088;0,500000000000000000000
972;4890;0,500000000000000000000
972;6570;0,500000000000000000000
990;7377;1,000000000000000000000
992;113;0,066666666666666666666
992;678;0,066666666666666666666
992;1234;0,066666666666666666666
992;1591;0,066666666666666666666
992;1647;0,133333333333333333333
992;1931;0,066666666666666666666
992;2661;0,066666666666666666666
992;2684;0,066666666666666666666
992;115105;0,400000000000000000000
995;183;1,000000000000000000000
1010;2001;0,500000000000000000000
1010;3809;0,500000000000000000000
1014;437;1,000000000000000000000
1018;1010;1,000000000000000000000
1024;632;0,666666666666666666666
1024;28752;0,333333333333333333333
1030;3685;1,000000000000000000000
1033;122;0,250000000000000000000
1033;3393;0,250000000000000000000
1033;5227;0,250000000000000000000
1033;7005;0,250000000000000000000
1041;420;0,200000000000000000000
1041;845;0,200000000000000000000
1041;982;0,400000000000000000000
1041;2287;0,200000000000000000000
1044;2215;1,000000000000000000000
1046;1253;0,500000000000000000000
1046;9720;0,500000000000000000000
1050;15507;1,000000000000000000000
1055;8928;1,000000000000000000000
1058;3188;1,000000000000000000000
1064;232;0,500000000000000000000
1064;1563;0,333333333333333333333
1064;3647;0,166666666666666666666
1066;1681;1,000000000000000000000
1076;2551;1,000000000000000000000
1082;608;0,111111111111111111111
1082;891;0,222222222222222222222
1082;1083;0,555555555555555555555
1082;4522;0,111111111111111111111
1083;1082;0,857142857142857142857
1083;4522;0,142857142857142857142
1085;464;0,400000000000000000000
1085;2591;0,600000000000000000000
1114;1325;1,000000000000000000000
1125;1004;1,000000000000000000000
1142;1141;0,142857142857142857142
1142;2714;0,142857142857142857142
1142;3246;0,142857142857142857142
1142;3872;0,142857142857142857142
1142;5223;0,428571428571428571428
1143;140271;1,000000000000000000000
1150;2916;1,000000000000000000000
1153;1154;1,000000000000000000000
1154;2302;1,000000000000000000000
1165;102;0,055555555555555555555
1165;748;0,055555555555555555555
1165;1085;0,055555555555555555555
1165;1439;0,111111111111111111111
1165;1440;0,111111111111111111111
1165;1637;0,166666666666666666666
1165;2080;0,055555555555555555555
1165;2734;0,055555555555555555555
1165;3096;0,055555555555555555555
1165;5449;0,055555555555555555555
1165;11552;0,111111111111111111111
1165;42210;0,055555555555555555555
1165;76428;0,055555555555555555555
1168;628;0,500000000000000000000
1168;1940;0,500000000000000000000
1169;71;0,121212121212121212121
1169;100;0,060606060606060606060
1169;194;0,030303030303030303030
1169;276;0,060606060606060606060
1169;695;0,090909090909090909090
1169;696;0,060606060606060606060
1169;1942;0,060606060606060606060
1169;1943;0,060606060606060606060
1169;1944;0,060606060606060606060
1169;1945;0,060606060606060606060
1169;1946;0,030303030303030303030
1169;3523;0,060606060606060606060
1169;4512;0,060606060606060606060
1169;59745;0,121212121212121212121
1169;98841;0,060606060606060606060
1196;4395;1,000000000000000000000
1210;211;1,000000000000000000000
1227;9762;1,000000000000000000000
1231;3145;0,333333333333333333333
1231;7686;0,666666666666666666666
1234;1236;0,200000000000000000000
1234;1277;0,400000000000000000000
1234;8623;0,400000000000000000000
1235;1277;1,000000000000000000000
1236;1234;1,000000000000000000000
1246;2897;1,000000000000000000000
1248;3443;1,000000000000000000000
1253;1046;1,000000000000000000000
1254;1184;1,000000000000000000000
1261;4890;1,000000000000000000000
1277;1234;0,500000000000000000000
1277;1235;0,500000000000000000000
1278;135;0,500000000000000000000
1278;1996;0,500000000000000000000
1282;380;1,000000000000000000000
1286;7941;1,000000000000000000000
1297;678;1,000000000000000000000
1310;8095;1,000000000000000000000
1319;596;1,000000000000000000000
1324;1335;1,000000000000000000000
1325;1114;0,133333333333333333333
1325;1240;0,066666666666666666666
1325;1327;0,066666666666666666666
1325;1328;0,066666666666666666666
1325;1329;0,066666666666666666666
1325;1331;0,066666666666666666666
1325;1333;0,033333333333333333333
1325;1334;0,066666666666666666666
1325;1336;0,066666666666666666666
1325;1337;0,066666666666666666666
1325;1338;0,066666666666666666666
1325;2152;0,066666666666666666666
1325;2153;0,033333333333333333333
1325;15437;0,066666666666666666666
1325;17047;0,066666666666666666666
1330;1332;0,083333333333333333333
1330;5679;0,916666666666666666666
1333;1325;0,500000000000000000000
1333;1327;0,250000000000000000000
1333;1332;0,250000000000000000000
1340;351;0,500000000000000000000
1340;3362;0,500000000000000000000
1342;283;0,250000000000000000000
1342;4747;0,500000000000000000000
1342;163510;0,250000000000000000000
1370;452;1,000000000000000000000
1416;543;0,880952380952380952380
1416;5061;0,119047619047619047619
1432;17549;1,000000000000000000000
1437;846;0,800000000000000000000
1437;192866;0,200000000000000000000
1446;1447;0,500000000000000000000
1446;2112;0,500000000000000000000
1462;596;0,500000000000000000000
1462;1265;0,500000000000000000000
1471;5449;1,000000000000000000000
1473;529;0,333333333333333333333
1473;1150;0,333333333333333333333
1473;9110;0,333333333333333333333
1485;5679;1,000000000000000000000
1512;35;0,333333333333333333333
1512;1719;0,333333333333333333333
1512;5011;0,333333333333333333333
1513;669;0,500000000000000000000
1513;6008;0,500000000000000000000
1516;4876;1,000000000000000000000
1540;852;1,000000000000000000000
1544;522;0,166666666666666666666
1544;738;0,166666666666666666666
1544;1979;0,166666666666666666666
1544;2435;0,166666666666666666666
1544;3256;0,166666666666666666666
1544;5679;0,166666666666666666666
1554;793;0,750000000000000000000
1554;1845;0,250000000000000000000
1565;812;0,250000000000000000000
1565;2470;0,250000000000000000000
1565;2890;0,250000000000000000000
1565;3395;0,250000000000000000000
1589;738;1,000000000000000000000
1591;194;0,166666666666666666666
1591;1827;0,166666666666666666666
1591;3234;0,333333333333333333333
1591;3381;0,166666666666666666666
1591;10020;0,166666666666666666666
1606;6524;1,000000000000000000000
1616;363;1,000000000000000000000
1637;1165;0,600000000000000000000
1637;1464;0,200000000000000000000
1637;2712;0,200000000000000000000
1639;8147;0,500000000000000000000
1639;9350;0,500000000000000000000
1644;407;0,500000000000000000000
1644;904;0,500000000000000000000
1650;3665;1,000000000000000000000
1657;59841;0,500000000000000000000
1657;140271;0,500000000000000000000
1671;2434;1,000000000000000000000
1681;1066;0,250000000000000000000
1681;2786;0,250000000000000000000
1681;3105;0,250000000000000000000
1681;282900;0,250000000000000000000
1693;1064;1,000000000000000000000
1708;1321;1,000000000000000000000
1717;649;0,500000000000000000000
1717;2073;0,500000000000000000000
1744;15887;1,000000000000000000000
1751;955;0,166666666666666666666
1751;956;0,166666666666666666666
1751;1253;0,333333333333333333333
1751;4681;0,333333333333333333333
1754;628;0,076923076923076923076
1754;837;0,076923076923076923076
1754;1079;0,076923076923076923076
1754;1762;0,076923076923076923076
1754;2296;0,076923076923076923076
1754;3829;0,076923076923076923076
1754;4699;0,076923076923076923076
1754;7215;0,076923076923076923076
1754;7598;0,076923076923076923076
1754;7626;0,076923076923076923076
1754;7630;0,076923076923076923076
1754;13799;0,076923076923076923076
1754;26347;0,076923076923076923076
1762;1754;1,000000000000000000000
1771;4217;0,500000000000000000000
1771;20307;0,500000000000000000000
1778;643;0,200000000000000000000
1778;2119;0,200000000000000000000
1778;2948;0,400000000000000000000
1778;8156;0,200000000000000000000
1815;1277;1,000000000000000000000
1889;2713;1,000000000000000000000
1893;455;1,000000000000000000000
1901;15906;1,000000000000000000000
1902;5909;1,000000000000000000000
1910;220;0,500000000000000000000
1910;2367;0,500000000000000000000
1913;3100;1,000000000000000000000
1931;1570;1,000000000000000000000
1945;360;1,000000000000000000000
1951;9992;1,000000000000000000000
1967;6723;0,500000000000000000000
1967;8139;0,500000000000000000000
1988;287;1,000000000000000000000
2021;3241;0,400000000000000000000
2021;4498;0,200000000000000000000
2021;4821;0,200000000000000000000
2021;13799;0,200000000000000000000
2039;1971;0,500000000000000000000
2039;2046;0,500000000000000000000
2043;14;1,000000000000000000000
2046;2039;1,000000000000000000000
2064;2017;0,400000000000000000000
2064;8623;0,400000000000000000000
2064;9395;0,200000000000000000000
2073;1717;1,000000000000000000000
2086;281;0,111111111111111111111
2086;2791;0,111111111111111111111
2086;4436;0,111111111111111111111
2086;5679;0,222222222222222222222
2086;6641;0,111111111111111111111
2086;7209;0,111111111111111111111
2086;10306;0,111111111111111111111
2086;11844;0,111111111111111111111
2098;600;1,000000000000000000000
2109;172;0,333333333333333333333
2109;855;0,333333333333333333333
2109;5619;0,333333333333333333333
2112;1277;1,000000000000000000000
2117;885;1,000000000000000000000
2137;11869;1,000000000000000000000
2139;5071;1,000000000000000000000
2140;218;1,000000000000000000000
2175;4145;1,000000000000000000000
2210;360;0,500000000000000000000
2210;1945;0,500000000000000000000
2215;10740;1,000000000000000000000
2216;351;0,500000000000000000000
2216;4232;0,500000000000000000000
2218;12098;1,000000000000000000000
2223;135596;1,000000000000000000000
2269;237;0,500000000000000000000
2269;4336;0,500000000000000000000
2275;18080;1,000000000000000000000
2287;240;0,125000000000000000000
2287;1041;0,125000000000000000000
2287;4058;0,250000000000000000000
2287;6567;0,250000000000000000000
2287;12430;0,250000000000000000000
2293;11690;0,333333333333333333333
2293;17918;0,666666666666666666666
2322;7968;1,000000000000000000000
2330;3393;0,333333333333333333333
2330;9419;0,666666666666666666666
2350;891;1,000000000000000000000
2355;3098;1,000000000000000000000
2364;779;0,428571428571428571428
2364;1135;0,142857142857142857142
2364;5679;0,285714285714285714285
2364;125861;0,142857142857142857142
2374;689;1,000000000000000000000
2379;3234;1,000000000000000000000
2434;611;0,200000000000000000000
2434;621;0,200000000000000000000
2434;5119;0,600000000000000000000
2448;768;1,000000000000000000000
2450;4510;1,000000000000000000000
2464;85;0,333333333333333333333
2464;2741;0,333333333333333333333
2464;5824;0,333333333333333333333
2474;248;1,000000000000000000000
2484;573;1,000000000000000000000
2516;904;1,000000000000000000000
2523;248;0,666666666666666666666
2523;2716;0,333333333333333333333
2543;2778;1,000000000000000000000
2551;1076;0,250000000000000000000
2551;2175;0,250000000000000000000
2551;7030;0,250000000000000000000
2551;27686;0,250000000000000000000
2554;3876;1,000000000000000000000
2585;3779;1,000000000000000000000
2592;2761;1,000000000000000000000
2644;20;1,000000000000000000000
2655;3045;1,000000000000000000000
2657;8525;1,000000000000000000000
2678;290;1,000000000000000000000
2684;115105;1,000000000000000000000
2706;1583;0,666666666666666666666
2706;3045;0,333333333333333333333
2712;1637;1,000000000000000000000
2716;267;0,500000000000000000000
2716;2523;0,500000000000000000000
2734;1165;1,000000000000000000000
2745;768;1,000000000000000000000
2761;2592;1,000000000000000000000
2772;17248;1,000000000000000000000
2779;524;0,500000000000000000000
2779;3714;0,500000000000000000000
2786;13795;1,000000000000000000000
2788;24;1,000000000000000000000
2822;396;1,000000000000000000000
2826;2825;0,333333333333333333333
2826;7183;0,333333333333333333333
2826;27708;0,333333333333333333333
2834;4777;0,500000000000000000000
2834;5638;0,500000000000000000000
2850;3911;1,000000000000000000000
2865;2844;1,000000000000000000000
2882;658;1,000000000000000000000
2916;158;0,083333333333333333333
2916;391;0,166666666666666666666
2916;854;0,083333333333333333333
2916;1150;0,083333333333333333333
2916;1938;0,166666666666666666666
2916;2433;0,083333333333333333333
2916;2445;0,166666666666666666666
2916;6581;0,166666666666666666666
2948;4;0,400000000000000000000
2948;1778;0,600000000000000000000
2961;1069;0,666666666666666666666
2961;1762;0,333333333333333333333
2962;84925;1,000000000000000000000
3005;13253;1,000000000000000000000
3022;1999;0,444444444444444444444
3022;2815;0,111111111111111111111
3022;5530;0,111111111111111111111
3022;5614;0,111111111111111111111
3022;12745;0,111111111111111111111
3022;12850;0,111111111111111111111
3033;45;0,250000000000000000000
3033;61;0,250000000000000000000
3033;1556;0,250000000000000000000
3033;5636;0,250000000000000000000
3069;89;1,000000000000000000000
3085;65;0,021276595744680851063
3085;960;0,106382978723404255319
3085;1401;0,042553191489361702127
3085;1443;0,085106382978723404255
3085;2697;0,106382978723404255319
3085;4146;0,106382978723404255319
3085;4147;0,106382978723404255319
3085;5367;0,106382978723404255319
3085;5679;0,042553191489361702127
3085;5691;0,021276595744680851063
3085;10658;0,085106382978723404255
3085;14899;0,106382978723404255319
3085;17323;0,021276595744680851063
3085;169356;0,042553191489361702127
3087;891;1,000000000000000000000
3100;4435;0,500000000000000000000
3100;4451;0,500000000000000000000
3118;3345;1,000000000000000000000
3122;5679;1,000000000000000000000
3123;846;0,333333333333333333333
3123;1152;0,333333333333333333333
3123;5136;0,166666666666666666666
3123;140271;0,166666666666666666666
3141;57838;1,000000000000000000000
3145;3141;1,000000000000000000000
3158;13369;1,000000000000000000000
3169;35;0,500000000000000000000
3169;4991;0,500000000000000000000
3176;2467;0,666666666666666666666
3176;184987;0,333333333333333333333
3203;7135;1,000000000000000000000
3212;13452;1,000000000000000000000
3214;411;1,000000000000000000000
3223;351;1,000000000000000000000
3235;71;0,166666666666666666666
3235;2851;0,166666666666666666666
3235;4355;0,166666666666666666666
3235;5440;0,166666666666666666666
3235;6406;0,333333333333333333333
3241;4906;1,000000000000000000000
3251;28645;1,000000000000000000000
3256;1171;1,000000000000000000000
3301;1910;1,000000000000000000000
3318;9288;1,000000000000000000000
3345;3118;1,000000000000000000000
3359;1708;1,000000000000000000000
3383;196;0,888888888888888888888
3383;4787;0,111111111111111111111
3393;1235;0,200000000000000000000
3393;2330;0,200000000000000000000
3393;2741;0,200000000000000000000
3393;6723;0,200000000000000000000
3393;8489;0,200000000000000000000
3411;4424;0,500000000000000000000
3411;12591;0,500000000000000000000
3414;4262;1,000000000000000000000
3420;419;1,000000000000000000000
3427;1064;0,166666666666666666666
3427;1563;0,166666666666666666666
3427;8212;0,333333333333333333333
3427;8213;0,333333333333333333333
3429;6371;1,000000000000000000000
3443;502;1,000000000000000000000
3446;415;0,400000000000000000000
3446;21986;0,600000000000000000000
3496;638;1,000000000000000000000
3499;3458;1,000000000000000000000
3500;2403;0,500000000000000000000
3500;9832;0,500000000000000000000
3523;276;0,500000000000000000000
3523;354;0,500000000000000000000
3551;37;1,000000000000000000000
3587;1938;1,000000000000000000000
3615;392;1,000000000000000000000
3647;1064;1,000000000000000000000
3714;2779;1,000000000000000000000
3736;8090;1,000000000000000000000
3779;2585;1,000000000000000000000
3790;71;0,500000000000000000000
3790;1453;0,500000000000000000000
3800;521;1,000000000000000000000
3811;90123;1,000000000000000000000
3836;289;0,250000000000000000000
3836;2390;0,250000000000000000000
3836;4429;0,250000000000000000000
3836;28265;0,250000000000000000000
3842;5010;1,000000000000000000000
3867;529;1,000000000000000000000
3877;1046;1,000000000000000000000
3911;2850;1,000000000000000000000
3916;7260;0,500000000000000000000
3916;8859;0,500000000000000000000
3944;3557;1,000000000000000000000
3957;7209;0,500000000000000000000
3957;7418;0,500000000000000000000
3978;3618;1,000000000000000000000
3985;1991;1,000000000000000000000
3998;189;1,000000000000000000000
3999;3284;1,000000000000000000000
4004;1307;1,000000000000000000000
4058;2287;1,000000000000000000000
4080;101;1,000000000000000000000
4099;4453;1,000000000000000000000
4100;4522;1,000000000000000000000
4108;4307;1,000000000000000000000
4148;447;1,000000000000000000000
4179;253;1,000000000000000000000
4181;74;1,000000000000000000000
4205;454;1,000000000000000000000
4217;1771;1,000000000000000000000
4225;520;0,250000000000000000000
4225;1227;0,500000000000000000000
4225;6169;0,250000000000000000000
4228;793;1,000000000000000000000
4232;2216;1,000000000000000000000
4257;1942;0,500000000000000000000
4257;3235;0,500000000000000000000
4262;3414;1,000000000000000000000
4268;1180;0,500000000000000000000
4268;5089;0,500000000000000000000
4281;4280;1,000000000000000000000
4376;678;0,250000000000000000000
4376;1827;0,250000000000000000000
4376;1841;0,250000000000000000000
4376;2990;0,250000000000000000000
4429;3836;1,000000000000000000000
4430;22534;1,000000000000000000000
4435;1379;0,250000000000000000000
4435;1949;0,250000000000000000000
4435;3100;0,250000000000000000000
4435;4451;0,250000000000000000000
4438;8928;1,000000000000000000000
4451;4435;1,000000000000000000000
4453;2427;0,333333333333333333333
4453;4099;0,666666666666666666666
4483;453;1,000000000000000000000
4497;3665;0,200000000000000000000
4497;6499;0,800000000000000000000
4500;7759;1,000000000000000000000
4510;2450;1,000000000000000000000
4512;100;0,500000000000000000000
4512;2140;0,500000000000000000000
4518;174;1,000000000000000000000
4533;26746;1,000000000000000000000
4552;41;0,500000000000000000000
4552;1261;0,500000000000000000000
4561;4364;1,000000000000000000000
4621;2551;1,000000000000000000000
4681;955;0,666666666666666666666
4681;956;0,333333333333333333333
4686;519;1,000000000000000000000
4697;3418;1,000000000000000000000
4713;1526;1,000000000000000000000
4772;839;1,000000000000000000000
4777;2834;0,666666666666666666666
4777;13646;0,333333333333333333333
4853;3098;1,000000000000000000000
4876;15975;1,000000000000000000000
4933;28;1,000000000000000000000
4989;779;1,000000000000000000000
5061;2390;1,000000000000000000000
5071;332;1,000000000000000000000
5117;779;1,000000000000000000000
5119;2434;1,000000000000000000000
5142;12876;1,000000000000000000000
5149;657;0,454545454545454545454
5149;846;0,090909090909090909090
5149;1344;0,454545454545454545454
5175;793;0,500000000000000000000
5175;3000;0,500000000000000000000
5360;120;1,000000000000000000000
5440;65;0,500000000000000000000
5440;1475;0,500000000000000000000
5444;621;1,000000000000000000000
5449;1165;1,000000000000000000000
5469;5440;1,000000000000000000000
5506;5915;1,000000000000000000000
5528;5061;1,000000000000000000000
5543;4538;1,000000000000000000000
5564;1122;0,500000000000000000000
5564;9400;0,500000000000000000000
5613;8909;1,000000000000000000000
5614;3022;1,000000000000000000000
5628;5679;1,000000000000000000000
5635;3685;0,500000000000000000000
5635;28661;0,500000000000000000000
5643;5679;1,000000000000000000000
5651;2491;1,000000000000000000000
5666;2491;1,000000000000000000000
5782;8453;1,000000000000000000000
5784;3650;1,000000000000000000000
5824;2464;1,000000000000000000000
5886;362;1,000000000000000000000
5915;5506;0,333333333333333333333
5915;9159;0,666666666666666666666
5918;738;1,000000000000000000000
5960;1913;0,500000000000000000000
5960;13502;0,500000000000000000000
5991;2145;0,500000000000000000000
5991;27828;0,500000000000000000000
6048;793;1,000000000000000000000
6169;1938;1,000000000000000000000
6201;76428;1,000000000000000000000
6213;90;0,333333333333333333333
6213;2146;0,333333333333333333333
6213;2385;0,333333333333333333333
6347;250;1,000000000000000000000
6371;3429;1,000000000000000000000
6413;469;0,500000000000000000000
6413;2179;0,500000000000000000000
6433;3842;1,000000000000000000000
6468;115;0,500000000000000000000
6468;490;0,500000000000000000000
6497;464;0,750000000000000000000
6497;21102;0,250000000000000000000
6499;1278;0,300000000000000000000
6499;4497;0,400000000000000000000
6499;8460;0,300000000000000000000
6501;1657;1,000000000000000000000
6502;1657;1,000000000000000000000
6524;1606;1,000000000000000000000
6543;122;1,000000000000000000000
6567;2287;1,000000000000000000000
6570;222;0,333333333333333333333
6570;972;0,333333333333333333333
6570;3080;0,333333333333333333333
6624;878;1,000000000000000000000
6641;2086;1,000000000000000000000
6694;5915;1,000000000000000000000
6723;1156;0,250000000000000000000
6723;3393;0,500000000000000000000
6723;4020;0,250000000000000000000
6788;306;0,666666666666666666666
6788;1897;0,333333333333333333333
6940;600;1,000000000000000000000
6962;112062;1,000000000000000000000
6981;284;1,000000000000000000000
7005;1033;1,000000000000000000000
7116;279;1,000000000000000000000
7135;441;0,500000000000000000000
7135;2500;0,500000000000000000000
7142;85;0,333333333333333333333
7142;251238;0,666666666666666666666
7183;2826;0,500000000000000000000
7183;28689;0,500000000000000000000
7209;3957;1,000000000000000000000
7278;1336;1,000000000000000000000
7377;990;1,000000000000000000000
7521;568;0,038461538461538461538
7521;3212;0,192307692307692307692
7521;4576;0,192307692307692307692
7521;4629;0,192307692307692307692
7521;6461;0,192307692307692307692
7521;13141;0,192307692307692307692
7626;975;1,000000000000000000000
7630;1754;1,000000000000000000000
7686;1231;1,000000000000000000000
7759;1263;0,333333333333333333333
7759;1326;0,333333333333333333333
7759;9208;0,333333333333333333333
7774;1344;0,166666666666666666666
7774;2182;0,333333333333333333333
7774;3301;0,166666666666666666666
7774;3657;0,166666666666666666666
7774;12176;0,166666666666666666666
7859;2678;1,000000000000000000000
7886;5174;1,000000000000000000000
7920;4268;1,000000000000000000000
7968;669;0,500000000000000000000
7968;2322;0,500000000000000000000
7975;419;0,200000000000000000000
7975;846;0,200000000000000000000
7975;12959;0,600000000000000000000
8095;1310;1,000000000000000000000
8139;1545;1,000000000000000000000
8276;1197;1,000000000000000000000
8281;2520;1,000000000000000000000
8348;2678;1,000000000000000000000
8440;1182;1,000000000000000000000
8447;525;0,500000000000000000000
8447;248334;0,500000000000000000000
8453;822;0,200000000000000000000
8453;2099;0,200000000000000000000
8453;4427;0,200000000000000000000
8453;4428;0,200000000000000000000
8453;5782;0,200000000000000000000
8525;2657;1,000000000000000000000
8590;4852;0,500000000000000000000
8590;29082;0,500000000000000000000
8623;1234;1,000000000000000000000
8633;768;0,250000000000000000000
8633;2214;0,750000000000000000000
8827;1168;1,000000000000000000000
8873;1913;1,000000000000000000000
8909;189452;1,000000000000000000000
9098;3667;0,500000000000000000000
9098;8109;0,500000000000000000000
9110;1473;1,000000000000000000000
9159;5915;1,000000000000000000000
9208;5762;1,000000000000000000000
9226;13713;1,000000000000000000000
9338;844;1,000000000000000000000
9356;4892;0,333333333333333333333
9356;22211;0,666666666666666666666
9395;2064;1,000000000000000000000
9399;521;1,000000000000000000000
9416;190;1,000000000000000000000
9419;2330;1,000000000000000000000
9433;866;1,000000000000000000000
9506;54;1,000000000000000000000
9567;101;1,000000000000000000000
9722;1227;1,000000000000000000000
9832;3500;1,000000000000000000000
10122;10338;1,000000000000000000000
10188;2111;0,500000000000000000000
10188;21154;0,500000000000000000000
10338;1439;0,250000000000000000000
10338;1440;0,250000000000000000000
10338;10122;0,500000000000000000000
10649;90;0,333333333333333333333
10649;918;0,666666666666666666666
11249;12889;1,000000000000000000000
11552;1165;1,000000000000000000000
11680;9158;1,000000000000000000000
11690;2293;1,000000000000000000000
12176;1344;1,000000000000000000000
12257;38;0,041666666666666666666
12257;189;0,041666666666666666666
12257;891;0,041666666666666666666
12257;920;0,041666666666666666666
12257;1018;0,041666666666666666666
12257;1082;0,041666666666666666666
12257;1264;0,041666666666666666666
12257;1854;0,041666666666666666666
12257;1877;0,041666666666666666666
12257;1892;0,041666666666666666666
12257;2188;0,041666666666666666666
12257;2563;0,041666666666666666666
12257;2576;0,041666666666666666666
12257;3518;0,041666666666666666666
12257;3809;0,041666666666666666666
12257;3980;0,041666666666666666666
12257;4372;0,041666666666666666666
12257;4374;0,041666666666666666666
12257;6723;0,041666666666666666666
12257;7015;0,041666666666666666666
12257;7215;0,041666666666666666666
12257;9254;0,041666666666666666666
12257;13504;0,041666666666666666666
12257;13899;0,041666666666666666666
12775;251573;1,000000000000000000000
12850;411;1,000000000000000000000
12876;5142;1,000000000000000000000
12938;59522;1,000000000000000000000
12959;293;1,000000000000000000000
13122;1855;1,000000000000000000000
13236;1206;1,000000000000000000000
13335;2481;0,272727272727272727272
13335;13396;0,272727272727272727272
13335;28092;0,454545454545454545454
13452;3212;1,000000000000000000000
13502;5960;1,000000000000000000000
13646;96;0,333333333333333333333
13646;237;0,333333333333333333333
13646;4777;0,333333333333333333333
13795;2786;1,000000000000000000000
13799;2021;1,000000000000000000000
14151;407;0,181818181818181818181
14151;1326;0,090909090909090909090
14151;2214;0,181818181818181818181
14151;3053;0,090909090909090909090
14151;3403;0,181818181818181818181
14151;3465;0,090909090909090909090
14151;13886;0,090909090909090909090
14151;83231;0,090909090909090909090
15207;178;1,000000000000000000000
15471;275;1,000000000000000000000
15737;157662;1,000000000000000000000
15906;82;0,083333333333333333333
15906;160;0,083333333333333333333
15906;234;0,083333333333333333333
15906;1321;0,083333333333333333333
15906;1901;0,083333333333333333333
15906;2091;0,166666666666666666666
15906;2335;0,083333333333333333333
15906;3164;0,083333333333333333333
15906;4715;0,083333333333333333333
15906;7301;0,166666666666666666666
16921;292;1,000000000000000000000
17248;527;1,000000000000000000000
17584;885;1,000000000000000000000
17634;9296;1,000000000000000000000
17762;14050;1,000000000000000000000
18080;18098;1,000000000000000000000
19582;1913;1,000000000000000000000
20307;1771;0,500000000000000000000
20307;7478;0,500000000000000000000
21096;3249;0,500000000000000000000
21096;4647;0,500000000000000000000
21102;6497;1,000000000000000000000
21697;1397;1,000000000000000000000
21750;13291;1,000000000000000000000
22173;420;0,595238095238095238095
22173;2877;0,404761904761904761904
22211;9356;1,000000000000000000000
22534;4280;0,166666666666666666666
22534;4430;0,166666666666666666666
22534;4431;0,166666666666666666666
22534;4432;0,333333333333333333333
22534;27175;0,166666666666666666666
23720;452;1,000000000000000000000
24254;738;1,000000000000000000000
26354;1521;1,000000000000000000000
27510;6056;1,000000000000000000000
27700;2826;1,000000000000000000000
27828;5991;1,000000000000000000000
27852;3256;1,000000000000000000000
28092;779;1,000000000000000000000
28405;615;1,000000000000000000000
28528;854;1,000000000000000000000
28654;5635;1,000000000000000000000
28661;3685;1,000000000000000000000
28914;2962;1,000000000000000000000
29082;27766;1,000000000000000000000
57838;911;1,000000000000000000000
59522;12938;1,000000000000000000000
59841;71;0,078947368421052631578
59841;276;0,052631578947368421052
59841;296;0,026315789473684210526
59841;602;0,131578947368421052631
59841;695;0,105263157894736842105
59841;846;0,315789473684210526315
59841;1065;0,026315789473684210526
59841;1169;0,131578947368421052631
59841;2731;0,052631578947368421052
59841;3683;0,026315789473684210526
59841;7975;0,026315789473684210526
59841;59745;0,026315789473684210526
65998;2175;1,000000000000000000000
71411;747;0,500000000000000000000
71411;75827;0,500000000000000000000
75827;747;0,750000000000000000000
75827;76428;0,250000000000000000000
76428;75827;1,000000000000000000000
84925;6723;1,000000000000000000000
89874;1751;0,090909090909090909090
89874;4225;0,272727272727272727272
89874;5012;0,454545454545454545454
89874;160268;0,181818181818181818181
112062;240;0,090909090909090909090
112062;695;0,363636363636363636363
112062;826;0,363636363636363636363
112062;6962;0,181818181818181818181
113392;1974;1,000000000000000000000
115105;763;0,076923076923076923076
115105;992;0,384615384615384615384
115105;1931;0,230769230769230769230
115105;2684;0,307692307692307692307
116140;8253;1,000000000000000000000
125861;779;1,000000000000000000000
140271;1143;1,000000000000000000000
160268;793;0,750000000000000000000
160268;4225;0,250000000000000000000
169356;3085;1,000000000000000000000
179346;846;0,833333333333333333333
179346;1344;0,166666666666666666666
189452;8909;1,000000000000000000000
192866;846;1,000000000000000000000
245879;1342;0,800000000000000000000
245879;24259;0,200000000000000000000
251573;12775;1,000000000000000000000
282773;282;1,000000000000000000000
