26;26095;1,000000000000000000000
48;447;0,333333333333333333333
48;4148;0,666666666666666666666
54;551;0,333333333333333333333
54;4041;0,333333333333333333333
54;4150;0,333333333333333333333
65;2064;0,333333333333333333333
65;3085;0,666666666666666666666
72;351;0,222222222222222222222
72;517;0,111111111111111111111
72;1340;0,111111111111111111111
72;1946;0,111111111111111111111
72;2203;0,111111111111111111111
72;3395;0,222222222222222222222
72;6627;0,111111111111111111111
74;1406;0,500000000000000000000
74;2176;0,333333333333333333333
74;17634;0,166666666666666666666
80;531;0,272727272727272727272
80;876;0,363636363636363636363
80;1361;0,181818181818181818181
80;3625;0,090909090909090909090
80;4173;0,090909090909090909090
96;85;0,500000000000000000000
96;5628;0,500000000000000000000
115;392;0,142857142857142857142
115;490;0,476190476190476190476
115;1949;0,095238095238095238095
115;2822;0,142857142857142857142
115;4268;0,047619047619047619047
115;7920;0,095238095238095238095
135;183;0,055555555555555555555
135;411;0,055555555555555555555
135;763;0,055555555555555555555
135;992;0,055555555555555555555
135;1278;0,055555555555555555555
135;1316;0,055555555555555555555
135;1931;0,055555555555555555555
135;1939;0,055555555555555555555
135;2204;0,111111111111111111111
135;3176;0,111111111111111111111
135;4020;0,111111111111111111111
135;5679;0,055555555555555555555
135;21396;0,055555555555555555555
135;184987;0,111111111111111111111
138;796;0,250000000000000000000
138;2543;0,250000000000000000000
138;4205;0,250000000000000000000
138;17629;0,250000000000000000000
148;296;1,000000000000000000000
151;2223;1,000000000000000000000
162;4108;1,000000000000000000000
163;1483;1,000000000000000000000
174;437;1,000000000000000000000
183;261;1,000000000000000000000
189;609;0,166666666666666666666
189;1082;0,166666666666666666666
189;4576;0,666666666666666666666
190;1263;1,000000000000000000000
192;2272;0,166666666666666666666
192;3591;0,166666666666666666666
192;5214;0,166666666666666666666
192;5564;0,500000000000000000000
199;54;0,038461538461538461538
199;550;0,038461538461538461538
199;657;0,153846153846153846153
199;1344;0,076923076923076923076
199;1663;0,038461538461538461538
199;1759;0,115384615384615384615
199;1867;0,038461538461538461538
199;2007;0,038461538461538461538
199;2182;0,038461538461538461538
199;2183;0,038461538461538461538
199;2184;0,038461538461538461538
199;2206;0,038461538461538461538
199;3105;0,076923076923076923076
199;3372;0,038461538461538461538
199;3694;0,038461538461538461538
199;5657;0,038461538461538461538
199;5789;0,038461538461538461538
199;6567;0,038461538461538461538
199;15895;0,038461538461538461538
211;179;0,500000000000000000000
211;212;0,500000000000000000000
213;1976;0,200000000000000000000
213;2734;0,200000000000000000000
213;4667;0,200000000000000000000
213;71411;0,200000000000000000000
213;75828;0,200000000000000000000
220;1282;0,200000000000000000000
220;2367;0,600000000000000000000
220;7874;0,200000000000000000000
242;1286;1,000000000000000000000
244;990;1,000000000000000000000
246;4794;1,000000000000000000000
249;237;1,000000000000000000000
256;208;1,000000000000000000000
261;96;0,500000000000000000000
261;237;0,500000000000000000000
263;131;0,111111111111111111111
263;420;0,111111111111111111111
263;643;0,111111111111111111111
263;830;0,222222222222222222222
263;845;0,111111111111111111111
263;1117;0,111111111111111111111
263;1263;0,111111111111111111111
263;2396;0,111111111111111111111
276;135;0,333333333333333333333
276;695;0,333333333333333333333
276;59745;0,333333333333333333333
279;267;0,500000000000000000000
279;1271;0,500000000000000000000
284;6981;1,000000000000000000000
287;14;0,600000000000000000000
287;1216;0,200000000000000000000
287;2073;0,200000000000000000000
291;13;0,571428571428571428571
291;59745;0,428571428571428571428
292;671;0,500000000000000000000
292;12563;0,500000000000000000000
293;8461;1,000000000000000000000
296;277;1,000000000000000000000
302;2083;0,333333333333333333333
302;3122;0,333333333333333333333
302;7080;0,333333333333333333333
303;252837;1,000000000000000000000
306;1812;1,000000000000000000000
307;1324;0,500000000000000000000
307;17047;0,500000000000000000000
309;1948;1,000000000000000000000
310;2851;1,000000000000000000000
313;4697;1,000000000000000000000
318;3802;1,000000000000000000000
320;2310;1,000000000000000000000
324;219;1,000000000000000000000
330;5679;0,500000000000000000000
330;9998;0,500000000000000000000
332;452;0,250000000000000000000
332;718;0,200000000000000000000
332;1116;0,300000000000000000000
332;1130;0,050000000000000000000
332;5071;0,200000000000000000000
337;2140;1,000000000000000000000
347;3836;1,000000000000000000000
349;219;0,250000000000000000000
349;502;0,250000000000000000000
349;1027;0,500000000000000000000
380;1769;1,000000000000000000000
388;391;0,250000000000000000000
388;403;0,250000000000000000000
388;1218;0,250000000000000000000
388;6262;0,250000000000000000000
396;2127;1,000000000000000000000
399;411;1,000000000000000000000
410;6000;1,000000000000000000000
411;399;0,166666666666666666666
411;1447;0,333333333333333333333
411;1762;0,166666666666666666666
411;3214;0,166666666666666666666
411;5168;0,166666666666666666666
420;131;1,000000000000000000000
423;12817;0,500000000000000000000
423;184646;0,500000000000000000000
444;424;0,500000000000000000000
444;2543;0,500000000000000000000
455;4777;1,000000000000000000000
467;14;1,000000000000000000000
479;1171;0,500000000000000000000
479;3038;0,500000000000000000000
484;1831;0,250000000000000000000
484;2647;0,750000000000000000000
490;115;1,000000000000000000000
492;1321;1,000000000000000000000
498;155;0,666666666666666666666
498;5679;0,333333333333333333333
521;793;0,500000000000000000000
521;8156;0,500000000000000000000
524;9807;1,000000000000000000000
526;5530;0,250000000000000000000
526;9396;0,750000000000000000000
538;2664;1,000000000000000000000
545;2371;1,000000000000000000000
546;547;0,500000000000000000000
546;7660;0,500000000000000000000
547;546;1,000000000000000000000
558;2657;1,000000000000000000000
567;738;1,000000000000000000000
568;7713;1,000000000000000000000
571;1897;1,000000000000000000000
576;4639;1,000000000000000000000
588;3340;1,000000000000000000000
594;2586;0,500000000000000000000
594;5679;0,500000000000000000000
600;3007;1,000000000000000000000
612;9762;1,000000000000000000000
613;527;0,500000000000000000000
613;17248;0,500000000000000000000
615;28993;1,000000000000000000000
621;911;0,125000000000000000000
621;1856;0,125000000000000000000
621;2029;0,125000000000000000000
621;2385;0,125000000000000000000
621;2434;0,250000000000000000000
621;4829;0,125000000000000000000
621;5444;0,125000000000000000000
625;96;0,125000000000000000000
625;122;0,500000000000000000000
625;1154;0,125000000000000000000
625;8786;0,125000000000000000000
625;12876;0,125000000000000000000
628;194;0,440000000000000000000
628;360;0,080000000000000000000
628;1754;0,040000000000000000000
628;1940;0,320000000000000000000
628;4512;0,120000000000000000000
657;199;0,500000000000000000000
657;3105;0,500000000000000000000
668;876;1,000000000000000000000
669;1956;0,200000000000000000000
669;2223;0,200000000000000000000
669;2659;0,200000000000000000000
669;4268;0,200000000000000000000
669;59841;0,200000000000000000000
675;281;0,571428571428571428571
675;933;0,285714285714285714285
675;1370;0,142857142857142857142
678;1889;1,000000000000000000000
688;360;1,000000000000000000000
689;1250;1,000000000000000000000
694;189452;1,000000000000000000000
731;275;0,500000000000000000000
731;282;0,500000000000000000000
733;2912;0,043478260869565217391
733;2913;0,043478260869565217391
733;2914;0,043478260869565217391
733;2916;0,043478260869565217391
733;2919;0,043478260869565217391
733;2920;0,043478260869565217391
733;2924;0,043478260869565217391
733;2925;0,043478260869565217391
733;2927;0,043478260869565217391
733;2929;0,043478260869565217391
733;2931;0,043478260869565217391
733;2932;0,043478260869565217391
733;2933;0,043478260869565217391
733;2935;0,043478260869565217391
733;2938;0,043478260869565217391
733;2939;0,043478260869565217391
733;2940;0,043478260869565217391
733;2941;0,043478260869565217391
733;2942;0,043478260869565217391
733;2943;0,043478260869565217391
733;2948;0,043478260869565217391
733;2950;0,043478260869565217391
733;49722;0,043478260869565217391
744;845;1,000000000000000000000
747;213;0,625000000000000000000
747;3607;0,125000000000000000000
747;28517;0,125000000000000000000
747;75827;0,125000000000000000000
748;213;0,090909090909090909090
748;747;0,181818181818181818181
748;2734;0,090909090909090909090
748;4667;0,090909090909090909090
748;71411;0,090909090909090909090
748;75827;0,090909090909090909090
748;76428;0,272727272727272727272
748;81648;0,090909090909090909090
761;29376;1,000000000000000000000
763;1234;0,416666666666666666666
763;1237;0,250000000000000000000
763;1277;0,250000000000000000000
763;4627;0,083333333333333333333
779;830;0,250000000000000000000
779;5643;0,250000000000000000000
779;27615;0,500000000000000000000
805;904;0,500000000000000000000
805;4078;0,500000000000000000000
829;2203;0,333333333333333333333
829;3395;0,333333333333333333333
829;12850;0,333333333333333333333
830;14;0,071428571428571428571
830;72;0,071428571428571428571
830;779;0,071428571428571428571
830;1117;0,500000000000000000000
830;2203;0,071428571428571428571
830;3395;0,142857142857142857142
830;27615;0,071428571428571428571
835;1152;0,500000000000000000000
835;5607;0,166666666666666666666
835;5679;0,166666666666666666666
835;140271;0,166666666666666666666
841;2740;1,000000000000000000000
845;263;0,100000000000000000000
845;744;0,200000000000000000000
845;846;0,250000000000000000000
845;1437;0,050000000000000000000
845;192866;0,400000000000000000000
846;744;0,500000000000000000000
846;845;0,250000000000000000000
846;2863;0,250000000000000000000
863;180;0,833333333333333333333
863;6132;0,166666666666666666666
866;5439;0,250000000000000000000
866;5691;0,250000000000000000000
866;9184;0,250000000000000000000
866;9807;0,250000000000000000000
911;1286;0,666666666666666666666
911;4262;0,333333333333333333333
918;351;1,000000000000000000000
925;3916;0,333333333333333333333
925;13476;0,333333333333333333333
925;58138;0,333333333333333333333
933;531;0,200000000000000000000
933;675;0,400000000000000000000
933;2436;0,200000000000000000000
933;4173;0,200000000000000000000
938;866;0,666666666666666666666
938;2029;0,166666666666666666666
938;13545;0,166666666666666666666
945;5679;0,333333333333333333333
945;26070;0,666666666666666666666
965;2147;1,000000000000000000000
980;1277;1,000000000000000000000
982;845;1,000000000000000000000
983;59745;1,000000000000000000000
990;244;0,750000000000000000000
990;1310;0,250000000000000000000
992;113;0,125000000000000000000
992;281;0,250000000000000000000
992;2684;0,500000000000000000000
992;115105;0,125000000000000000000
995;1025;0,500000000000000000000
995;4374;0,250000000000000000000
995;8366;0,250000000000000000000
1010;2001;1,000000000000000000000
1024;850;1,000000000000000000000
1034;1154;1,000000000000000000000
1041;982;0,857142857142857142857
1041;2422;0,142857142857142857142
1042;982;0,125000000000000000000
1042;1771;0,125000000000000000000
1042;2421;0,500000000000000000000
1042;2472;0,250000000000000000000
1053;3164;1,000000000000000000000
1060;466;1,000000000000000000000
1073;1985;1,000000000000000000000
1083;38;0,333333333333333333333
1083;7713;0,333333333333333333333
1083;28615;0,333333333333333333333
1094;45604;1,000000000000000000000
1117;263;0,142857142857142857142
1117;2972;0,142857142857142857142
1117;5640;0,285714285714285714285
1117;8253;0,142857142857142857142
1117;125861;0,285714285714285714285
1118;1996;0,500000000000000000000
1118;5679;0,500000000000000000000
1131;80;1,000000000000000000000
1142;249;1,000000000000000000000
1152;140271;1,000000000000000000000
1154;1034;0,090909090909090909090
1154;1142;0,090909090909090909090
1154;1637;0,090909090909090909090
1154;1981;0,090909090909090909090
1154;2302;0,181818181818181818181
1154;4553;0,181818181818181818181
1154;4890;0,090909090909090909090
1154;5223;0,090909090909090909090
1154;307900;0,090909090909090909090
1157;1073;0,166666666666666666666
1157;1984;0,166666666666666666666
1157;1985;0,166666666666666666666
1157;3682;0,166666666666666666666
1157;8164;0,166666666666666666666
1157;9513;0,166666666666666666666
1160;1446;1,000000000000000000000
1165;1164;0,200000000000000000000
1165;1439;0,400000000000000000000
1165;1440;0,400000000000000000000
1168;96;0,250000000000000000000
1168;2293;0,250000000000000000000
1168;8276;0,250000000000000000000
1168;251573;0,250000000000000000000
1169;71;0,088235294117647058823
1169;100;0,088235294117647058823
1169;276;0,088235294117647058823
1169;695;0,088235294117647058823
1169;696;0,088235294117647058823
1169;1944;0,088235294117647058823
1169;1945;0,088235294117647058823
1169;1946;0,088235294117647058823
1169;3523;0,088235294117647058823
1169;4512;0,088235294117647058823
1169;59745;0,117647058823529411764
1196;1264;0,428571428571428571428
1196;3722;0,142857142857142857142
1196;4293;0,142857142857142857142
1196;5005;0,142857142857142857142
1196;5006;0,142857142857142857142
1197;1198;1,000000000000000000000
1216;287;1,000000000000000000000
1231;3141;1,000000000000000000000
1234;763;0,111111111111111111111
1234;995;0,111111111111111111111
1234;1237;0,222222222222222222222
1234;1591;0,222222222222222222222
1234;3325;0,333333333333333333333
1236;190;0,117647058823529411764
1236;407;0,058823529411764705882
1236;621;0,058823529411764705882
1236;827;0,058823529411764705882
1236;1234;0,117647058823529411764
1236;1277;0,058823529411764705882
1236;1326;0,058823529411764705882
1236;2071;0,058823529411764705882
1236;2684;0,117647058823529411764
1236;3188;0,117647058823529411764
1236;4086;0,058823529411764705882
1236;9424;0,058823529411764705882
1236;21154;0,058823529411764705882
1237;1234;0,500000000000000000000
1237;1277;0,500000000000000000000
1246;1133;0,500000000000000000000
1246;1206;0,500000000000000000000
1248;3443;1,000000000000000000000
1250;59745;1,000000000000000000000
1254;1171;0,333333333333333333333
1254;3642;0,333333333333333333333
1254;190971;0,333333333333333333333
1277;763;0,111111111111111111111
1277;980;0,055555555555555555555
1277;1234;0,111111111111111111111
1277;1235;0,166666666666666666666
1277;1236;0,166666666666666666666
1277;1237;0,166666666666666666666
1277;10188;0,111111111111111111111
1277;21154;0,111111111111111111111
1282;220;0,666666666666666666666
1282;380;0,333333333333333333333
1286;2054;0,750000000000000000000
1286;7941;0,250000000000000000000
1303;1887;0,142857142857142857142
1303;3768;0,142857142857142857142
1303;4526;0,142857142857142857142
1303;5601;0,142857142857142857142
1303;6072;0,142857142857142857142
1303;11507;0,142857142857142857142
1303;21396;0,142857142857142857142
1307;4004;1,000000000000000000000
1310;1868;1,000000000000000000000
1322;863;1,000000000000000000000
1324;307;0,500000000000000000000
1324;1329;0,500000000000000000000
1335;190;0,250000000000000000000
1335;2071;0,250000000000000000000
1335;3116;0,500000000000000000000
1336;7278;1,000000000000000000000
1340;351;0,666666666666666666666
1340;520;0,333333333333333333333
1342;1898;1,000000000000000000000
1344;7434;0,333333333333333333333
1344;179346;0,666666666666666666666
1393;3007;1,000000000000000000000
1402;3427;1,000000000000000000000
1405;190971;1,000000000000000000000
1429;1439;0,500000000000000000000
1429;1440;0,500000000000000000000
1432;1482;1,000000000000000000000
1437;845;0,333333333333333333333
1437;192866;0,666666666666666666666
1439;5679;0,500000000000000000000
1439;9356;0,500000000000000000000
1446;1160;0,333333333333333333333
1446;1447;0,166666666666666666666
1446;2112;0,333333333333333333333
1446;4225;0,166666666666666666666
1447;1069;1,000000000000000000000
1454;2512;1,000000000000000000000
1464;1637;1,000000000000000000000
1479;50;1,000000000000000000000
1483;4299;0,500000000000000000000
1483;4677;0,500000000000000000000
1497;2678;1,000000000000000000000
1504;5591;1,000000000000000000000
1513;3045;1,000000000000000000000
1526;2991;0,500000000000000000000
1526;4713;0,500000000000000000000
1538;600;1,000000000000000000000
1545;6723;1,000000000000000000000
1547;194;0,500000000000000000000
1547;678;0,500000000000000000000
1554;1845;0,500000000000000000000
1554;3038;0,500000000000000000000
1565;812;0,111111111111111111111
1565;1562;0,111111111111111111111
1565;1887;0,111111111111111111111
1565;2470;0,222222222222222222222
1565;2890;0,222222222222222222222
1565;3395;0,222222222222222222222
1570;1448;0,500000000000000000000
1570;5679;0,500000000000000000000
1589;738;1,000000000000000000000
1591;1234;1,000000000000000000000
1598;2239;1,000000000000000000000
1625;2504;1,000000000000000000000
1637;40;0,076923076923076923076
1637;213;0,076923076923076923076
1637;635;0,076923076923076923076
1637;747;0,076923076923076923076
1637;748;0,076923076923076923076
1637;882;0,076923076923076923076
1637;1192;0,076923076923076923076
1637;1471;0,076923076923076923076
1637;2712;0,076923076923076923076
1637;4667;0,076923076923076923076
1637;10338;0,076923076923076923076
1637;47352;0,076923076923076923076
1637;50959;0,076923076923076923076
1639;2375;1,000000000000000000000
1667;964;0,666666666666666666666
1667;12523;0,333333333333333333333
1678;190971;1,000000000000000000000
1681;733;0,333333333333333333333
1681;2923;0,333333333333333333333
1681;282900;0,333333333333333333333
1696;65;0,076923076923076923076
1696;135;0,076923076923076923076
1696;246;0,076923076923076923076
1696;628;0,076923076923076923076
1696;784;0,076923076923076923076
1696;1974;0,076923076923076923076
1696;3513;0,076923076923076923076
1696;5053;0,076923076923076923076
1696;5643;0,076923076923076923076
1696;7030;0,076923076923076923076
1696;14841;0,076923076923076923076
1696;28560;0,076923076923076923076
1696;28561;0,076923076923076923076
1700;9951;1,000000000000000000000
1708;1321;0,333333333333333333333
1708;3359;0,666666666666666666666
1710;2563;1,000000000000000000000
1717;1379;0,222222222222222222222
1717;1476;0,111111111111111111111
1717;1597;0,111111111111111111111
1717;4440;0,111111111111111111111
1717;4772;0,222222222222222222222
1717;6072;0,111111111111111111111
1717;9694;0,111111111111111111111
1745;754;1,000000000000000000000
1751;956;1,000000000000000000000
1759;199;1,000000000000000000000
1769;380;0,800000000000000000000
1769;3427;0,200000000000000000000
1799;310;1,000000000000000000000
1824;2678;1,000000000000000000000
1831;484;1,000000000000000000000
1866;8156;1,000000000000000000000
1868;1310;0,500000000000000000000
1868;5289;0,500000000000000000000
1889;678;1,000000000000000000000
1897;571;0,333333333333333333333
1897;6788;0,666666666666666666666
1902;5909;1,000000000000000000000
1933;1198;1,000000000000000000000
1940;628;1,000000000000000000000
1945;2210;0,500000000000000000000
1945;3532;0,500000000000000000000
1948;309;1,000000000000000000000
1959;2543;1,000000000000000000000
1967;135;0,142857142857142857142
1967;1545;0,142857142857142857142
1967;1768;0,142857142857142857142
1967;8139;0,571428571428571428571
1974;5643;0,142857142857142857142
1974;7030;0,142857142857142857142
1974;9096;0,142857142857142857142
1974;14841;0,142857142857142857142
1974;28558;0,142857142857142857142
1974;28560;0,142857142857142857142
1974;28561;0,142857142857142857142
1976;213;1,000000000000000000000
1988;2515;1,000000000000000000000
1991;3985;1,000000000000000000000
2005;2004;1,000000000000000000000
2008;1064;0,500000000000000000000
2008;1282;0,500000000000000000000
2015;1162;1,000000000000000000000
2017;2052;1,000000000000000000000
2021;3241;1,000000000000000000000
2027;1473;1,000000000000000000000
2052;2017;1,000000000000000000000
2064;65;1,000000000000000000000
2073;28;1,000000000000000000000
2083;302;1,000000000000000000000
2086;423;0,200000000000000000000
2086;2364;0,200000000000000000000
2086;2972;0,400000000000000000000
2086;125861;0,200000000000000000000
2112;1149;0,500000000000000000000
2112;1446;0,500000000000000000000
2146;1443;0,333333333333333333333
2146;2147;0,333333333333333333333
2146;3085;0,333333333333333333333
2147;1066;0,222222222222222222222
2147;1122;0,111111111111111111111
2147;1443;0,111111111111111111111
2147;2350;0,111111111111111111111
2147;2388;0,111111111111111111111
2147;2786;0,111111111111111111111
2147;3857;0,111111111111111111111
2147;5632;0,111111111111111111111
2149;826;0,500000000000000000000
2149;191508;0,500000000000000000000
2164;1111;0,500000000000000000000
2164;2602;0,500000000000000000000
2176;3772;1,000000000000000000000
2200;5089;1,000000000000000000000
2203;72;0,100000000000000000000
2203;829;0,100000000000000000000
2203;1117;0,300000000000000000000
2203;3395;0,300000000000000000000
2203;8253;0,200000000000000000000
2210;3532;1,000000000000000000000
2249;990;1,000000000000000000000
2269;2742;1,000000000000000000000
2310;320;0,500000000000000000000
2310;2021;0,500000000000000000000
2322;9159;0,666666666666666666666
2322;13206;0,333333333333333333333
2343;2678;1,000000000000000000000
2350;37;0,400000000000000000000
2350;4576;0,600000000000000000000
2355;1948;0,500000000000000000000
2355;3399;0,500000000000000000000
2364;3395;0,500000000000000000000
2364;4989;0,250000000000000000000
2364;5679;0,250000000000000000000
2371;4794;1,000000000000000000000
2374;793;0,333333333333333333333
2374;1290;0,111111111111111111111
2374;1554;0,111111111111111111111
2374;1650;0,111111111111111111111
2374;4225;0,111111111111111111111
2374;8460;0,222222222222222222222
2379;3234;1,000000000000000000000
2421;1042;0,666666666666666666666
2421;6962;0,333333333333333333333
2422;1041;0,666666666666666666666
2422;5782;0,333333333333333333333
2434;1671;0,500000000000000000000
2434;5119;0,500000000000000000000
2436;754;0,500000000000000000000
2436;1361;0,500000000000000000000
2464;30415;1,000000000000000000000
2504;1625;0,400000000000000000000
2504;5440;0,400000000000000000000
2504;13265;0,200000000000000000000
2515;96;0,250000000000000000000
2515;249;0,250000000000000000000
2515;1988;0,250000000000000000000
2515;3601;0,250000000000000000000
2516;1248;1,000000000000000000000
2543;1042;1,000000000000000000000
2551;700;1,000000000000000000000
2555;3876;1,000000000000000000000
2578;925;1,000000000000000000000
2596;3320;0,333333333333333333333
2596;4345;0,666666666666666666666
2607;802;0,333333333333333333333
2607;1064;0,333333333333333333333
2607;1563;0,333333333333333333333
2644;8381;1,000000000000000000000
2659;669;0,500000000000000000000
2659;1225;0,500000000000000000000
2661;4355;0,333333333333333333333
2661;48255;0,666666666666666666666
2678;2371;0,166666666666666666666
2678;3978;0,333333333333333333333
2678;7859;0,166666666666666666666
2678;10860;0,333333333333333333333
2684;992;0,687500000000000000000
2684;1236;0,125000000000000000000
2684;1931;0,062500000000000000000
2684;115105;0,125000000000000000000
2713;6347;1,000000000000000000000
2756;85;0,333333333333333333333
2756;1471;0,333333333333333333333
2756;5449;0,333333333333333333333
2778;2543;1,000000000000000000000
2786;846;0,333333333333333333333
2786;965;0,333333333333333333333
2786;1066;0,333333333333333333333
2803;369;0,976190476190476190476
2803;1261;0,023809523809523809523
2825;2826;1,000000000000000000000
2826;2825;1,000000000000000000000
2834;2863;1,000000000000000000000
2884;3891;1,000000000000000000000
2962;248;0,200000000000000000000
2962;1583;0,200000000000000000000
2962;2133;0,200000000000000000000
2962;2139;0,200000000000000000000
2962;2474;0,200000000000000000000
2972;1946;1,000000000000000000000
2991;1526;1,000000000000000000000
3007;1393;1,000000000000000000000
3029;3557;1,000000000000000000000
3033;61;0,500000000000000000000
3033;975;0,500000000000000000000
3045;96;0,200000000000000000000
3045;249;0,200000000000000000000
3045;1513;0,200000000000000000000
3045;2139;0,400000000000000000000
3085;938;0,041666666666666666666
3085;960;0,083333333333333333333
3085;1401;0,083333333333333333333
3085;1443;0,083333333333333333333
3085;2146;0,020833333333333333333
3085;2147;0,041666666666666666666
3085;2697;0,083333333333333333333
3085;4146;0,083333333333333333333
3085;4147;0,083333333333333333333
3085;5367;0,083333333333333333333
3085;5679;0,020833333333333333333
3085;5691;0,041666666666666666666
3085;10658;0,083333333333333333333
3085;14899;0,083333333333333333333
3085;17323;0,041666666666666666666
3085;27854;0,020833333333333333333
3085;169356;0,020833333333333333333
3105;657;0,333333333333333333333
3105;846;0,333333333333333333333
3105;1681;0,333333333333333333333
3123;140271;1,000000000000000000000
3141;1231;1,000000000000000000000
3169;4991;0,250000000000000000000
3169;6929;0,250000000000000000000
3169;8441;0,500000000000000000000
3176;17278;1,000000000000000000000
3178;2877;1,000000000000000000000
3212;4576;0,333333333333333333333
3212;28615;0,666666666666666666666
3230;2112;1,000000000000000000000
3241;4906;1,000000000000000000000
3251;10892;1,000000000000000000000
3292;180;1,000000000000000000000
3318;419;1,000000000000000000000
3320;3089;1,000000000000000000000
3325;1234;1,000000000000000000000
3340;588;0,400000000000000000000
3340;952;0,200000000000000000000
3340;2128;0,200000000000000000000
3340;5679;0,200000000000000000000
3356;524;1,000000000000000000000
3359;313;0,083333333333333333333
3359;1321;0,083333333333333333333
3359;1453;0,083333333333333333333
3359;1632;0,083333333333333333333
3359;1692;0,083333333333333333333
3359;1699;0,083333333333333333333
3359;1705;0,083333333333333333333
3359;1769;0,083333333333333333333
3359;2254;0,083333333333333333333
3359;2826;0,083333333333333333333
3359;4386;0,083333333333333333333
3359;21502;0,083333333333333333333
3395;517;0,100000000000000000000
3395;829;0,200000000000000000000
3395;830;0,100000000000000000000
3395;849;0,200000000000000000000
3395;1565;0,100000000000000000000
3395;2203;0,200000000000000000000
3395;12850;0,100000000000000000000
3403;2214;1,000000000000000000000
3414;4262;1,000000000000000000000
3427;174;0,333333333333333333333
3427;1064;0,333333333333333333333
3427;2826;0,333333333333333333333
3446;1727;1,000000000000000000000
3450;295;0,285714285714285714285
3450;3359;0,428571428571428571428
3450;140271;0,285714285714285714285
3458;576;0,250000000000000000000
3458;1265;0,250000000000000000000
3458;12572;0,500000000000000000000
3473;4777;1,000000000000000000000
3513;1696;1,000000000000000000000
3515;502;1,000000000000000000000
3523;529;1,000000000000000000000
3586;5012;1,000000000000000000000
3587;643;1,000000000000000000000
3601;2515;1,000000000000000000000
3608;3429;1,000000000000000000000
3625;80;0,500000000000000000000
3625;876;0,500000000000000000000
3665;5484;0,500000000000000000000
3665;7578;0,500000000000000000000
3685;2350;1,000000000000000000000
3738;475;1,000000000000000000000
3753;13253;1,000000000000000000000
3766;2112;1,000000000000000000000
3772;2176;1,000000000000000000000
3836;347;0,500000000000000000000
3836;28568;0,500000000000000000000
3842;5392;1,000000000000000000000
3876;2555;1,000000000000000000000
3911;306;0,500000000000000000000
3911;2850;0,500000000000000000000
3944;3557;1,000000000000000000000
3980;4374;1,000000000000000000000
3986;17273;1,000000000000000000000
4000;4001;0,500000000000000000000
4000;5635;0,500000000000000000000
4041;54;1,000000000000000000000
4058;8865;0,500000000000000000000
4058;28027;0,500000000000000000000
4078;2127;1,000000000000000000000
4085;1014;0,500000000000000000000
4085;190971;0,500000000000000000000
4100;609;1,000000000000000000000
4108;162;0,666666666666666666666
4108;5603;0,333333333333333333333
4146;1286;0,083333333333333333333
4146;4271;0,250000000000000000000
4146;4414;0,333333333333333333333
4146;28264;0,333333333333333333333
4148;48;1,000000000000000000000
4225;520;0,500000000000000000000
4225;1778;0,500000000000000000000
4262;3414;1,000000000000000000000
4268;115;0,153846153846153846153
4268;468;0,076923076923076923076
4268;1180;0,076923076923076923076
4268;1949;0,230769230769230769230
4268;1956;0,076923076923076923076
4268;3436;0,076923076923076923076
4268;3975;0,076923076923076923076
4268;6749;0,076923076923076923076
4268;7920;0,153846153846153846153
4278;351;1,000000000000000000000
4299;1483;1,000000000000000000000
4309;885;0,500000000000000000000
4309;8909;0,500000000000000000000
4317;5679;1,000000000000000000000
4344;1024;1,000000000000000000000
4355;5089;0,666666666666666666666
4355;5521;0,333333333333333333333
4359;2834;1,000000000000000000000
4398;9514;1,000000000000000000000
4425;940;1,000000000000000000000
4458;979;1,000000000000000000000
4463;4462;1,000000000000000000000
4497;8464;1,000000000000000000000
4500;7759;1,000000000000000000000
4518;1064;0,500000000000000000000
4518;1700;0,500000000000000000000
4525;5519;1,000000000000000000000
4552;41;0,500000000000000000000
4552;1261;0,500000000000000000000
4553;1154;0,200000000000000000000
4553;1981;0,800000000000000000000
4576;189;0,166666666666666666666
4576;1082;0,166666666666666666666
4576;2350;0,333333333333333333333
4576;3212;0,166666666666666666666
4576;7521;0,166666666666666666666
4586;27613;1,000000000000000000000
4697;3418;1,000000000000000000000
4713;7116;1,000000000000000000000
4747;4777;1,000000000000000000000
4777;3234;1,000000000000000000000
4780;131;0,200000000000000000000
4780;643;0,200000000000000000000
4780;1263;0,200000000000000000000
4780;2396;0,200000000000000000000
4780;8225;0,200000000000000000000
4794;246;0,666666666666666666666
4794;2371;0,333333333333333333333
4901;2280;1,000000000000000000000
4935;7626;1,000000000000000000000
4989;779;1,000000000000000000000
5054;12826;1,000000000000000000000
5071;332;1,000000000000000000000
5077;5645;1,000000000000000000000
5082;27173;1,000000000000000000000
5214;192;1,000000000000000000000
5219;9402;1,000000000000000000000
5239;5591;1,000000000000000000000
5309;4538;1,000000000000000000000
5392;3842;1,000000000000000000000
5395;2817;1,000000000000000000000
5440;2504;0,333333333333333333333
5440;3798;0,333333333333333333333
5440;9382;0,333333333333333333333
5469;1109;1,000000000000000000000
5528;543;1,000000000000000000000
5530;526;1,000000000000000000000
5564;192;0,333333333333333333333
5564;1263;0,222222222222222222222
5564;2046;0,111111111111111111111
5564;3296;0,111111111111111111111
5564;5214;0,222222222222222222222
5603;4108;1,000000000000000000000
5613;23;0,400000000000000000000
5613;276;0,200000000000000000000
5613;5679;0,200000000000000000000
5613;6406;0,200000000000000000000
5617;5679;1,000000000000000000000
5622;28171;1,000000000000000000000
5623;3446;1,000000000000000000000
5628;96;0,500000000000000000000
5628;5679;0,500000000000000000000
5632;2147;1,000000000000000000000
5638;24259;1,000000000000000000000
5640;1117;1,000000000000000000000
5643;779;1,000000000000000000000
5651;2491;1,000000000000000000000
5691;3085;1,000000000000000000000
5751;3246;0,500000000000000000000
5751;5042;0,250000000000000000000
5751;9714;0,250000000000000000000
5827;615;0,500000000000000000000
5827;5042;0,500000000000000000000
5886;2306;0,500000000000000000000
5886;7578;0,500000000000000000000
5909;1902;1,000000000000000000000
5918;2772;1,000000000000000000000
6000;410;1,000000000000000000000
6132;1225;1,000000000000000000000
6169;1938;1,000000000000000000000
6236;2494;1,000000000000000000000
6297;3905;1,000000000000000000000
6347;250;0,166666666666666666666
6347;2713;0,833333333333333333333
6353;6354;1,000000000000000000000
6406;5613;1,000000000000000000000
6413;1321;1,000000000000000000000
6525;3123;1,000000000000000000000
6567;13476;1,000000000000000000000
6622;5610;1,000000000000000000000
6635;5591;1,000000000000000000000
6681;14269;1,000000000000000000000
6723;3395;1,000000000000000000000
6788;306;0,833333333333333333333
6788;1897;0,166666666666666666666
6913;9762;1,000000000000000000000
6940;9951;1,000000000000000000000
6962;2421;1,000000000000000000000
6981;284;1,000000000000000000000
7030;2731;1,000000000000000000000
7049;1583;1,000000000000000000000
7080;302;0,333333333333333333333
7080;846;0,333333333333333333333
7080;1171;0,333333333333333333333
7095;65998;1,000000000000000000000
7106;4993;1,000000000000000000000
7111;486;0,500000000000000000000
7111;5149;0,500000000000000000000
7116;1271;0,500000000000000000000
7116;4713;0,500000000000000000000
7130;96;0,142857142857142857142
7130;600;0,857142857142857142857
7135;12591;1,000000000000000000000
7146;7478;1,000000000000000000000
7278;1336;1,000000000000000000000
7328;2029;1,000000000000000000000
7418;3957;0,500000000000000000000
7418;12497;0,500000000000000000000
7521;568;0,083333333333333333333
7521;3212;0,416666666666666666666
7521;4576;0,333333333333333333333
7521;13141;0,083333333333333333333
7521;17678;0,083333333333333333333
7543;152027;1,000000000000000000000
7578;3665;0,500000000000000000000
7578;5886;0,500000000000000000000
7626;4935;1,000000000000000000000
7713;568;0,333333333333333333333
7713;1083;0,666666666666666666666
7739;362;1,000000000000000000000
7748;14050;1,000000000000000000000
7759;4500;1,000000000000000000000
7859;2678;1,000000000000000000000
7862;122;0,500000000000000000000
7862;12882;0,500000000000000000000
7866;688;0,333333333333333333333
7866;794;0,333333333333333333333
7866;5440;0,333333333333333333333
7874;220;1,000000000000000000000
7886;5174;1,000000000000000000000
7968;891;1,000000000000000000000
8062;17584;1,000000000000000000000
8081;1721;1,000000000000000000000
8139;1967;1,000000000000000000000
8156;521;0,250000000000000000000
8156;1866;0,250000000000000000000
8156;3800;0,250000000000000000000
8156;6320;0,250000000000000000000
8228;9898;1,000000000000000000000
8268;296;1,000000000000000000000
8281;59;1,000000000000000000000
8366;1098;0,500000000000000000000
8366;3038;0,500000000000000000000
8440;1182;1,000000000000000000000
8441;2652;0,333333333333333333333
8441;28397;0,666666666666666666666
8454;3350;1,000000000000000000000
8461;293;1,000000000000000000000
8473;1171;1,000000000000000000000
8580;4697;1,000000000000000000000
8648;266;1,000000000000000000000
8899;380;1,000000000000000000000
8976;266;1,000000000000000000000
9090;777;1,000000000000000000000
9159;2322;1,000000000000000000000
9184;5530;1,000000000000000000000
9208;7759;1,000000000000000000000
9338;1719;1,000000000000000000000
9356;719;0,090909090909090909090
9356;1439;0,454545454545454545454
9356;1440;0,181818181818181818181
9356;9668;0,272727272727272727272
9382;5440;1,000000000000000000000
9396;526;1,000000000000000000000
9416;27763;1,000000000000000000000
9542;1719;1,000000000000000000000
9657;122;1,000000000000000000000
9665;8856;1,000000000000000000000
9668;9356;0,750000000000000000000
9668;37812;0,250000000000000000000
9694;1717;1,000000000000000000000
9762;612;0,375000000000000000000
9762;3791;0,125000000000000000000
9762;3800;0,125000000000000000000
9762;3811;0,125000000000000000000
9762;6913;0,125000000000000000000
9762;12159;0,125000000000000000000
9795;1842;0,500000000000000000000
9795;5061;0,500000000000000000000
9807;2780;1,000000000000000000000
9925;9924;1,000000000000000000000
9951;1700;0,500000000000000000000
9951;6940;0,500000000000000000000
10103;3318;1,000000000000000000000
10338;826;0,250000000000000000000
10338;1439;0,125000000000000000000
10338;1440;0,125000000000000000000
10338;1596;0,125000000000000000000
10338;90666;0,125000000000000000000
10338;191508;0,250000000000000000000
10649;6213;0,666666666666666666666
10649;133828;0,333333333333333333333
10724;1439;0,500000000000000000000
10724;1440;0,500000000000000000000
10740;1044;0,250000000000000000000
10740;2215;0,250000000000000000000
10740;3403;0,250000000000000000000
10740;9434;0,250000000000000000000
11552;1439;0,500000000000000000000
11552;1440;0,500000000000000000000
11680;2455;1,000000000000000000000
12159;3222;1,000000000000000000000
12269;3876;1,000000000000000000000
12433;2895;1,000000000000000000000
12439;8698;1,000000000000000000000
12497;6693;1,000000000000000000000
12591;8253;1,000000000000000000000
12596;5636;1,000000000000000000000
12749;681;1,000000000000000000000
12850;4627;1,000000000000000000000
12936;74;1,000000000000000000000
12938;59522;1,000000000000000000000
13253;96;0,043478260869565217391
13253;237;0,043478260869565217391
13253;249;0,043478260869565217391
13253;1156;0,043478260869565217391
13253;1364;0,043478260869565217391
13253;1827;0,043478260869565217391
13253;1988;0,043478260869565217391
13253;2515;0,130434782608695652173
13253;3000;0,043478260869565217391
13253;3005;0,043478260869565217391
13253;3219;0,043478260869565217391
13253;3459;0,043478260869565217391
13253;3633;0,043478260869565217391
13253;3753;0,043478260869565217391
13253;3857;0,043478260869565217391
13253;4881;0,043478260869565217391
13253;5578;0,043478260869565217391
13253;6007;0,043478260869565217391
13253;6666;0,043478260869565217391
13253;22211;0,043478260869565217391
13253;67275;0,043478260869565217391
13452;37;1,000000000000000000000
13482;426;0,500000000000000000000
13482;24113;0,500000000000000000000
13796;12572;1,000000000000000000000
14050;523;0,090909090909090909090
14050;573;0,090909090909090909090
14050;2484;0,090909090909090909090
14050;3189;0,090909090909090909090
14050;3551;0,181818181818181818181
14050;4090;0,090909090909090909090
14050;6372;0,090909090909090909090
14050;7748;0,090909090909090909090
14050;8268;0,090909090909090909090
14050;20436;0,090909090909090909090
14073;9396;1,000000000000000000000
14124;6132;1,000000000000000000000
14151;407;0,200000000000000000000
14151;885;0,200000000000000000000
14151;3891;0,200000000000000000000
14151;8623;0,200000000000000000000
14151;8850;0,200000000000000000000
14269;6681;1,000000000000000000000
15471;14;0,500000000000000000000
15471;28;0,500000000000000000000
15866;180;1,000000000000000000000
16644;470;1,000000000000000000000
17047;1335;1,000000000000000000000
17248;613;1,000000000000000000000
17273;3986;1,000000000000000000000
17521;2021;1,000000000000000000000
17584;2794;0,333333333333333333333
17584;3532;0,333333333333333333333
17584;8062;0,333333333333333333333
17634;74;1,000000000000000000000
18641;59745;0,125000000000000000000
18641;189452;0,750000000000000000000
18641;190971;0,125000000000000000000
20235;138;0,200000000000000000000
20235;442;0,200000000000000000000
20235;454;0,200000000000000000000
20235;5557;0,400000000000000000000
21154;1236;1,000000000000000000000
21396;135;0,333333333333333333333
21396;1608;0,333333333333333333333
21396;1700;0,333333333333333333333
21734;3111;1,000000000000000000000
22211;9356;1,000000000000000000000
22298;1439;0,500000000000000000000
22298;1440;0,500000000000000000000
23730;1265;1,000000000000000000000
23930;1843;1,000000000000000000000
25264;28822;1,000000000000000000000
25488;25264;1,000000000000000000000
26070;865;0,166666666666666666666
26070;945;0,500000000000000000000
26070;2127;0,166666666666666666666
26070;16921;0,166666666666666666666
26347;3891;1,000000000000000000000
27198;423;1,000000000000000000000
27708;7874;1,000000000000000000000
27763;9416;1,000000000000000000000
28342;7906;1,000000000000000000000
28544;1162;1,000000000000000000000
28615;3212;0,666666666666666666666
28615;7648;0,333333333333333333333
28629;189;0,666666666666666666666
28629;4576;0,333333333333333333333
28752;12418;1,000000000000000000000
28930;551;0,025000000000000000000
28930;1344;0,025000000000000000000
28930;1454;0,025000000000000000000
28930;1898;0,050000000000000000000
28930;2743;0,025000000000000000000
28930;2786;0,025000000000000000000
28930;3256;0,025000000000000000000
28930;3420;0,075000000000000000000
28930;7717;0,050000000000000000000
28930;7975;0,075000000000000000000
28930;8212;0,025000000000000000000
28930;12959;0,075000000000000000000
28930;15737;0,050000000000000000000
28930;23759;0,050000000000000000000
28930;24259;0,050000000000000000000
28930;152027;0,350000000000000000000
29376;761;1,000000000000000000000
37814;9356;1,000000000000000000000
45724;37815;1,000000000000000000000
48255;240;0,200000000000000000000
48255;2661;0,200000000000000000000
48255;4058;0,200000000000000000000
48255;59745;0,400000000000000000000
54879;351;1,000000000000000000000
56521;1263;1,000000000000000000000
58138;4681;1,000000000000000000000
59522;12938;1,000000000000000000000
59745;276;0,052631578947368421052
59745;277;0,052631578947368421052
59745;291;0,052631578947368421052
59745;442;0,105263157894736842105
59745;689;0,052631578947368421052
59745;982;0,052631578947368421052
59745;983;0,105263157894736842105
59745;1169;0,052631578947368421052
59745;1250;0,052631578947368421052
59745;1939;0,157894736842105263157
59745;22123;0,052631578947368421052
59745;48255;0,157894736842105263157
59745;59841;0,052631578947368421052
59841;2731;0,972972972972972972972
59841;59745;0,027027027027027027027
65193;332;0,023809523809523809523
65193;718;0,285714285714285714285
65193;754;0,023809523809523809523
65193;933;0,238095238095238095238
65193;1025;0,047619047619047619047
65193;1116;0,095238095238095238095
65193;1361;0,214285714285714285714
65193;1391;0,071428571428571428571
65998;2175;0,166666666666666666666
65998;6236;0,500000000000000000000
65998;7095;0,333333333333333333333
67709;174;1,000000000000000000000
71411;213;0,500000000000000000000
71411;748;0,500000000000000000000
75827;747;0,222222222222222222222
75827;748;0,333333333333333333333
75827;71411;0,222222222222222222222
75827;76428;0,222222222222222222222
76428;213;0,166666666666666666666
76428;747;0,166666666666666666666
76428;748;0,166666666666666666666
76428;71411;0,166666666666666666666
76428;75827;0,333333333333333333333
78108;826;1,000000000000000000000
81648;747;0,200000000000000000000
81648;748;0,200000000000000000000
81648;2734;0,200000000000000000000
81648;4667;0,200000000000000000000
81648;76428;0,200000000000000000000
84925;9846;1,000000000000000000000
98068;643;1,000000000000000000000
113392;5470;1,000000000000000000000
116140;517;0,102564102564102564102
116140;632;0,230769230769230769230
116140;1117;0,205128205128205128205
116140;2364;0,025641025641025641025
116140;3395;0,076923076923076923076
116140;8253;0,256410256410256410256
116140;125861;0,102564102564102564102
125861;531;1,000000000000000000000
136664;490;0,333333333333333333333
136664;1129;0,333333333333333333333
136664;1370;0,333333333333333333333
137801;96;1,000000000000000000000
140271;1152;0,500000000000000000000
140271;37183;0,500000000000000000000
160268;1182;1,000000000000000000000
169356;3085;1,000000000000000000000
173893;21360;1,000000000000000000000
184646;72;0,500000000000000000000
184646;423;0,500000000000000000000
189452;288;0,076923076923076923076
189452;568;0,153846153846153846153
189452;978;0,076923076923076923076
189452;1254;0,076923076923076923076
189452;1293;0,076923076923076923076
189452;2275;0,076923076923076923076
189452;4085;0,076923076923076923076
189452;4292;0,076923076923076923076
189452;8909;0,076923076923076923076
189452;28818;0,076923076923076923076
189452;190971;0,153846153846153846153
190971;189452;1,000000000000000000000
192866;845;0,600000000000000000000
192866;1437;0,400000000000000000000
245879;1342;0,428571428571428571428
245879;1898;0,142857142857142857142
245879;3246;0,142857142857142857142
245879;4747;0,285714285714285714285
251573;1168;1,000000000000000000000
281170;96;1,000000000000000000000
282900;1681;1,000000000000000000000
284854;2146;1,000000000000000000000
308238;749;1,000000000000000000000
