2;5909;1,000000000000000000000
17;2578;1,000000000000000000000
46;1454;1,000000000000000000000
48;5464;0,500000000000000000000
48;8106;0,500000000000000000000
65;1066;0,222222222222222222222
65;1109;0,222222222222222222222
65;1940;0,222222222222222222222
65;366089;0,333333333333333333333
71;3523;1,000000000000000000000
74;978;0,500000000000000000000
74;2388;0,500000000000000000000
77;1263;0,500000000000000000000
77;2046;0,500000000000000000000
80;531;0,500000000000000000000
80;876;0,125000000000000000000
80;1131;0,375000000000000000000
83;1862;1,000000000000000000000
96;995;0,080000000000000000000
96;1574;0,040000000000000000000
96;1988;0,120000000000000000000
96;3753;0,320000000000000000000
96;3857;0,360000000000000000000
96;5578;0,040000000000000000000
96;31343;0,040000000000000000000
100;2419;0,333333333333333333333
100;6068;0,333333333333333333333
100;27175;0,333333333333333333333
101;4592;0,500000000000000000000
101;792462;0,500000000000000000000
115;490;0,090909090909090909090
115;6468;0,181818181818181818181
115;7577;0,045454545454545454545
115;136664;0,045454545454545454545
115;335189;0,181818181818181818181
115;343358;0,227272727272727272727
115;383630;0,136363636363636363636
115;484680;0,090909090909090909090
135;13;0,055555555555555555555
135;54;0,055555555555555555555
135;240;0,055555555555555555555
135;837;0,111111111111111111111
135;1058;0,055555555555555555555
135;1316;0,055555555555555555555
135;1864;0,111111111111111111111
135;1939;0,055555555555555555555
135;1940;0,055555555555555555555
135;1967;0,055555555555555555555
135;2433;0,111111111111111111111
135;2445;0,111111111111111111111
135;8539;0,111111111111111111111
148;2371;1,000000000000000000000
149;1694;0,333333333333333333333
149;2196;0,666666666666666666666
151;7586;0,500000000000000000000
151;8090;0,500000000000000000000
163;104;0,043478260869565217391
163;768;0,043478260869565217391
163;772;0,021739130434782608695
163;822;0,021739130434782608695
163;839;0,021739130434782608695
163;937;0,021739130434782608695
163;1076;0,021739130434782608695
163;1598;0,021739130434782608695
163;1613;0,043478260869565217391
163;1991;0,021739130434782608695
163;2239;0,043478260869565217391
163;3306;0,021739130434782608695
163;3985;0,043478260869565217391
163;4009;0,021739130434782608695
163;4283;0,021739130434782608695
163;4429;0,021739130434782608695
163;4430;0,021739130434782608695
163;4432;0,021739130434782608695
163;4437;0,021739130434782608695
163;4438;0,021739130434782608695
163;4439;0,021739130434782608695
163;4442;0,021739130434782608695
163;4448;0,021739130434782608695
163;4454;0,021739130434782608695
163;4462;0,021739130434782608695
163;4463;0,021739130434782608695
163;4470;0,021739130434782608695
163;4471;0,021739130434782608695
163;4772;0,021739130434782608695
163;8928;0,021739130434782608695
163;17584;0,021739130434782608695
163;122436;0,021739130434782608695
163;356607;0,021739130434782608695
163;415787;0,021739130434782608695
163;497739;0,021739130434782608695
163;606743;0,021739130434782608695
163;608948;0,021739130434782608695
163;640396;0,021739130434782608695
163;703260;0,021739130434782608695
163;728154;0,021739130434782608695
163;1113764;0,021739130434782608695
172;4424;1,000000000000000000000
174;846;0,250000000000000000000
174;2470;0,250000000000000000000
174;59841;0,500000000000000000000
180;863;1,000000000000000000000
183;281;0,500000000000000000000
183;3219;0,500000000000000000000
184;5626;0,250000000000000000000
184;11465;0,750000000000000000000
187;772;1,000000000000000000000
189;608;0,500000000000000000000
189;5329;0,500000000000000000000
192;3591;0,250000000000000000000
192;4561;0,250000000000000000000
192;10946;0,500000000000000000000
199;54;0,166666666666666666666
199;1254;0,333333333333333333333
199;512469;0,500000000000000000000
211;749;0,333333333333333333333
211;2199;0,333333333333333333333
211;3015;0,333333333333333333333
214;5329;1,000000000000000000000
220;1632;0,333333333333333333333
220;2196;0,666666666666666666666
232;1566;1,000000000000000000000
241;9258;1,000000000000000000000
242;1286;0,166666666666666666666
242;2736;0,500000000000000000000
242;2739;0,166666666666666666666
242;5691;0,166666666666666666666
244;6353;1,000000000000000000000
249;96;0,250000000000000000000
249;283;0,250000000000000000000
249;937;0,250000000000000000000
249;813240;0,250000000000000000000
261;237;0,666666666666666666666
261;995;0,333333333333333333333
263;131;0,285714285714285714285
263;420;0,142857142857142857142
263;642;0,071428571428571428571
263;845;0,071428571428571428571
263;846;0,214285714285714285714
263;1263;0,142857142857142857142
263;474028;0,071428571428571428571
266;829;0,250000000000000000000
266;8648;0,250000000000000000000
266;13814;0,500000000000000000000
268;3045;1,000000000000000000000
273;1589;1,000000000000000000000
276;135;0,083333333333333333333
276;194;0,083333333333333333333
276;695;0,333333333333333333333
276;1489;0,083333333333333333333
276;3085;0,083333333333333333333
276;3585;0,083333333333333333333
276;5012;0,083333333333333333333
276;59745;0,166666666666666666666
279;7116;1,000000000000000000000
282;731;0,333333333333333333333
282;15471;0,333333333333333333333
282;282773;0,333333333333333333333
283;846;0,100000000000000000000
283;860;0,100000000000000000000
283;2834;0,100000000000000000000
283;4359;0,600000000000000000000
283;163510;0,100000000000000000000
284;251;0,666666666666666666666
284;285;0,333333333333333333333
288;2371;1,000000000000000000000
290;288;0,333333333333333333333
290;2371;0,333333333333333333333
290;5679;0,333333333333333333333
291;2191;0,333333333333333333333
291;28156;0,666666666666666666666
292;293;0,500000000000000000000
292;419;0,500000000000000000000
293;9998;0,500000000000000000000
293;59841;0,250000000000000000000
293;408877;0,250000000000000000000
302;157662;1,000000000000000000000
310;554;0,125000000000000000000
310;2851;0,375000000000000000000
310;8539;0,375000000000000000000
310;1135072;0,125000000000000000000
311;3446;1,000000000000000000000
317;318;0,500000000000000000000
317;2445;0,500000000000000000000
318;317;0,500000000000000000000
318;2099;0,166666666666666666666
318;2445;0,166666666666666666666
318;12850;0,166666666666666666666
320;2310;0,769230769230769230769
320;2792;0,076923076923076923076
320;7209;0,153846153846153846153
324;1893;1,000000000000000000000
346;1069;1,000000000000000000000
347;2130;1,000000000000000000000
380;1769;1,000000000000000000000
382;398;1,000000000000000000000
388;391;0,250000000000000000000
388;1218;0,250000000000000000000
388;6262;0,250000000000000000000
388;8641;0,250000000000000000000
392;5360;1,000000000000000000000
393;3049;1,000000000000000000000
395;418;1,000000000000000000000
399;7341;1,000000000000000000000
403;3284;1,000000000000000000000
405;11695;1,000000000000000000000
407;2630;1,000000000000000000000
411;945;0,062500000000000000000
411;1069;0,062500000000000000000
411;1137;0,062500000000000000000
411;1169;0,062500000000000000000
411;1397;0,062500000000000000000
411;1447;0,125000000000000000000
411;1728;0,062500000000000000000
411;1729;0,062500000000000000000
411;1762;0,062500000000000000000
411;2961;0,062500000000000000000
411;3214;0,062500000000000000000
411;4131;0,062500000000000000000
411;5168;0,062500000000000000000
411;15682;0,062500000000000000000
411;28338;0,062500000000000000000
415;418;0,200000000000000000000
415;1727;0,400000000000000000000
415;7072;0,400000000000000000000
418;395;0,333333333333333333333
418;410;0,166666666666666666666
418;415;0,166666666666666666666
418;419;0,166666666666666666666
418;1178;0,166666666666666666666
419;292;0,090909090909090909090
419;396;0,090909090909090909090
419;418;0,090909090909090909090
419;945;0,090909090909090909090
419;1221;0,090909090909090909090
419;1894;0,090909090909090909090
419;3465;0,090909090909090909090
419;5168;0,181818181818181818181
419;7975;0,090909090909090909090
419;12959;0,090909090909090909090
420;425;0,166666666666666666666
420;846;0,333333333333333333333
420;982;0,333333333333333333333
420;398787;0,166666666666666666666
423;424;0,500000000000000000000
423;2364;0,500000000000000000000
426;444;1,000000000000000000000
427;689;0,666666666666666666666
427;837;0,333333333333333333333
428;266;0,333333333333333333333
428;6892;0,666666666666666666666
441;3394;0,200000000000000000000
441;7135;0,200000000000000000000
441;27584;0,200000000000000000000
441;116140;0,400000000000000000000
444;426;1,000000000000000000000
453;2578;0,500000000000000000000
453;13498;0,500000000000000000000
464;1713;1,000000000000000000000
466;3591;1,000000000000000000000
472;813240;1,000000000000000000000
479;5013;0,500000000000000000000
479;8473;0,500000000000000000000
484;2598;0,500000000000000000000
484;9234;0,500000000000000000000
485;2310;0,500000000000000000000
485;512469;0,500000000000000000000
490;899;0,666666666666666666666
490;4860;0,333333333333333333333
492;526;0,333333333333333333333
492;1769;0,333333333333333333333
492;2008;0,333333333333333333333
497;622;1,000000000000000000000
498;12;0,500000000000000000000
498;13;0,500000000000000000000
504;8223;1,000000000000000000000
519;2494;0,666666666666666666666
519;17269;0,333333333333333333333
520;240;0,250000000000000000000
520;1182;0,250000000000000000000
520;1314;0,125000000000000000000
520;4219;0,125000000000000000000
520;8442;0,250000000000000000000
521;878;0,333333333333333333333
521;1754;0,333333333333333333333
521;3800;0,333333333333333333333
526;492;0,166666666666666666666
526;528;0,166666666666666666666
526;1278;0,166666666666666666666
526;2008;0,333333333333333333333
526;9396;0,166666666666666666666
527;613;0,333333333333333333333
527;3320;0,666666666666666666666
529;77;0,500000000000000000000
529;9431;0,500000000000000000000
538;349;0,250000000000000000000
538;1340;0,250000000000000000000
538;4278;0,500000000000000000000
543;886;1,000000000000000000000
547;988;0,500000000000000000000
547;5856;0,500000000000000000000
550;5149;0,500000000000000000000
550;15895;0,500000000000000000000
567;628;0,500000000000000000000
567;3499;0,500000000000000000000
571;528;0,428571428571428571428
571;1897;0,571428571428571428571
573;2484;1,000000000000000000000
576;4639;1,000000000000000000000
588;2129;1,000000000000000000000
600;1856;0,500000000000000000000
600;8568;0,500000000000000000000
602;4020;0,500000000000000000000
602;51102;0,500000000000000000000
612;9762;1,000000000000000000000
613;527;1,000000000000000000000
615;163510;1,000000000000000000000
620;2434;1,000000000000000000000
621;866;0,800000000000000000000
621;5444;0,200000000000000000000
635;1637;1,000000000000000000000
641;334;0,500000000000000000000
641;4215;0,500000000000000000000
645;2355;0,500000000000000000000
645;7597;0,500000000000000000000
648;1663;1,000000000000000000000
652;1719;0,333333333333333333333
652;3235;0,333333333333333333333
652;3829;0,333333333333333333333
657;179346;1,000000000000000000000
667;468;0,142857142857142857142
667;469;0,142857142857142857142
667;1301;0,285714285714285714285
667;2569;0,142857142857142857142
667;3905;0,142857142857142857142
667;10207;0,142857142857142857142
671;18641;1,000000000000000000000
689;427;0,333333333333333333333
689;1945;0,333333333333333333333
689;59745;0,333333333333333333333
731;282;0,333333333333333333333
731;15471;0,333333333333333333333
731;282773;0,333333333333333333333
733;1681;0,250000000000000000000
733;2916;0,250000000000000000000
733;2932;0,500000000000000000000
747;213;0,100000000000000000000
747;75827;0,300000000000000000000
747;75828;0,100000000000000000000
747;76428;0,100000000000000000000
747;325599;0,100000000000000000000
747;325646;0,100000000000000000000
747;403195;0,200000000000000000000
748;747;0,285714285714285714285
748;71411;0,571428571428571428571
748;325646;0,142857142857142857142
752;417;0,500000000000000000000
752;1563;0,500000000000000000000
761;8366;0,666666666666666666666
761;8465;0,333333333333333333333
772;187;0,666666666666666666666
772;254306;0,333333333333333333333
781;281;1,000000000000000000000
784;1974;0,500000000000000000000
784;3294;0,500000000000000000000
787;36;0,500000000000000000000
787;285;0,250000000000000000000
787;3500;0,250000000000000000000
794;7132;1,000000000000000000000
805;904;1,000000000000000000000
817;1850;1,000000000000000000000
819;111;0,500000000000000000000
819;281;0,500000000000000000000
829;263;0,142857142857142857142
829;6511;0,285714285714285714285
829;8363;0,142857142857142857142
829;474028;0,142857142857142857142
829;906176;0,142857142857142857142
829;1080816;0,142857142857142857142
837;135;0,142857142857142857142
837;700;0,857142857142857142857
845;846;0,151515151515151515151
845;982;0,363636363636363636363
845;1041;0,151515151515151515151
845;2834;0,030303030303030303030
845;5640;0,030303030303030303030
845;623129;0,272727272727272727272
846;131;0,054545454545454545454
846;174;0,018181818181818181818
846;263;0,054545454545454545454
846;277;0,018181818181818181818
846;283;0,018181818181818181818
846;420;0,036363636363636363636
846;845;0,200000000000000000000
846;982;0,018181818181818181818
846;1041;0,018181818181818181818
846;1065;0,072727272727272727272
846;1263;0,090909090909090909090
846;1437;0,072727272727272727272
846;2697;0,018181818181818181818
846;2731;0,018181818181818181818
846;2786;0,018181818181818181818
846;2834;0,109090909090909090909
846;2863;0,036363636363636363636
846;3256;0,018181818181818181818
846;7030;0,018181818181818181818
846;59841;0,018181818181818181818
846;192866;0,036363636363636363636
846;533247;0,018181818181818181818
846;1125981;0,018181818181818181818
854;4247;0,250000000000000000000
854;6792;0,750000000000000000000
855;115;0,333333333333333333333
855;2210;0,333333333333333333333
855;18396;0,333333333333333333333
886;543;1,000000000000000000000
887;3394;0,333333333333333333333
887;5564;0,333333333333333333333
887;77678;0,333333333333333333333
898;184987;1,000000000000000000000
899;490;0,500000000000000000000
899;59867;0,250000000000000000000
899;1077888;0,250000000000000000000
911;4262;0,666666666666666666666
911;13369;0,333333333333333333333
920;38;0,500000000000000000000
920;609;0,500000000000000000000
925;1552;0,200000000000000000000
925;17762;0,200000000000000000000
925;326192;0,200000000000000000000
925;418454;0,200000000000000000000
925;1113764;0,200000000000000000000
937;163;0,500000000000000000000
937;249;0,500000000000000000000
956;1253;0,250000000000000000000
956;1751;0,250000000000000000000
956;4681;0,500000000000000000000
960;3085;1,000000000000000000000
970;1286;0,250000000000000000000
970;2213;0,250000000000000000000
970;5440;0,500000000000000000000
977;866;0,600000000000000000000
977;2213;0,200000000000000000000
977;4364;0,200000000000000000000
979;50;1,000000000000000000000
980;1591;0,333333333333333333333
980;2181;0,083333333333333333333
980;2684;0,083333333333333333333
980;3219;0,333333333333333333333
980;3619;0,166666666666666666666
982;420;0,021276595744680851063
982;845;0,319148936170212765957
982;1041;0,340425531914893617021
982;5640;0,021276595744680851063
982;474028;0,042553191489361702127
982;623129;0,042553191489361702127
982;767166;0,191489361702127659574
982;1080816;0,021276595744680851063
983;122;0,800000000000000000000
983;1107578;0,200000000000000000000
988;547;1,000000000000000000000
990;1096;1,000000000000000000000
995;48;0,033333333333333333333
995;96;0,066666666666666666666
995;237;0,033333333333333333333
995;261;0,033333333333333333333
995;281;0,033333333333333333333
995;706;0,033333333333333333333
995;748;0,033333333333333333333
995;1085;0,033333333333333333333
995;1122;0,033333333333333333333
995;1286;0,066666666666666666666
995;1347;0,033333333333333333333
995;2054;0,033333333333333333333
995;2269;0,033333333333333333333
995;2277;0,100000000000000000000
995;2591;0,033333333333333333333
995;3142;0,033333333333333333333
995;3610;0,066666666666666666666
995;3665;0,033333333333333333333
995;3998;0,066666666666666666666
995;6567;0,066666666666666666666
995;12596;0,033333333333333333333
995;71411;0,066666666666666666666
997;5693;1,000000000000000000000
1004;6892;1,000000000000000000000
1010;2001;1,000000000000000000000
1014;6940;1,000000000000000000000
1030;2371;1,000000000000000000000
1033;722;1,000000000000000000000
1034;972;0,500000000000000000000
1034;1981;0,500000000000000000000
1041;845;0,241379310344827586206
1041;982;0,275862068965517241379
1041;1263;0,034482758620689655172
1041;193005;0,034482758620689655172
1041;623129;0,068965517241379310344
1041;767166;0,344827586206896551724
1042;277;0,500000000000000000000
1042;373677;0,500000000000000000000
1044;1931;0,500000000000000000000
1044;12798;0,500000000000000000000
1048;13253;1,000000000000000000000
1058;859;0,500000000000000000000
1058;1278;0,500000000000000000000
1066;2697;1,000000000000000000000
1069;346;0,111111111111111111111
1069;1397;0,111111111111111111111
1069;2961;0,333333333333333333333
1069;4131;0,111111111111111111111
1069;5168;0,222222222222222222222
1069;41565;0,111111111111111111111
1076;356607;1,000000000000000000000
1082;891;0,857142857142857142857
1082;1892;0,142857142857142857142
1083;4;0,250000000000000000000
1083;608;0,125000000000000000000
1083;2433;0,125000000000000000000
1083;2543;0,125000000000000000000
1083;4372;0,250000000000000000000
1083;13452;0,125000000000000000000
1085;8756;1,000000000000000000000
1094;1164;0,250000000000000000000
1094;25264;0,250000000000000000000
1094;38738;0,250000000000000000000
1094;45604;0,250000000000000000000
1109;65;1,000000000000000000000
1117;131;0,058823529411764705882
1117;352;0,117647058823529411764
1117;423;0,058823529411764705882
1117;1316;0,058823529411764705882
1117;2547;0,058823529411764705882
1117;3212;0,058823529411764705882
1117;4530;0,058823529411764705882
1117;8253;0,176470588235294117647
1117;12591;0,117647058823529411764
1117;116140;0,235294117647058823529
1121;2064;0,500000000000000000000
1121;3800;0,500000000000000000000
1124;725179;1,000000000000000000000
1127;21396;1,000000000000000000000
1131;80;0,833333333333333333333
1131;876;0,166666666666666666666
1135;418;0,100000000000000000000
1135;3496;0,100000000000000000000
1135;6930;0,100000000000000000000
1135;327099;0,200000000000000000000
1135;687941;0,500000000000000000000
1140;3999;1,000000000000000000000
1142;846;0,666666666666666666666
1142;278351;0,333333333333333333333
1143;2803;0,333333333333333333333
1143;3123;0,333333333333333333333
1143;6505;0,333333333333333333333
1160;1513;0,800000000000000000000
1160;3158;0,200000000000000000000
1169;71;0,050000000000000000000
1169;100;0,050000000000000000000
1169;138;0,050000000000000000000
1169;194;0,016666666666666666666
1169;276;0,050000000000000000000
1169;420;0,016666666666666666666
1169;479;0,016666666666666666666
1169;695;0,066666666666666666666
1169;1942;0,050000000000000000000
1169;1943;0,050000000000000000000
1169;1945;0,050000000000000000000
1169;1946;0,050000000000000000000
1169;2498;0,016666666666666666666
1169;4512;0,050000000000000000000
1169;13537;0,033333333333333333333
1169;41776;0,050000000000000000000
1169;59745;0,183333333333333333333
1169;59841;0,016666666666666666666
1169;131383;0,050000000000000000000
1169;366089;0,033333333333333333333
1169;604246;0,050000000000000000000
1173;2826;1,000000000000000000000
1181;362;0,500000000000000000000
1181;761;0,500000000000000000000
1186;870;0,500000000000000000000
1186;1187;0,500000000000000000000
1196;5005;0,500000000000000000000
1196;727898;0,500000000000000000000
1197;2323;0,500000000000000000000
1197;2343;0,500000000000000000000
1206;5329;0,500000000000000000000
1206;6151;0,250000000000000000000
1206;119483;0,250000000000000000000
1228;2131;1,000000000000000000000
1231;2355;0,181818181818181818181
1231;2736;0,090909090909090909090
1231;3141;0,727272727272727272727
1234;520;0,071428571428571428571
1234;528;0,071428571428571428571
1234;658;0,071428571428571428571
1234;878;0,071428571428571428571
1234;1263;0,071428571428571428571
1234;1277;0,071428571428571428571
1234;2111;0,285714285714285714285
1234;2825;0,071428571428571428571
1234;587053;0,214285714285714285714
1235;1277;1,000000000000000000000
1250;689;0,666666666666666666666
1250;1101851;0,333333333333333333333
1253;956;0,500000000000000000000
1253;1046;0,500000000000000000000
1254;119;1,000000000000000000000
1265;8805;1,000000000000000000000
1274;2017;1,000000000000000000000
1277;980;0,045454545454545454545
1277;1234;0,272727272727272727272
1277;1235;0,090909090909090909090
1277;1278;0,090909090909090909090
1277;1570;0,045454545454545454545
1277;1591;0,045454545454545454545
1277;2111;0,045454545454545454545
1277;10188;0,272727272727272727272
1277;602536;0,090909090909090909090
1278;135;0,090909090909090909090
1278;183;0,090909090909090909090
1278;427;0,090909090909090909090
1278;520;0,090909090909090909090
1278;526;0,181818181818181818181
1278;1058;0,090909090909090909090
1278;1277;0,090909090909090909090
1278;1591;0,090909090909090909090
1278;5909;0,090909090909090909090
1278;13472;0,090909090909090909090
1282;8580;1,000000000000000000000
1286;524;0,175000000000000000000
1286;970;0,025000000000000000000
1286;995;0,025000000000000000000
1286;2644;0,175000000000000000000
1286;3085;0,250000000000000000000
1286;3680;0,025000000000000000000
1286;4640;0,050000000000000000000
1286;8090;0,175000000000000000000
1286;57838;0,025000000000000000000
1286;151929;0,075000000000000000000
1290;5651;1,000000000000000000000
1301;667;0,333333333333333333333
1301;2923;0,333333333333333333333
1301;282900;0,333333333333333333333
1316;352;1,000000000000000000000
1321;1563;0,500000000000000000000
1321;1697;0,500000000000000000000
1332;307;0,076923076923076923076
1332;378;0,076923076923076923076
1332;1240;0,076923076923076923076
1332;1327;0,076923076923076923076
1332;1328;0,076923076923076923076
1332;1329;0,076923076923076923076
1332;1335;0,076923076923076923076
1332;2152;0,076923076923076923076
1332;5831;0,076923076923076923076
1332;7278;0,076923076923076923076
1332;27762;0,076923076923076923076
1332;27774;0,076923076923076923076
1332;27808;0,076923076923076923076
1340;434991;1,000000000000000000000
1348;658;1,000000000000000000000
1364;237;0,500000000000000000000
1364;118796;0,500000000000000000000
1370;452;0,500000000000000000000
1370;1025;0,500000000000000000000
1397;1069;0,500000000000000000000
1397;2961;0,500000000000000000000
1402;2008;1,000000000000000000000
1406;5616;1,000000000000000000000
1429;357817;1,000000000000000000000
1432;17549;1,000000000000000000000
1437;425;0,055555555555555555555
1437;845;0,055555555555555555555
1437;846;0,611111111111111111111
1437;59841;0,166666666666666666666
1437;192866;0,055555555555555555555
1437;623129;0,055555555555555555555
1445;1632;1,000000000000000000000
1447;2961;1,000000000000000000000
1454;46;0,030303030303030303030
1454;433;0,060606060606060606060
1454;712;0,030303030303030303030
1454;752;0,030303030303030303030
1454;1445;0,030303030303030303030
1454;1560;0,030303030303030303030
1454;2607;0,030303030303030303030
1454;2799;0,030303030303030303030
1454;3647;0,030303030303030303030
1454;3648;0,060606060606060606060
1454;3768;0,030303030303030303030
1454;8044;0,060606060606060606060
1454;8899;0,030303030303030303030
1454;9951;0,060606060606060606060
1454;11476;0,030303030303030303030
1454;12372;0,030303030303030303030
1454;13291;0,030303030303030303030
1454;19176;0,030303030303030303030
1454;21396;0,030303030303030303030
1454;21750;0,030303030303030303030
1454;24536;0,030303030303030303030
1454;28457;0,030303030303030303030
1454;28467;0,030303030303030303030
1454;248141;0,030303030303030303030
1454;257158;0,030303030303030303030
1454;284855;0,030303030303030303030
1454;284856;0,060606060606060606060
1454;324897;0,030303030303030303030
1462;3120;0,500000000000000000000
1462;5149;0,500000000000000000000
1471;50332;1,000000000000000000000
1487;689;0,250000000000000000000
1487;909;0,750000000000000000000
1489;19419;1,000000000000000000000
1510;35;1,000000000000000000000
1513;1160;1,000000000000000000000
1516;4841;1,000000000000000000000
1521;2664;1,000000000000000000000
1544;859;0,200000000000000000000
1544;943;0,600000000000000000000
1544;1065;0,200000000000000000000
1554;793;0,200000000000000000000
1554;1845;0,700000000000000000000
1554;2374;0,100000000000000000000
1565;1688;0,500000000000000000000
1565;2008;0,250000000000000000000
1565;2890;0,250000000000000000000
1566;232;1,000000000000000000000
1574;96;0,500000000000000000000
1574;959966;0,500000000000000000000
1589;273;0,200000000000000000000
1589;738;0,200000000000000000000
1589;2834;0,200000000000000000000
1589;2851;0,200000000000000000000
1589;789157;0,200000000000000000000
1591;113;0,031250000000000000000
1591;194;0,031250000000000000000
1591;249;0,031250000000000000000
1591;251;0,062500000000000000000
1591;267;0,062500000000000000000
1591;277;0,031250000000000000000
1591;861;0,156250000000000000000
1591;980;0,125000000000000000000
1591;1277;0,031250000000000000000
1591;1278;0,093750000000000000000
1591;2181;0,062500000000000000000
1591;2252;0,031250000000000000000
1591;2714;0,031250000000000000000
1591;3045;0,031250000000000000000
1591;3234;0,093750000000000000000
1591;3871;0,031250000000000000000
1591;10020;0,062500000000000000000
1596;5440;0,500000000000000000000
1596;432293;0,500000000000000000000
1598;453;1,000000000000000000000
1608;1700;0,375000000000000000000
1608;21396;0,625000000000000000000
1616;113;1,000000000000000000000
1625;13372;1,000000000000000000000
1632;220;0,666666666666666666666
1632;1445;0,333333333333333333333
1637;222;0,047619047619047619047
1637;635;0,285714285714285714285
1637;2712;0,476190476190476190476
1637;336640;0,190476190476190476190
1639;135;0,066666666666666666666
1639;771;0,133333333333333333333
1639;1662;0,266666666666666666666
1639;4553;0,200000000000000000000
1639;9350;0,200000000000000000000
1639;10109;0,133333333333333333333
1644;183;0,250000000000000000000
1644;1277;0,500000000000000000000
1644;95084;0,250000000000000000000
1650;3665;0,750000000000000000000
1650;7578;0,250000000000000000000
1678;7030;0,500000000000000000000
1678;7713;0,500000000000000000000
1681;642;0,666666666666666666666
1681;2786;0,333333333333333333333
1692;2196;0,500000000000000000000
1692;15643;0,500000000000000000000
1697;1321;0,500000000000000000000
1697;3418;0,500000000000000000000
1700;1561;0,500000000000000000000
1700;21396;0,500000000000000000000
1723;7478;1,000000000000000000000
1749;303;0,333333333333333333333
1749;1613;0,333333333333333333333
1749;3637;0,333333333333333333333
1754;194;0,093750000000000000000
1754;237;0,093750000000000000000
1754;521;0,031250000000000000000
1754;700;0,031250000000000000000
1754;837;0,031250000000000000000
1754;1864;0,093750000000000000000
1754;2052;0,031250000000000000000
1754;4991;0,031250000000000000000
1754;7630;0,031250000000000000000
1754;747808;0,250000000000000000000
1754;1128679;0,281250000000000000000
1769;492;0,200000000000000000000
1769;870;0,200000000000000000000
1769;2008;0,200000000000000000000
1769;2826;0,400000000000000000000
1771;16497;1,000000000000000000000
1778;520;1,000000000000000000000
1824;9114;1,000000000000000000000
1831;275;1,000000000000000000000
1843;115;1,000000000000000000000
1850;4278;1,000000000000000000000
1853;27269;1,000000000000000000000
1854;19402;1,000000000000000000000
1864;135;0,333333333333333333333
1864;1754;0,333333333333333333333
1864;653504;0,333333333333333333333
1877;609;1,000000000000000000000
1893;324;1,000000000000000000000
1897;528;0,166666666666666666666
1897;571;0,666666666666666666666
1897;1600;0,166666666666666666666
1912;19582;1,000000000000000000000
1923;2352;1,000000000000000000000
1931;524;0,066666666666666666666
1931;526;0,066666666666666666666
1931;877;0,066666666666666666666
1931;878;0,066666666666666666666
1931;883;0,066666666666666666666
1931;887;0,066666666666666666666
1931;1044;0,066666666666666666666
1931;2214;0,066666666666666666666
1931;2218;0,066666666666666666666
1931;2503;0,066666666666666666666
1931;2684;0,066666666666666666666
1931;4765;0,066666666666666666666
1931;8633;0,066666666666666666666
1931;343087;0,066666666666666666666
1931;529797;0,066666666666666666666
1940;65;0,153846153846153846153
1940;135;0,076923076923076923076
1940;3680;0,076923076923076923076
1940;1036379;0,692307692307692307692
1942;3235;1,000000000000000000000
1945;360;1,000000000000000000000
1946;2991;0,500000000000000000000
1946;7941;0,250000000000000000000
1946;15643;0,250000000000000000000
1949;115;0,166666666666666666666
1949;793;0,166666666666666666666
1949;4268;0,166666666666666666666
1949;7920;0,166666666666666666666
1949;24837;0,166666666666666666666
1949;1101851;0,166666666666666666666
1956;2288;0,600000000000000000000
1956;7920;0,400000000000000000000
1967;135;0,142857142857142857142
1967;3189;0,285714285714285714285
1967;4020;0,285714285714285714285
1967;6723;0,285714285714285714285
1974;113392;1,000000000000000000000
1988;96;0,057692307692307692307
1988;249;0,019230769230769230769
1988;2515;0,115384615384615384615
1988;3000;0,019230769230769230769
1988;3395;0,019230769230769230769
1988;3601;0,038461538461538461538
1988;4881;0,538461538461538461538
1988;13253;0,019230769230769230769
1988;370126;0,173076923076923076923
1991;163;0,125000000000000000000
1991;2239;0,250000000000000000000
1991;2578;0,125000000000000000000
1991;3044;0,125000000000000000000
1991;3985;0,125000000000000000000
1991;4427;0,125000000000000000000
1991;4431;0,125000000000000000000
1999;407;1,000000000000000000000
2008;492;0,400000000000000000000
2008;526;0,200000000000000000000
2008;1565;0,200000000000000000000
2008;1769;0,200000000000000000000
2017;1109;0,142857142857142857142
2017;1274;0,142857142857142857142
2017;8623;0,714285714285714285714
2021;119;1,000000000000000000000
2046;77;1,000000000000000000000
2064;484;1,000000000000000000000
2098;1538;0,333333333333333333333
2098;7755;0,333333333333333333333
2098;27349;0,333333333333333333333
2099;784;0,200000000000000000000
2099;3802;0,800000000000000000000
2105;5037;1,000000000000000000000
2111;1234;0,333333333333333333333
2111;1277;0,333333333333333333333
2111;602536;0,333333333333333333333
2112;277;0,166666666666666666666
2112;2421;0,166666666666666666666
2112;3482;0,500000000000000000000
2112;7478;0,166666666666666666666
2119;405;1,000000000000000000000
2130;4821;0,142857142857142857142
2130;27416;0,857142857142857142857
2140;392;1,000000000000000000000
2164;1111;0,333333333333333333333
2164;2304;0,166666666666666666666
2164;1048032;0,500000000000000000000
2175;4145;0,200000000000000000000
2175;65998;0,800000000000000000000
2176;6440;1,000000000000000000000
2179;5149;1,000000000000000000000
2181;1591;1,000000000000000000000
2195;11427;1,000000000000000000000
2196;149;0,444444444444444444444
2196;220;0,111111111111111111111
2196;1692;0,333333333333333333333
2196;1695;0,111111111111111111111
2199;211;1,000000000000000000000
2210;855;0,200000000000000000000
2210;9338;0,800000000000000000000
2213;970;1,000000000000000000000
2269;2742;1,000000000000000000000
2276;4472;1,000000000000000000000
2277;995;0,666666666666666666666
2277;7660;0,333333333333333333333
2293;5628;1,000000000000000000000
2310;320;0,875000000000000000000
2310;485;0,125000000000000000000
2326;990;0,500000000000000000000
2326;3273;0,500000000000000000000
2343;1197;0,500000000000000000000
2343;2323;0,500000000000000000000
2349;9208;1,000000000000000000000
2352;1923;0,500000000000000000000
2352;5528;0,500000000000000000000
2355;1231;0,285714285714285714285
2355;3123;0,142857142857142857142
2355;3141;0,142857142857142857142
2355;4501;0,285714285714285714285
2355;6504;0,142857142857142857142
2364;423;0,076923076923076923076
2364;8253;0,153846153846153846153
2364;13396;0,153846153846153846153
2364;125861;0,076923076923076923076
2364;431565;0,076923076923076923076
2364;1080816;0,153846153846153846153
2364;1080900;0,307692307692307692307
2371;148;0,750000000000000000000
2371;2678;0,250000000000000000000
2379;3234;0,933333333333333333333
2379;3500;0,033333333333333333333
2379;17388;0,033333333333333333333
2383;5603;1,000000000000000000000
2385;4380;1,000000000000000000000
2419;100;1,000000000000000000000
2421;2112;0,500000000000000000000
2421;321395;0,500000000000000000000
2425;11369;1,000000000000000000000
2427;1498;0,500000000000000000000
2427;4099;0,500000000000000000000
2433;135;0,600000000000000000000
2433;1083;0,400000000000000000000
2434;621;1,000000000000000000000
2445;135;0,125000000000000000000
2445;317;0,125000000000000000000
2445;318;0,250000000000000000000
2445;1949;0,125000000000000000000
2445;2099;0,250000000000000000000
2445;3802;0,125000000000000000000
2464;253384;1,000000000000000000000
2467;898;0,166666666666666666666
2467;2569;0,166666666666666666666
2467;3176;0,166666666666666666666
2467;3986;0,166666666666666666666
2467;17280;0,166666666666666666666
2467;184987;0,166666666666666666666
2470;21750;1,000000000000000000000
2474;248;0,250000000000000000000
2474;2523;0,750000000000000000000
2479;3141;0,500000000000000000000
2479;3996;0,500000000000000000000
2487;1152;0,333333333333333333333
2487;4159;0,666666666666666666666
2498;1169;1,000000000000000000000
2503;6554;0,333333333333333333333
2503;14073;0,666666666666666666666
2509;1457;0,500000000000000000000
2509;2318;0,500000000000000000000
2515;1988;0,555555555555555555555
2515;1991;0,111111111111111111111
2515;4881;0,111111111111111111111
2515;5289;0,222222222222222222222
2523;2474;0,400000000000000000000
2523;281170;0,600000000000000000000
2543;1083;0,250000000000000000000
2543;4100;0,500000000000000000000
2543;4522;0,250000000000000000000
2544;148;1,000000000000000000000
2551;5177;0,333333333333333333333
2551;5626;0,666666666666666666666
2554;2555;0,250000000000000000000
2554;3876;0,750000000000000000000
2578;356607;1,000000000000000000000
2585;5626;1,000000000000000000000
2630;407;0,333333333333333333333
2630;1139;0,333333333333333333333
2630;5626;0,333333333333333333333
2644;2786;0,500000000000000000000
2644;8623;0,500000000000000000000
2647;484;0,500000000000000000000
2647;3340;0,500000000000000000000
2655;3429;0,333333333333333333333
2655;8465;0,666666666666666666666
2657;3235;0,500000000000000000000
2657;3436;0,500000000000000000000
2664;1521;1,000000000000000000000
2678;2371;0,333333333333333333333
2678;8348;0,666666666666666666666
2684;113;0,076923076923076923076
2684;980;0,230769230769230769230
2684;1234;0,076923076923076923076
2684;1278;0,076923076923076923076
2684;1591;0,076923076923076923076
2684;1931;0,153846153846153846153
2684;2111;0,153846153846153846153
2684;10188;0,153846153846153846153
2697;846;1,000000000000000000000
2704;2850;1,000000000000000000000
2712;1637;1,000000000000000000000
2714;1142;0,250000000000000000000
2714;2379;0,250000000000000000000
2714;4213;0,250000000000000000000
2714;4613;0,250000000000000000000
2739;242;0,500000000000000000000
2739;3141;0,500000000000000000000
2741;625;0,250000000000000000000
2741;1033;0,250000000000000000000
2741;1583;0,250000000000000000000
2741;8363;0,250000000000000000000
2780;4979;1,000000000000000000000
2786;965;0,500000000000000000000
2786;1681;0,333333333333333333333
2786;2644;0,166666666666666666666
2792;54;0,111111111111111111111
2792;320;0,222222222222222222222
2792;2184;0,222222222222222222222
2792;6130;0,222222222222222222222
2792;12528;0,111111111111111111111
2792;54440;0,111111111111111111111
2799;8580;1,000000000000000000000
2800;837;1,000000000000000000000
2802;6506;1,000000000000000000000
2803;16;0,011904761904761904761
2803;57;0,011904761904761904761
2803;71;0,011904761904761904761
2803;82;0,011904761904761904761
2803;89;0,011904761904761904761
2803;234;0,011904761904761904761
2803;309;0,011904761904761904761
2803;369;0,011904761904761904761
2803;644;0,011904761904761904761
2803;645;0,011904761904761904761
2803;827;0,011904761904761904761
2803;835;0,011904761904761904761
2803;890;0,011904761904761904761
2803;1022;0,011904761904761904761
2803;1040;0,011904761904761904761
2803;1143;0,011904761904761904761
2803;1152;0,011904761904761904761
2803;1231;0,011904761904761904761
2803;1276;0,011904761904761904761
2803;1612;0,011904761904761904761
2803;1657;0,011904761904761904761
2803;1948;0,011904761904761904761
2803;2109;0,011904761904761904761
2803;2355;0,011904761904761904761
2803;2414;0,011904761904761904761
2803;2479;0,011904761904761904761
2803;2487;0,011904761904761904761
2803;2736;0,011904761904761904761
2803;2739;0,011904761904761904761
2803;2802;0,011904761904761904761
2803;3098;0,011904761904761904761
2803;3123;0,011904761904761904761
2803;3128;0,011904761904761904761
2803;3141;0,011904761904761904761
2803;3145;0,011904761904761904761
2803;3237;0,011904761904761904761
2803;3399;0,011904761904761904761
2803;3574;0,011904761904761904761
2803;3852;0,011904761904761904761
2803;3953;0,011904761904761904761
2803;3967;0,011904761904761904761
2803;3996;0,011904761904761904761
2803;4024;0,011904761904761904761
2803;4159;0,011904761904761904761
2803;4160;0,011904761904761904761
2803;4306;0,011904761904761904761
2803;4501;0,011904761904761904761
2803;4695;0,011904761904761904761
2803;4853;0,011904761904761904761
2803;5136;0,011904761904761904761
2803;5306;0,011904761904761904761
2803;5338;0,011904761904761904761
2803;5607;0,011904761904761904761
2803;6045;0,011904761904761904761
2803;6396;0,011904761904761904761
2803;6495;0,011904761904761904761
2803;6496;0,011904761904761904761
2803;6497;0,011904761904761904761
2803;6498;0,011904761904761904761
2803;6499;0,011904761904761904761
2803;6501;0,011904761904761904761
2803;6502;0,011904761904761904761
2803;6503;0,011904761904761904761
2803;6504;0,011904761904761904761
2803;6505;0,011904761904761904761
2803;6506;0,011904761904761904761
2803;6509;0,011904761904761904761
2803;6511;0,023809523809523809523
2803;6512;0,011904761904761904761
2803;6513;0,011904761904761904761
2803;6514;0,011904761904761904761
2803;6515;0,011904761904761904761
2803;6517;0,011904761904761904761
2803;6518;0,011904761904761904761
2803;6520;0,011904761904761904761
2803;6523;0,011904761904761904761
2803;6524;0,011904761904761904761
2803;6527;0,011904761904761904761
2803;7686;0,011904761904761904761
2803;8238;0,011904761904761904761
2803;93146;0,011904761904761904761
2803;140271;0,011904761904761904761
2803;743544;0,011904761904761904761
2825;2826;1,000000000000000000000
2826;1173;0,333333333333333333333
2826;1708;0,166666666666666666666
2826;1769;0,166666666666666666666
2826;2825;0,166666666666666666666
2826;7994;0,166666666666666666666
2834;845;0,343750000000000000000
2834;846;0,531250000000000000000
2834;1589;0,031250000000000000000
2834;3256;0,031250000000000000000
2834;157662;0,062500000000000000000
2850;1210;0,333333333333333333333
2850;2704;0,666666666666666666666
2890;1565;1,000000000000000000000
2897;1092;1,000000000000000000000
2916;293;1,000000000000000000000
2961;1069;0,333333333333333333333
2961;1397;0,166666666666666666666
2961;1447;0,333333333333333333333
2961;6008;0,166666666666666666666
2991;1946;1,000000000000000000000
3000;1988;1,000000000000000000000
3005;2515;0,142857142857142857142
3005;3601;0,428571428571428571428
3005;4881;0,285714285714285714285
3005;13253;0,142857142857142857142
3015;211;1,000000000000000000000
3022;388;0,500000000000000000000
3022;8237;0,500000000000000000000
3045;2655;1,000000000000000000000
3069;642;0,596491228070175438596
3069;1965;0,403508771929824561403
3085;960;0,800000000000000000000
3085;3390;0,200000000000000000000
3088;12889;1,000000000000000000000
3103;9898;1,000000000000000000000
3122;135016;1,000000000000000000000
3123;3141;1,000000000000000000000
3141;1231;0,529411764705882352941
3141;2355;0,058823529411764705882
3141;2479;0,058823529411764705882
3141;2739;0,117647058823529411764
3141;3123;0,058823529411764705882
3141;57838;0,117647058823529411764
3141;140271;0,058823529411764705882
3143;703;1,000000000000000000000
3145;2736;0,666666666666666666666
3145;398786;0,333333333333333333333
3169;6929;1,000000000000000000000
3176;2467;1,000000000000000000000
3209;525;0,750000000000000000000
3209;6643;0,250000000000000000000
3212;1117;1,000000000000000000000
3214;1637;1,000000000000000000000
3222;738;0,333333333333333333333
3222;1092;0,333333333333333333333
3222;666007;0,333333333333333333333
3223;351;0,250000000000000000000
3223;10602;0,250000000000000000000
3223;17269;0,250000000000000000000
3223;276780;0,250000000000000000000
3235;306;0,333333333333333333333
3235;652;0,333333333333333333333
3235;1307;0,333333333333333333333
3241;4906;0,500000000000000000000
3241;9184;0,500000000000000000000
3245;113392;1,000000000000000000000
3256;846;1,000000000000000000000
3278;4100;1,000000000000000000000
3284;403;1,000000000000000000000
3304;2438;1,000000000000000000000
3318;3022;0,500000000000000000000
3318;851827;0,500000000000000000000
3320;527;1,000000000000000000000
3340;371;0,142857142857142857142
3340;588;0,142857142857142857142
3340;952;0,142857142857142857142
3340;2647;0,142857142857142857142
3340;3342;0,142857142857142857142
3340;3348;0,142857142857142857142
3340;336063;0,142857142857142857142
3343;588;1,000000000000000000000
3355;524;1,000000000000000000000
3359;1769;1,000000000000000000000
3394;423;1,000000000000000000000
3395;72;0,071428571428571428571
3395;131;0,142857142857142857142
3395;263;0,071428571428571428571
3395;829;0,142857142857142857142
3395;849;0,142857142857142857142
3395;1988;0,142857142857142857142
3395;5640;0,142857142857142857142
3395;474028;0,142857142857142857142
3414;4262;1,000000000000000000000
3427;934;0,142857142857142857142
3427;1454;0,142857142857142857142
3427;1563;0,142857142857142857142
3427;1681;0,142857142857142857142
3427;1706;0,142857142857142857142
3427;114536;0,142857142857142857142
3427;931417;0,142857142857142857142
3429;2655;1,000000000000000000000
3433;914;0,500000000000000000000
3433;1487;0,500000000000000000000
3436;1439;1,000000000000000000000
3443;876;1,000000000000000000000
3449;3513;1,000000000000000000000
3465;26354;0,500000000000000000000
3465;432293;0,500000000000000000000
3477;418;1,000000000000000000000
3496;327099;1,000000000000000000000
3499;567;1,000000000000000000000
3500;787;1,000000000000000000000
3515;876;1,000000000000000000000
3518;37;1,000000000000000000000
3523;71;0,250000000000000000000
3523;59745;0,250000000000000000000
3523;906176;0,500000000000000000000
3585;5012;1,000000000000000000000
3586;9762;0,666666666666666666666
3586;248834;0,333333333333333333333
3587;1938;1,000000000000000000000
3591;192;0,500000000000000000000
3591;5564;0,500000000000000000000
3601;1988;0,285714285714285714285
3601;2515;0,285714285714285714285
3601;3005;0,142857142857142857142
3601;4881;0,142857142857142857142
3601;281170;0,142857142857142857142
3608;3429;1,000000000000000000000
3615;2191;1,000000000000000000000
3619;980;1,000000000000000000000
3648;21396;1,000000000000000000000
3665;995;0,125000000000000000000
3665;1650;0,625000000000000000000
3665;5005;0,125000000000000000000
3665;5484;0,125000000000000000000
3678;13178;1,000000000000000000000
3736;7767;0,500000000000000000000
3736;27512;0,500000000000000000000
3738;5991;1,000000000000000000000
3748;5441;0,666666666666666666666
3748;5519;0,333333333333333333333
3753;96;0,600000000000000000000
3753;5578;0,400000000000000000000
3779;5626;1,000000000000000000000
3800;521;0,500000000000000000000
3800;528;0,500000000000000000000
3802;2099;0,666666666666666666666
3802;2445;0,166666666666666666666
3802;5679;0,166666666666666666666
3811;7741;1,000000000000000000000
3827;5681;1,000000000000000000000
3829;45604;1,000000000000000000000
3842;5037;0,428571428571428571428
3842;6433;0,142857142857142857142
3842;8698;0,285714285714285714285
3842;12441;0,142857142857142857142
3850;229;1,000000000000000000000
3852;6498;1,000000000000000000000
3857;96;0,500000000000000000000
3857;3753;0,166666666666666666666
3857;4881;0,166666666666666666666
3857;5628;0,166666666666666666666
3869;9350;1,000000000000000000000
3872;241;1,000000000000000000000
3876;967;0,166666666666666666666
3876;2554;0,166666666666666666666
3876;2555;0,166666666666666666666
3876;5092;0,166666666666666666666
3876;9352;0,166666666666666666666
3876;12269;0,166666666666666666666
3911;2794;1,000000000000000000000
3944;91818;0,333333333333333333333
3944;427048;0,333333333333333333333
3944;442814;0,333333333333333333333
3975;2;0,100000000000000000000
3975;131;0,100000000000000000000
3975;3153;0,100000000000000000000
3975;3575;0,200000000000000000000
3975;3976;0,100000000000000000000
3975;4780;0,100000000000000000000
3975;5089;0,100000000000000000000
3975;27962;0,100000000000000000000
3975;27974;0,100000000000000000000
3978;2678;1,000000000000000000000
3996;140271;1,000000000000000000000
3999;1140;1,000000000000000000000
4000;4877;0,500000000000000000000
4000;10523;0,250000000000000000000
4000;13504;0,250000000000000000000
4020;602;1,000000000000000000000
4052;131;0,500000000000000000000
4052;12817;0,500000000000000000000
4059;1196;1,000000000000000000000
4081;283;0,333333333333333333333
4081;10175;0,333333333333333333333
4081;12391;0,333333333333333333333
4094;3399;0,333333333333333333333
4094;4274;0,333333333333333333333
4094;9998;0,333333333333333333333
4099;1662;1,000000000000000000000
4100;1083;0,400000000000000000000
4100;2543;0,200000000000000000000
4100;6723;0,200000000000000000000
4100;13452;0,200000000000000000000
4131;1069;1,000000000000000000000
4132;4334;0,500000000000000000000
4132;9367;0,500000000000000000000
4145;2175;0,437500000000000000000
4145;7095;0,062500000000000000000
4145;65998;0,437500000000000000000
4145;66075;0,062500000000000000000
4147;2697;1,000000000000000000000
4148;2731;1,000000000000000000000
4159;1840;0,500000000000000000000
4159;2487;0,500000000000000000000
4172;1462;1,000000000000000000000
4173;876;1,000000000000000000000
4179;6440;1,000000000000000000000
4213;251;1,000000000000000000000
4228;793;1,000000000000000000000
4244;13599;1,000000000000000000000
4257;23;1,000000000000000000000
4262;911;0,058823529411764705882
4262;3414;0,882352941176470588235
4262;9184;0,058823529411764705882
4268;115;0,100000000000000000000
4268;1180;0,100000000000000000000
4268;1949;0,200000000000000000000
4268;1956;0,100000000000000000000
4268;3975;0,200000000000000000000
4268;5089;0,200000000000000000000
4268;6749;0,100000000000000000000
4269;4268;1,000000000000000000000
4278;351;0,125000000000000000000
4278;538;0,500000000000000000000
4278;1340;0,375000000000000000000
4280;4281;1,000000000000000000000
4281;492;0,222222222222222222222
4281;5679;0,777777777777777777777
4299;4424;1,000000000000000000000
4307;613;0,500000000000000000000
4307;5093;0,500000000000000000000
4334;4132;1,000000000000000000000
4345;1778;0,500000000000000000000
4345;5093;0,500000000000000000000
4380;7564;1,000000000000000000000
4398;2009;0,500000000000000000000
4398;4592;0,500000000000000000000
4431;1991;1,000000000000000000000
4435;8510;1,000000000000000000000
4501;3098;1,000000000000000000000
4518;1563;1,000000000000000000000
4522;2543;0,500000000000000000000
4522;4100;0,500000000000000000000
4526;6634;1,000000000000000000000
4553;1639;0,600000000000000000000
4553;12880;0,200000000000000000000
4553;443599;0,200000000000000000000
4561;192;1,000000000000000000000
4592;251;0,333333333333333333333
4592;1069;0,333333333333333333333
4592;35009;0,333333333333333333333
4613;3429;1,000000000000000000000
4621;3557;0,400000000000000000000
4621;5177;0,400000000000000000000
4621;357817;0,200000000000000000000
4640;995;1,000000000000000000000
4681;276963;0,500000000000000000000
4681;1077510;0,500000000000000000000
4686;17269;1,000000000000000000000
4695;1231;1,000000000000000000000
4719;859;0,333333333333333333333
4719;5464;0,333333333333333333333
4719;59841;0,333333333333333333333
4772;384;0,200000000000000000000
4772;1225;0,200000000000000000000
4772;6465;0,200000000000000000000
4772;25051;0,200000000000000000000
4772;29002;0,200000000000000000000
4787;3383;1,000000000000000000000
4821;1140;0,500000000000000000000
4821;1253;0,500000000000000000000
4841;642;0,250000000000000000000
4841;826;0,250000000000000000000
4841;8539;0,250000000000000000000
4841;191508;0,250000000000000000000
4853;3574;1,000000000000000000000
4876;6461;1,000000000000000000000
4877;1293;0,250000000000000000000
4877;4000;0,500000000000000000000
4877;4090;0,250000000000000000000
4935;1956;1,000000000000000000000
4979;2780;1,000000000000000000000
4988;2087;1,000000000000000000000
5001;1171;1,000000000000000000000
5077;12591;1,000000000000000000000
5089;1949;0,250000000000000000000
5089;3975;0,250000000000000000000
5089;4268;0,250000000000000000000
5089;4780;0,250000000000000000000
5093;4307;1,000000000000000000000
5148;2199;1,000000000000000000000
5149;550;0,166666666666666666666
5149;1462;0,333333333333333333333
5149;2182;0,333333333333333333333
5149;512469;0,166666666666666666666
5158;85;1,000000000000000000000
5177;3436;1,000000000000000000000
5214;8090;1,000000000000000000000
5239;5591;1,000000000000000000000
5289;2515;1,000000000000000000000
5329;1206;0,400000000000000000000
5329;1719;0,600000000000000000000
5354;11863;1,000000000000000000000
5360;434991;1,000000000000000000000
5367;524;0,500000000000000000000
5367;6234;0,500000000000000000000
5392;5037;1,000000000000000000000
5415;15863;1,000000000000000000000
5437;18258;1,000000000000000000000
5439;621;1,000000000000000000000
5440;970;0,500000000000000000000
5440;1596;0,500000000000000000000
5442;5144;1,000000000000000000000
5444;621;0,666666666666666666666
5444;11999;0,333333333333333333333
5445;7873;1,000000000000000000000
5464;1963;1,000000000000000000000
5526;3096;0,333333333333333333333
5526;12936;0,666666666666666666666
5528;2352;1,000000000000000000000
5530;9184;1,000000000000000000000
5543;4538;0,333333333333333333333
5543;7131;0,333333333333333333333
5543;9905;0,333333333333333333333
5564;192;0,066666666666666666666
5564;496;0,033333333333333333333
5564;887;0,100000000000000000000
5564;1393;0,033333333333333333333
5564;1667;0,066666666666666666666
5564;2037;0,033333333333333333333
5564;2271;0,033333333333333333333
5564;2272;0,033333333333333333333
5564;2359;0,033333333333333333333
5564;3591;0,066666666666666666666
5564;4364;0,033333333333333333333
5564;4561;0,033333333333333333333
5564;5214;0,033333333333333333333
5564;5698;0,033333333333333333333
5564;7762;0,033333333333333333333
5564;9387;0,033333333333333333333
5564;9413;0,033333333333333333333
5564;9432;0,066666666666666666666
5564;10946;0,166666666666666666666
5564;13372;0,033333333333333333333
5591;5239;0,500000000000000000000
5591;17269;0,500000000000000000000
5603;2383;0,666666666666666666666
5603;4307;0,333333333333333333333
5613;23;0,250000000000000000000
5613;1864;0,250000000000000000000
5613;2851;0,250000000000000000000
5613;8909;0,250000000000000000000
5616;642;0,500000000000000000000
5616;5679;0,500000000000000000000
5617;13704;1,000000000000000000000
5622;9506;1,000000000000000000000
5623;3446;0,500000000000000000000
5623;12685;0,500000000000000000000
5626;2630;0,333333333333333333333
5626;3779;0,666666666666666666666
5628;1988;0,200000000000000000000
5628;3174;0,200000000000000000000
5628;9714;0,200000000000000000000
5628;31343;0,400000000000000000000
5632;2349;1,000000000000000000000
5638;5177;0,333333333333333333333
5638;311584;0,333333333333333333333
5638;1075127;0,333333333333333333333
5640;829;0,083333333333333333333
5640;845;0,083333333333333333333
5640;1724;0,083333333333333333333
5640;474028;0,083333333333333333333
5640;1080816;0,666666666666666666666
5651;1290;0,250000000000000000000
5651;2491;0,750000000000000000000
5660;313473;1,000000000000000000000
5666;706;1,000000000000000000000
5681;3827;0,500000000000000000000
5681;8445;0,500000000000000000000
5691;242;0,500000000000000000000
5691;2146;0,500000000000000000000
5698;5564;1,000000000000000000000
5789;5149;1,000000000000000000000
5831;1335;1,000000000000000000000
5856;3164;1,000000000000000000000
5909;2;0,666666666666666666666
5909;1902;0,333333333333333333333
5918;5493;1,000000000000000000000
5991;3038;0,333333333333333333333
5991;3738;0,666666666666666666666
6007;1513;1,000000000000000000000
6027;933;0,090909090909090909090
6027;1096;0,090909090909090909090
6027;3829;0,090909090909090909090
6027;5922;0,090909090909090909090
6027;9414;0,090909090909090909090
6027;9430;0,090909090909090909090
6027;9968;0,090909090909090909090
6027;14050;0,090909090909090909090
6027;21514;0,272727272727272727272
6048;793;1,000000000000000000000
6068;100;1,000000000000000000000
6130;2792;1,000000000000000000000
6132;863;1,000000000000000000000
6151;1206;1,000000000000000000000
6234;5367;1,000000000000000000000
6347;250;1,000000000000000000000
6440;2176;1,000000000000000000000
6461;4876;1,000000000000000000000
6503;2736;1,000000000000000000000
6504;2355;1,000000000000000000000
6505;1143;1,000000000000000000000
6511;829;1,000000000000000000000
6543;5013;1,000000000000000000000
6548;7759;1,000000000000000000000
6567;995;0,500000000000000000000
6567;408414;0,500000000000000000000
6581;20969;1,000000000000000000000
6634;1064;0,500000000000000000000
6634;747847;0,500000000000000000000
6666;3872;0,333333333333333333333
6666;4881;0,666666666666666666666
6723;4100;0,500000000000000000000
6723;13899;0,500000000000000000000
6734;6918;1,000000000000000000000
6765;2275;0,500000000000000000000
6765;12375;0,500000000000000000000
6792;854;1,000000000000000000000
6828;27512;1,000000000000000000000
6892;428;0,200000000000000000000
6892;1004;0,600000000000000000000
6892;366867;0,200000000000000000000
6913;738;1,000000000000000000000
6918;1444;0,076923076923076923076
6918;6734;0,153846153846153846153
6918;7139;0,076923076923076923076
6918;9674;0,076923076923076923076
6918;23180;0,076923076923076923076
6918;25205;0,153846153846153846153
6918;25223;0,076923076923076923076
6918;25224;0,076923076923076923076
6918;25225;0,076923076923076923076
6918;25226;0,076923076923076923076
6918;383069;0,076923076923076923076
6923;854;0,500000000000000000000
6923;28528;0,500000000000000000000
6929;3169;1,000000000000000000000
6930;1135;0,666666666666666666666
6930;687941;0,333333333333333333333
6962;65;0,041666666666666666666
6962;71;0,041666666666666666666
6962;138;0,041666666666666666666
6962;194;0,041666666666666666666
6962;240;0,041666666666666666666
6962;452;0,083333333333333333333
6962;529;0,041666666666666666666
6962;749;0,041666666666666666666
6962;826;0,083333333333333333333
6962;1724;0,041666666666666666666
6962;1925;0,041666666666666666666
6962;2554;0,041666666666666666666
6962;3607;0,041666666666666666666
6962;4274;0,041666666666666666666
6962;4533;0,041666666666666666666
6962;6213;0,041666666666666666666
6962;7160;0,041666666666666666666
6962;14907;0,041666666666666666666
6962;15586;0,041666666666666666666
6962;59745;0,083333333333333333333
6962;660708;0,041666666666666666666
7030;846;0,166666666666666666666
7030;1678;0,333333333333333333333
7030;5643;0,166666666666666666666
7030;7975;0,166666666666666666666
7030;28783;0,166666666666666666666
7049;267;0,052631578947368421052
7049;861;0,052631578947368421052
7049;1448;0,052631578947368421052
7049;1570;0,052631578947368421052
7049;1583;0,263157894736842105263
7049;1591;0,052631578947368421052
7049;2379;0,052631578947368421052
7049;3045;0,052631578947368421052
7049;3234;0,052631578947368421052
7049;3381;0,052631578947368421052
7049;4376;0,052631578947368421052
7049;8095;0,052631578947368421052
7049;8630;0,052631578947368421052
7049;10020;0,052631578947368421052
7049;12907;0,052631578947368421052
7095;519;0,166666666666666666666
7095;778;0,166666666666666666666
7095;4145;0,166666666666666666666
7095;8373;0,333333333333333333333
7095;547708;0,166666666666666666666
7116;279;1,000000000000000000000
7130;1538;0,500000000000000000000
7130;2246;0,500000000000000000000
7135;12591;1,000000000000000000000
7209;320;1,000000000000000000000
7221;977;0,200000000000000000000
7221;3241;0,200000000000000000000
7221;5691;0,200000000000000000000
7221;47032;0,400000000000000000000
7322;5083;1,000000000000000000000
7341;399;0,500000000000000000000
7341;279623;0,166666666666666666666
7341;367121;0,333333333333333333333
7478;2112;1,000000000000000000000
7521;3212;0,500000000000000000000
7521;13141;0,500000000000000000000
7543;551;0,045454545454545454545
7543;600;0,068181818181818181818
7543;1344;0,045454545454545454545
7543;1454;0,045454545454545454545
7543;1898;0,022727272727272727272
7543;2743;0,045454545454545454545
7543;2786;0,045454545454545454545
7543;4587;0,045454545454545454545
7543;7717;0,045454545454545454545
7543;8212;0,045454545454545454545
7543;15737;0,045454545454545454545
7543;23759;0,045454545454545454545
7543;27613;0,045454545454545454545
7543;152027;0,386363636363636363636
7543;329272;0,022727272727272727272
7560;275;1,000000000000000000000
7574;184;0,333333333333333333333
7574;407;0,333333333333333333333
7574;5626;0,333333333333333333333
7578;1182;1,000000000000000000000
7597;645;1,000000000000000000000
7686;4160;1,000000000000000000000
7711;6955;1,000000000000000000000
7713;277;1,000000000000000000000
7741;706;0,500000000000000000000
7741;3811;0,250000000000000000000
7741;4307;0,250000000000000000000
7755;354;0,500000000000000000000
7755;2098;0,500000000000000000000
7886;3223;0,500000000000000000000
7886;9762;0,500000000000000000000
7920;1956;0,500000000000000000000
7920;2288;0,500000000000000000000
7968;475;0,500000000000000000000
7968;891;0,500000000000000000000
7994;5753;1,000000000000000000000
8017;415;1,000000000000000000000
8062;211;1,000000000000000000000
8090;5214;0,500000000000000000000
8090;57838;0,500000000000000000000
8106;48;0,250000000000000000000
8106;1713;0,750000000000000000000
8162;275;1,000000000000000000000
8223;504;1,000000000000000000000
8229;2350;1,000000000000000000000
8373;7095;1,000000000000000000000
8440;5005;1,000000000000000000000
8442;520;1,000000000000000000000
8445;5681;1,000000000000000000000
8464;4497;0,500000000000000000000
8464;4991;0,500000000000000000000
8465;45;0,024390243902439024390
8465;61;0,024390243902439024390
8465;66;0,024390243902439024390
8465;275;0,024390243902439024390
8465;642;0,024390243902439024390
8465;706;0,048780487804878048780
8465;826;0,024390243902439024390
8465;999;0,024390243902439024390
8465;1002;0,024390243902439024390
8465;1012;0,024390243902439024390
8465;1016;0,024390243902439024390
8465;1020;0,024390243902439024390
8465;1077;0,024390243902439024390
8465;1180;0,024390243902439024390
8465;1556;0,024390243902439024390
8465;2642;0,024390243902439024390
8465;2655;0,048780487804878048780
8465;2746;0,024390243902439024390
8465;2791;0,024390243902439024390
8465;3033;0,024390243902439024390
8465;3826;0,024390243902439024390
8465;3827;0,024390243902439024390
8465;3905;0,024390243902439024390
8465;4292;0,024390243902439024390
8465;4976;0,024390243902439024390
8465;5016;0,024390243902439024390
8465;5681;0,024390243902439024390
8465;6483;0,024390243902439024390
8465;8539;0,048780487804878048780
8465;9481;0,024390243902439024390
8465;9482;0,024390243902439024390
8465;12596;0,024390243902439024390
8465;24098;0,024390243902439024390
8465;24099;0,024390243902439024390
8465;28617;0,024390243902439024390
8465;248831;0,024390243902439024390
8465;566989;0,048780487804878048780
8473;479;0,250000000000000000000
8473;5013;0,250000000000000000000
8473;8460;0,500000000000000000000
8580;1282;0,666666666666666666666
8580;2799;0,333333333333333333333
8623;2017;1,000000000000000000000
8633;4748;1,000000000000000000000
8641;388;1,000000000000000000000
8648;2383;1,000000000000000000000
8756;1085;1,000000000000000000000
8805;1265;0,666666666666666666666
8805;3433;0,333333333333333333333
8858;45837;1,000000000000000000000
8872;10390;1,000000000000000000000
8889;405;1,000000000000000000000
8909;13158;1,000000000000000000000
8910;15302;0,333333333333333333333
8910;50332;0,666666666666666666666
9184;3241;0,200000000000000000000
9184;4240;0,200000000000000000000
9184;4491;0,200000000000000000000
9184;5530;0,400000000000000000000
9208;2349;1,000000000000000000000
9226;12247;1,000000000000000000000
9300;27938;1,000000000000000000000
9338;2210;0,571428571428571428571
9338;3508;0,428571428571428571428
9345;12436;1,000000000000000000000
9350;170;0,083333333333333333333
9350;248;0,083333333333333333333
9350;1639;0,083333333333333333333
9350;2474;0,083333333333333333333
9350;2523;0,083333333333333333333
9350;3262;0,083333333333333333333
9350;3848;0,083333333333333333333
9350;3869;0,083333333333333333333
9350;8856;0,083333333333333333333
9350;9665;0,083333333333333333333
9350;10197;0,083333333333333333333
9350;27973;0,083333333333333333333
9352;3876;1,000000000000000000000
9396;526;0,666666666666666666666
9396;9434;0,333333333333333333333
9414;933;0,111111111111111111111
9414;1096;0,111111111111111111111
9414;3829;0,111111111111111111111
9414;5922;0,111111111111111111111
9414;6027;0,111111111111111111111
9414;9430;0,111111111111111111111
9414;9968;0,111111111111111111111
9414;14050;0,111111111111111111111
9414;21514;0,111111111111111111111
9419;6406;1,000000000000000000000
9430;933;0,090909090909090909090
9430;1096;0,090909090909090909090
9430;3829;0,090909090909090909090
9430;5632;0,090909090909090909090
9430;5922;0,090909090909090909090
9430;6027;0,090909090909090909090
9430;9414;0,090909090909090909090
9430;9968;0,090909090909090909090
9430;14050;0,090909090909090909090
9430;21514;0,090909090909090909090
9430;27175;0,090909090909090909090
9431;529;1,000000000000000000000
9432;5564;1,000000000000000000000
9437;13369;1,000000000000000000000
9483;557;0,333333333333333333333
9483;4874;0,333333333333333333333
9483;5245;0,333333333333333333333
9489;498;1,000000000000000000000
9554;11966;1,000000000000000000000
9618;119;1,000000000000000000000
9665;9350;1,000000000000000000000
9720;839;0,100000000000000000000
9720;964;0,100000000000000000000
9720;1520;0,100000000000000000000
9720;1667;0,100000000000000000000
9720;1694;0,100000000000000000000
9720;3237;0,100000000000000000000
9720;3877;0,100000000000000000000
9720;4268;0,100000000000000000000
9720;5016;0,100000000000000000000
9720;16076;0,100000000000000000000
9723;659902;1,000000000000000000000
9729;1600;1,000000000000000000000
9762;612;0,666666666666666666666
9762;3586;0,333333333333333333333
9925;3340;1,000000000000000000000
9951;1454;1,000000000000000000000
9968;6027;1,000000000000000000000
10000;3116;0,500000000000000000000
10000;14465;0,500000000000000000000
10020;1591;0,666666666666666666666
10020;2139;0,333333333333333333333
10103;1140;1,000000000000000000000
10109;1639;0,875000000000000000000
10109;3503;0,125000000000000000000
10188;1277;0,500000000000000000000
10188;2111;0,500000000000000000000
10207;667;1,000000000000000000000
10338;1429;0,333333333333333333333
10338;2080;0,333333333333333333333
10338;4621;0,333333333333333333333
10341;353698;1,000000000000000000000
10390;8872;1,000000000000000000000
10602;351;0,500000000000000000000
10602;54879;0,500000000000000000000
10946;192;0,333333333333333333333
10946;5564;0,666666666666666666666
11213;190;1,000000000000000000000
11427;2195;1,000000000000000000000
11680;9158;0,333333333333333333333
11680;10020;0,666666666666666666666
11695;405;0,500000000000000000000
11695;4100;0,500000000000000000000
11863;740;0,142857142857142857142
11863;3100;0,142857142857142857142
11863;5354;0,142857142857142857142
11863;17352;0,142857142857142857142
11863;27958;0,142857142857142857142
11863;27962;0,142857142857142857142
11863;28936;0,142857142857142857142
11966;9554;1,000000000000000000000
11999;5444;1,000000000000000000000
12156;547;0,040000000000000000000
12156;689;0,040000000000000000000
12156;853;0,080000000000000000000
12156;1319;0,080000000000000000000
12156;1717;0,040000000000000000000
12156;4425;0,040000000000000000000
12156;4430;0,080000000000000000000
12156;4470;0,040000000000000000000
12156;4772;0,080000000000000000000
12156;5526;0,040000000000000000000
12156;7480;0,040000000000000000000
12156;8568;0,040000000000000000000
12156;8873;0,080000000000000000000
12156;9090;0,040000000000000000000
12156;13622;0,080000000000000000000
12156;27862;0,040000000000000000000
12156;40028;0,040000000000000000000
12156;122436;0,080000000000000000000
12165;1609;0,333333333333333333333
12165;27953;0,666666666666666666666
12269;3876;1,000000000000000000000
12356;4892;1,000000000000000000000
12388;28528;1,000000000000000000000
12418;426;1,000000000000000000000
12528;1462;0,500000000000000000000
12528;28602;0,500000000000000000000
12563;418;0,142857142857142857142
12563;1894;0,285714285714285714285
12563;119973;0,571428571428571428571
12591;1117;0,250000000000000000000
12591;5077;0,250000000000000000000
12591;7135;0,500000000000000000000
12596;1180;0,600000000000000000000
12596;1556;0,200000000000000000000
12596;1596;0,200000000000000000000
12670;119973;1,000000000000000000000
12768;995;1,000000000000000000000
12798;1044;0,250000000000000000000
12798;9434;0,250000000000000000000
12798;525330;0,500000000000000000000
12805;12698;1,000000000000000000000
12817;427;1,000000000000000000000
12936;5526;1,000000000000000000000
12964;5054;1,000000000000000000000
13122;2704;1,000000000000000000000
13158;8909;1,000000000000000000000
13178;3678;1,000000000000000000000
13253;1048;0,600000000000000000000
13253;257563;0,400000000000000000000
13265;1150;1,000000000000000000000
13335;14742;1,000000000000000000000
13369;911;0,500000000000000000000
13369;9437;0,500000000000000000000
13622;5245;1,000000000000000000000
13769;9806;1,000000000000000000000
13899;2544;1,000000000000000000000
14151;1091569;1,000000000000000000000
14465;10000;1,000000000000000000000
14742;23843;0,500000000000000000000
14742;28109;0,500000000000000000000
15302;8910;0,500000000000000000000
15302;157662;0,500000000000000000000
15471;275;0,888888888888888888888
15471;95154;0,111111111111111111111
15643;71;0,010526315789473684210
15643;131;0,021052631578947368421
15643;135;0,021052631578947368421
15643;194;0,010526315789473684210
15643;276;0,021052631578947368421
15643;277;0,031578947368421052631
15643;296;0,021052631578947368421
15643;352;0,021052631578947368421
15643;354;0,021052631578947368421
15643;404;0,010526315789473684210
15643;425;0,021052631578947368421
15643;427;0,021052631578947368421
15643;443;0,031578947368421052631
15643;749;0,021052631578947368421
15643;796;0,010526315789473684210
15643;1118;0,010526315789473684210
15643;1122;0,010526315789473684210
15643;1149;0,010526315789473684210
15643;1180;0,031578947368421052631
15643;1366;0,021052631578947368421
15643;1692;0,021052631578947368421
15643;1724;0,010526315789473684210
15643;1892;0,010526315789473684210
15643;1942;0,021052631578947368421
15643;1945;0,021052631578947368421
15643;1946;0,021052631578947368421
15643;2112;0,021052631578947368421
15643;2445;0,021052631578947368421
15643;2489;0,021052631578947368421
15643;2504;0,021052631578947368421
15643;3315;0,021052631578947368421
15643;3317;0,010526315789473684210
15643;3446;0,021052631578947368421
15643;3523;0,010526315789473684210
15643;3607;0,021052631578947368421
15643;3685;0,021052631578947368421
15643;4004;0,021052631578947368421
15643;4344;0,021052631578947368421
15643;4530;0,021052631578947368421
15643;5071;0,021052631578947368421
15643;6297;0,021052631578947368421
15643;6627;0,021052631578947368421
15643;7605;0,021052631578947368421
15643;7713;0,010526315789473684210
15643;9047;0,021052631578947368421
15643;10359;0,010526315789473684210
15643;20235;0,010526315789473684210
15643;27887;0,021052631578947368421
15643;29085;0,021052631578947368421
15643;41776;0,021052631578947368421
15643;59841;0,010526315789473684210
15643;78108;0,010526315789473684210
15643;98841;0,010526315789473684210
15643;604246;0,021052631578947368421
15643;1064740;0,010526315789473684210
15895;658;1,000000000000000000000
15975;9905;1,000000000000000000000
16076;186;0,111111111111111111111
16076;1997;0,111111111111111111111
16076;3877;0,111111111111111111111
16076;5119;0,111111111111111111111
16076;5386;0,111111111111111111111
16076;6892;0,111111111111111111111
16076;9720;0,333333333333333333333
16497;1220;0,200000000000000000000
16497;1771;0,800000000000000000000
16644;3414;0,500000000000000000000
16644;4262;0,500000000000000000000
16815;28157;1,000000000000000000000
16994;2287;0,500000000000000000000
16994;6918;0,500000000000000000000
17269;519;0,111111111111111111111
17269;1135;0,111111111111111111111
17269;1140;0,111111111111111111111
17269;1248;0,111111111111111111111
17269;1340;0,111111111111111111111
17269;2004;0,111111111111111111111
17269;3465;0,111111111111111111111
17269;5591;0,111111111111111111111
17269;7095;0,111111111111111111111
17584;9468;1,000000000000000000000
17678;4576;0,200000000000000000000
17678;7521;0,200000000000000000000
17678;11734;0,200000000000000000000
17678;13452;0,200000000000000000000
17678;28615;0,200000000000000000000
17727;5232;1,000000000000000000000
18247;6581;1,000000000000000000000
18300;568;1,000000000000000000000
19582;1912;1,000000000000000000000
19939;249;1,000000000000000000000
20235;443;0,400000000000000000000
20235;134008;0,600000000000000000000
20307;507180;1,000000000000000000000
20474;6267;1,000000000000000000000
20853;1462;1,000000000000000000000
20969;6581;1,000000000000000000000
21396;1127;0,285714285714285714285
21396;1454;0,142857142857142857142
21396;1608;0,285714285714285714285
21396;1700;0,285714285714285714285
21514;933;0,100000000000000000000
21514;1096;0,100000000000000000000
21514;3829;0,100000000000000000000
21514;5922;0,100000000000000000000
21514;6027;0,200000000000000000000
21514;9414;0,100000000000000000000
21514;9430;0,100000000000000000000
21514;9968;0,100000000000000000000
21514;14050;0,100000000000000000000
21541;608;1,000000000000000000000
21684;1162;1,000000000000000000000
21734;3111;1,000000000000000000000
21986;28152;1,000000000000000000000
22705;3678;1,000000000000000000000
23720;452;0,166666666666666666666
23720;876;0,333333333333333333333
23720;1129;0,166666666666666666666
23720;642255;0,166666666666666666666
23720;791903;0,166666666666666666666
23775;17678;1,000000000000000000000
23930;2851;1,000000000000000000000
24460;4821;1,000000000000000000000
25205;6918;1,000000000000000000000
25264;28822;1,000000000000000000000
25488;8223;0,500000000000000000000
25488;10338;0,500000000000000000000
27175;100;1,000000000000000000000
27426;689;1,000000000000000000000
27512;100;1,000000000000000000000
27557;3292;1,000000000000000000000
27581;441;1,000000000000000000000
27584;5077;1,000000000000000000000
27700;1173;1,000000000000000000000
27708;7874;1,000000000000000000000
28049;28029;1,000000000000000000000
28157;16815;1,000000000000000000000
28195;8820;1,000000000000000000000
28397;17607;1,000000000000000000000
28528;6923;0,500000000000000000000
28528;12388;0,500000000000000000000
28786;4039;1,000000000000000000000
28822;25264;1,000000000000000000000
31343;96;0,111111111111111111111
31343;3857;0,333333333333333333333
31343;5628;0,555555555555555555555
35009;4592;1,000000000000000000000
37814;1124;1,000000000000000000000
37815;2834;1,000000000000000000000
38738;748;1,000000000000000000000
44336;10337;0,500000000000000000000
44336;381254;0,500000000000000000000
45837;8858;1,000000000000000000000
47032;7221;1,000000000000000000000
57838;1286;0,166666666666666666666
57838;3141;0,333333333333333333333
57838;3142;0,166666666666666666666
57838;6213;0,166666666666666666666
57838;8090;0,166666666666666666666
59745;689;0,050000000000000000000
59745;1169;0,350000000000000000000
59745;2547;0,050000000000000000000
59745;2863;0,050000000000000000000
59745;3256;0,050000000000000000000
59745;3395;0,050000000000000000000
59745;3523;0,050000000000000000000
59745;4274;0,050000000000000000000
59745;131383;0,100000000000000000000
59745;189452;0,050000000000000000000
59745;366089;0,100000000000000000000
59745;408414;0,050000000000000000000
59841;283;0,011764705882352941176
59841;293;0,011764705882352941176
59841;419;0,023529411764705882352
59841;846;0,141176470588235294117
59841;1065;0,023529411764705882352
59841;1066;0,023529411764705882352
59841;1142;0,023529411764705882352
59841;1169;0,011764705882352941176
59841;1224;0,011764705882352941176
59841;1250;0,011764705882352941176
59841;1563;0,023529411764705882352
59841;2083;0,023529411764705882352
59841;2697;0,011764705882352941176
59841;2744;0,011764705882352941176
59841;2863;0,035294117647058823529
59841;3256;0,011764705882352941176
59841;3683;0,011764705882352941176
59841;5245;0,023529411764705882352
59841;5789;0,023529411764705882352
59841;6497;0,023529411764705882352
59841;7322;0,023529411764705882352
59841;7660;0,023529411764705882352
59841;8268;0,023529411764705882352
59841;8715;0,011764705882352941176
59841;9019;0,023529411764705882352
59841;12959;0,011764705882352941176
59841;13502;0,023529411764705882352
59841;59745;0,011764705882352941176
59841;192866;0,058823529411764705882
59841;764124;0,294117647058823529411
63981;1278;1,000000000000000000000
65998;2175;0,200000000000000000000
65998;4145;0,400000000000000000000
65998;66075;0,066666666666666666666
65998;373924;0,066666666666666666666
65998;547708;0,266666666666666666666
66075;4145;0,500000000000000000000
66075;17281;0,500000000000000000000
71411;748;0,333333333333333333333
71411;995;0,333333333333333333333
71411;325599;0,333333333333333333333
90666;3420;0,500000000000000000000
90666;10338;0,500000000000000000000
112062;826;0,500000000000000000000
112062;408414;0,500000000000000000000
113392;131;0,166666666666666666666
113392;296;0,055555555555555555555
113392;642;0,111111111111111111111
113392;846;0,055555555555555555555
113392;1263;0,055555555555555555555
113392;1974;0,166666666666666666666
113392;2350;0,111111111111111111111
113392;3212;0,055555555555555555555
113392;3245;0,111111111111111111111
113392;13452;0,055555555555555555555
113392;28615;0,055555555555555555555
114536;174;0,500000000000000000000
114536;1563;0,250000000000000000000
114536;3427;0,250000000000000000000
116140;441;0,181818181818181818181
116140;517;0,090909090909090909090
116140;1117;0,090909090909090909090
116140;2277;0,090909090909090909090
116140;3395;0,090909090909090909090
116140;8253;0,090909090909090909090
116140;474028;0,090909090909090909090
116140;704910;0,272727272727272727272
118796;237;0,400000000000000000000
118796;1364;0,400000000000000000000
118796;10175;0,200000000000000000000
119483;1206;1,000000000000000000000
131383;277;0,333333333333333333333
131383;41776;0,333333333333333333333
131383;398787;0,333333333333333333333
135016;3122;1,000000000000000000000
136664;115;0,125000000000000000000
136664;1025;0,125000000000000000000
136664;1692;0,625000000000000000000
136664;7577;0,125000000000000000000
140271;3996;1,000000000000000000000
144425;2133;1,000000000000000000000
146462;1873;0,125000000000000000000
146462;1988;0,375000000000000000000
146462;4881;0,250000000000000000000
146462;370126;0,250000000000000000000
157662;2834;0,800000000000000000000
157662;15302;0,200000000000000000000
160268;1778;1,000000000000000000000
163510;11;0,500000000000000000000
163510;4777;0,500000000000000000000
173893;1129394;1,000000000000000000000
184987;898;0,500000000000000000000
184987;2467;0,500000000000000000000
189452;190971;1,000000000000000000000
190971;7713;0,200000000000000000000
190971;189452;0,800000000000000000000
192866;71;0,076923076923076923076
192866;845;0,076923076923076923076
192866;846;0,384615384615384615384
192866;2731;0,076923076923076923076
192866;7660;0,076923076923076923076
192866;59841;0,307692307692307692307
193005;623129;1,000000000000000000000
219164;2523;1,000000000000000000000
229072;1988;0,500000000000000000000
229072;4881;0,400000000000000000000
229072;1130242;0,100000000000000000000
248832;347540;1,000000000000000000000
248841;66;0,600000000000000000000
248841;1556;0,200000000000000000000
248841;5005;0,200000000000000000000
253384;2464;1,000000000000000000000
255740;5054;1,000000000000000000000
276780;3223;0,500000000000000000000
276780;44336;0,500000000000000000000
278351;706;0,833333333333333333333
278351;1142;0,166666666666666666666
279623;367121;1,000000000000000000000
281170;2523;0,666666666666666666666
281170;3601;0,333333333333333333333
282900;3395;1,000000000000000000000
283633;2302;1,000000000000000000000
283635;28763;1,000000000000000000000
307900;557;1,000000000000000000000
321395;2421;1,000000000000000000000
326192;4;0,500000000000000000000
326192;24536;0,500000000000000000000
327099;1135;1,000000000000000000000
336640;1637;1,000000000000000000000
343087;2218;0,500000000000000000000
343087;529797;0,500000000000000000000
343358;115;1,000000000000000000000
347540;66;1,000000000000000000000
355594;2017;1,000000000000000000000
356607;2578;1,000000000000000000000
365532;37;0,666666666666666666666
365532;1892;0,333333333333333333333
365533;609;1,000000000000000000000
365536;11213;0,500000000000000000000
365536;365534;0,500000000000000000000
366089;65;0,333333333333333333333
366089;71;0,166666666666666666666
366089;194;0,166666666666666666666
366089;59745;0,166666666666666666666
366089;604246;0,166666666666666666666
366867;1253;0,500000000000000000000
366867;6892;0,500000000000000000000
367121;7341;1,000000000000000000000
367451;1949;1,000000000000000000000
373677;1042;1,000000000000000000000
374246;2657;0,500000000000000000000
374246;653504;0,500000000000000000000
381254;44336;1,000000000000000000000
393418;37;0,277777777777777777777
393418;296;0,111111111111111111111
393418;660;0,111111111111111111111
393418;3473;0,055555555555555555555
393418;6461;0,166666666666666666666
393418;8268;0,055555555555555555555
393418;49933;0,055555555555555555555
393418;113392;0,166666666666666666666
398786;3145;1,000000000000000000000
398787;71;0,071428571428571428571
398787;96;0,071428571428571428571
398787;360;0,071428571428571428571
398787;420;0,071428571428571428571
398787;845;0,071428571428571428571
398787;846;0,071428571428571428571
398787;1065;0,071428571428571428571
398787;1724;0,071428571428571428571
398787;131383;0,071428571428571428571
398787;398786;0,285714285714285714285
398787;623129;0,071428571428571428571
408414;1169;0,555555555555555555555
408414;6567;0,222222222222222222222
408414;48255;0,111111111111111111111
408414;112062;0,111111111111111111111
415787;163;1,000000000000000000000
431565;1080816;0,333333333333333333333
431565;1122255;0,666666666666666666666
432293;1596;1,000000000000000000000
434991;1340;0,500000000000000000000
434991;5360;0,500000000000000000000
442813;266;0,500000000000000000000
442813;13814;0,500000000000000000000
474028;263;0,250000000000000000000
474028;3395;0,250000000000000000000
474028;1080816;0,500000000000000000000
507180;530;0,250000000000000000000
507180;668;0,250000000000000000000
507180;20307;0,500000000000000000000
508708;1162;1,000000000000000000000
525330;12798;1,000000000000000000000
533247;846;1,000000000000000000000
547708;3515;1,000000000000000000000
587053;1234;1,000000000000000000000
604246;138;1,000000000000000000000
623129;845;0,333333333333333333333
623129;846;0,083333333333333333333
623129;982;0,208333333333333333333
623129;1041;0,166666666666666666666
623129;1437;0,041666666666666666666
623129;1724;0,041666666666666666666
623129;131383;0,041666666666666666666
623129;192866;0,041666666666666666666
623129;193005;0,041666666666666666666
642255;111;0,111111111111111111111
642255;452;0,444444444444444444444
642255;876;0,222222222222222222222
642255;1025;0,111111111111111111111
642255;507180;0,111111111111111111111
651431;1931;1,000000000000000000000
653504;1262;0,166666666666666666666
653504;1864;0,500000000000000000000
653504;3235;0,166666666666666666666
653504;374246;0,166666666666666666666
704910;1117;1,000000000000000000000
725179;1124;1,000000000000000000000
743909;851827;1,000000000000000000000
791903;281;0,666666666666666666666
791903;23720;0,333333333333333333333
813240;249;0,307692307692307692307
813240;472;0,230769230769230769230
813240;1342;0,153846153846153846153
813240;1526;0,153846153846153846153
813240;1898;0,076923076923076923076
813240;4747;0,076923076923076923076
896624;1080900;1,000000000000000000000
906176;427;0,125000000000000000000
906176;695;0,250000000000000000000
906176;829;0,125000000000000000000
906176;3523;0,375000000000000000000
906176;366089;0,125000000000000000000
931417;1608;0,090909090909090909090
931417;1906;0,090909090909090909090
931417;2470;0,090909090909090909090
931417;27693;0,727272727272727272727
959966;1574;1,000000000000000000000
985164;9391;1,000000000000000000000
1036379;1940;0,666666666666666666666
1036379;349041;0,333333333333333333333
1048032;334;0,066666666666666666666
1048032;641;0,066666666666666666666
1048032;2164;0,266666666666666666666
1048032;2396;0,266666666666666666666
1048032;4719;0,266666666666666666666
1048032;1107479;0,066666666666666666666
1051510;59745;0,500000000000000000000
1051510;408414;0,500000000000000000000
1058833;1637;0,500000000000000000000
1058833;22211;0,500000000000000000000
1075127;5638;1,000000000000000000000
1080816;829;0,166666666666666666666
1080816;2364;0,166666666666666666666
1080816;27615;0,166666666666666666666
1080816;431565;0,166666666666666666666
1080816;474028;0,333333333333333333333
1080900;2364;0,666666666666666666666
1080900;431565;0,333333333333333333333
1096171;61;0,250000000000000000000
1096171;1016;0,500000000000000000000
1096171;2204;0,250000000000000000000
1096588;6461;1,000000000000000000000
1107479;1048032;1,000000000000000000000
1107578;122;0,166666666666666666666
1107578;4821;0,166666666666666666666
1107578;6940;0,166666666666666666666
1107578;27426;0,500000000000000000000
1113764;163;1,000000000000000000000
1122255;431565;1,000000000000000000000
1128679;179;0,666666666666666666666
1128679;747808;0,333333333333333333333
