9;8623;1,000000000000000000000
48;178;0,142857142857142857142
48;4293;0,714285714285714285714
48;4831;0,142857142857142857142
54;294;0,071428571428571428571
54;435;0,071428571428571428571
54;579;0,071428571428571428571
54;1663;0,071428571428571428571
54;1943;0,071428571428571428571
54;2131;0,142857142857142857142
54;2792;0,071428571428571428571
54;6693;0,071428571428571428571
54;13720;0,214285714285714285714
54;59745;0,071428571428571428571
54;1086504;0,071428571428571428571
73;3105;1,000000000000000000000
77;6320;0,333333333333333333333
77;286660;0,666666666666666666666
80;531;0,571428571428571428571
80;668;0,428571428571428571428
96;3753;0,500000000000000000000
96;1082399;0,500000000000000000000
102;668;1,000000000000000000000
104;4432;1,000000000000000000000
115;490;0,052631578947368421052
115;1855;0,052631578947368421052
115;1949;0,052631578947368421052
115;8818;0,105263157894736842105
115;335189;0,263157894736842105263
115;343358;0,157894736842105263157
115;383630;0,210526315789473684210
115;484680;0,052631578947368421052
115;1082368;0,052631578947368421052
120;337;1,000000000000000000000
127;289;0,500000000000000000000
127;2786;0,166666666666666666666
127;2826;0,333333333333333333333
132;550;1,000000000000000000000
135;183;0,050000000000000000000
135;354;0,050000000000000000000
135;964;0,100000000000000000000
135;1277;0,050000000000000000000
135;1391;0,100000000000000000000
135;1446;0,100000000000000000000
135;1939;0,200000000000000000000
135;2661;0,050000000000000000000
135;2713;0,100000000000000000000
135;2850;0,050000000000000000000
135;3235;0,050000000000000000000
135;7160;0,050000000000000000000
135;8539;0,050000000000000000000
149;2196;1,000000000000000000000
151;7586;1,000000000000000000000
179;211;1,000000000000000000000
183;135;0,200000000000000000000
183;362;0,600000000000000000000
183;1370;0,200000000000000000000
189;1083;0,666666666666666666666
189;4576;0,333333333333333333333
190;2043;0,250000000000000000000
190;3116;0,500000000000000000000
190;423622;0,250000000000000000000
192;5564;1,000000000000000000000
194;54;0,027027027027027027027
194;71;0,027027027027027027027
194;240;0,054054054054054054054
194;249;0,027027027027027027027
194;396;0,027027027027027027027
194;520;0,027027027027027027027
194;628;0,054054054054054054054
194;891;0,027027027027027027027
194;990;0,027027027027027027027
194;1064;0,027027027027027027027
194;1122;0,027027027027027027027
194;1142;0,027027027027027027027
194;1169;0,054054054054054054054
194;1406;0,027027027027027027027
194;1563;0,027027027027027027027
194;1724;0,027027027027027027027
194;1754;0,081081081081081081081
194;1925;0,054054054054054054054
194;1939;0,054054054054054054054
194;3096;0,027027027027027027027
194;3100;0,027027027027027027027
194;3141;0,027027027027027027027
194;3208;0,027027027027027027027
194;5632;0,027027027027027027027
194;5789;0,027027027027027027027
194;8268;0,027027027027027027027
194;9721;0,027027027027027027027
194;13502;0,027027027027027027027
194;59745;0,027027027027027027027
194;349041;0,027027027027027027027
199;3105;1,000000000000000000000
206;9391;1,000000000000000000000
218;752;1,000000000000000000000
220;140;0,500000000000000000000
220;1563;0,500000000000000000000
224;525;1,000000000000000000000
242;1286;0,142857142857142857142
242;2736;0,571428571428571428571
242;3141;0,285714285714285714285
244;2498;1,000000000000000000000
249;861;0,200000000000000000000
249;1142;0,200000000000000000000
249;1591;0,200000000000000000000
249;3045;0,200000000000000000000
249;813240;0,200000000000000000000
250;6347;1,000000000000000000000
256;208;1,000000000000000000000
263;131;0,312500000000000000000
263;420;0,250000000000000000000
263;829;0,250000000000000000000
263;846;0,125000000000000000000
263;474028;0,062500000000000000000
266;3944;0,500000000000000000000
266;13398;0,250000000000000000000
266;442814;0,250000000000000000000
271;15867;1,000000000000000000000
279;2706;1,000000000000000000000
284;251;1,000000000000000000000
289;127;1,000000000000000000000
290;5679;1,000000000000000000000
291;311;1,000000000000000000000
299;6955;1,000000000000000000000
304;291;1,000000000000000000000
306;1719;1,000000000000000000000
309;1948;0,857142857142857142857
309;3098;0,142857142857142857142
310;554;0,076923076923076923076
310;1799;0,076923076923076923076
310;2851;0,461538461538461538461
310;5776;0,153846153846153846153
310;8539;0,153846153846153846153
310;30091;0,076923076923076923076
313;18525;1,000000000000000000000
317;318;0,800000000000000000000
317;3836;0,200000000000000000000
318;317;0,500000000000000000000
318;2445;0,500000000000000000000
324;1893;1,000000000000000000000
337;396;0,333333333333333333333
337;6000;0,333333333333333333333
337;432293;0,333333333333333333333
341;742;1,000000000000000000000
349;351;0,666666666666666666666
349;3223;0,333333333333333333333
354;1945;0,500000000000000000000
354;15643;0,500000000000000000000
356;8353;0,500000000000000000000
356;12817;0,500000000000000000000
359;1945;0,857142857142857142857
359;349041;0,142857142857142857142
365;3143;1,000000000000000000000
379;837;1,000000000000000000000
380;2318;1,000000000000000000000
395;418;1,000000000000000000000
396;337;0,500000000000000000000
396;3449;0,250000000000000000000
396;606725;0,250000000000000000000
397;21112;1,000000000000000000000
404;458;1,000000000000000000000
407;404;0,200000000000000000000
407;458;0,200000000000000000000
407;713;0,200000000000000000000
407;2630;0,200000000000000000000
407;5626;0,200000000000000000000
409;418;1,000000000000000000000
410;2140;1,000000000000000000000
414;4078;0,200000000000000000000
414;106943;0,800000000000000000000
415;412;1,000000000000000000000
418;407;0,333333333333333333333
418;1663;0,666666666666666666666
420;263;0,500000000000000000000
420;1263;0,500000000000000000000
433;1705;1,000000000000000000000
441;7135;1,000000000000000000000
443;15643;1,000000000000000000000
453;839;0,250000000000000000000
453;1498;0,250000000000000000000
453;1717;0,250000000000000000000
453;4432;0,250000000000000000000
455;2175;1,000000000000000000000
479;3169;0,333333333333333333333
479;4379;0,166666666666666666666
479;8442;0,166666666666666666666
479;8473;0,333333333333333333333
485;2817;0,500000000000000000000
485;3105;0,500000000000000000000
492;526;0,500000000000000000000
492;2008;0,500000000000000000000
502;668;0,500000000000000000000
502;3443;0,500000000000000000000
513;138;1,000000000000000000000
518;765;0,500000000000000000000
518;353914;0,500000000000000000000
520;240;0,200000000000000000000
520;362;0,066666666666666666666
520;525;0,066666666666666666666
520;527;0,066666666666666666666
520;1182;0,133333333333333333333
520;1314;0,066666666666666666666
520;1778;0,133333333333333333333
520;4225;0,066666666666666666666
520;4998;0,066666666666666666666
520;5012;0,066666666666666666666
520;759294;0,066666666666666666666
521;1150;1,000000000000000000000
524;1234;0,333333333333333333333
524;3356;0,333333333333333333333
524;9110;0,333333333333333333333
526;492;1,000000000000000000000
527;613;0,250000000000000000000
527;2596;0,250000000000000000000
527;17248;0,500000000000000000000
545;5915;0,333333333333333333333
545;6694;0,666666666666666666666
547;923;1,000000000000000000000
550;596;0,500000000000000000000
550;3230;0,500000000000000000000
558;794;0,100000000000000000000
558;851;0,100000000000000000000
558;1035;0,100000000000000000000
558;1596;0,100000000000000000000
558;2657;0,100000000000000000000
558;2825;0,100000000000000000000
558;5440;0,100000000000000000000
558;7132;0,100000000000000000000
558;7866;0,100000000000000000000
558;374246;0,100000000000000000000
571;1897;1,000000000000000000000
573;172;0,166666666666666666666
573;2484;0,333333333333333333333
573;4885;0,166666666666666666666
573;9090;0,166666666666666666666
573;42908;0,166666666666666666666
585;266;1,000000000000000000000
608;609;0,400000000000000000000
608;1083;0,200000000000000000000
608;3212;0,400000000000000000000
612;9762;1,000000000000000000000
613;527;0,400000000000000000000
613;4307;0,600000000000000000000
621;2385;1,000000000000000000000
622;190;0,166666666666666666666
622;878;0,166666666666666666666
622;2385;0,166666666666666666666
622;4525;0,166666666666666666666
622;7759;0,166666666666666666666
622;9409;0,166666666666666666666
625;122;0,666666666666666666666
625;2741;0,333333333333333333333
628;71;0,076923076923076923076
628;360;0,153846153846153846153
628;567;0,076923076923076923076
628;689;0,153846153846153846153
628;1234;0,153846153846153846153
628;38738;0,076923076923076923076
628;349041;0,307692307692307692307
668;80;0,086956521739130434782
668;102;0,043478260869565217391
668;502;0,043478260869565217391
668;530;0,347826086956521739130
668;876;0,260869565217391304347
668;1131;0,043478260869565217391
668;1248;0,043478260869565217391
668;3515;0,043478260869565217391
668;507180;0,043478260869565217391
668;642255;0,043478260869565217391
669;24;0,066666666666666666666
669;65;0,066666666666666666666
669;689;0,066666666666666666666
669;1186;0,066666666666666666666
669;1513;0,066666666666666666666
669;1694;0,066666666666666666666
669;2008;0,133333333333333333333
669;2223;0,066666666666666666666
669;2697;0,066666666666666666666
669;3105;0,066666666666666666666
669;3427;0,066666666666666666666
669;4744;0,066666666666666666666
669;5175;0,066666666666666666666
669;67709;0,066666666666666666666
678;285;0,200000000000000000000
678;1889;0,200000000000000000000
678;2661;0,200000000000000000000
678;7160;0,200000000000000000000
678;8489;0,200000000000000000000
683;1829;1,000000000000000000000
689;360;0,166666666666666666666
689;1763;0,166666666666666666666
689;21750;0,333333333333333333333
689;23419;0,333333333333333333333
700;837;0,333333333333333333333
700;1110539;0,666666666666666666666
713;407;0,500000000000000000000
713;458;0,166666666666666666666
713;306994;0,333333333333333333333
724;4777;1,000000000000000000000
739;740;1,000000000000000000000
740;739;0,125000000000000000000
740;1902;0,375000000000000000000
740;5610;0,250000000000000000000
740;5909;0,250000000000000000000
744;845;0,285714285714285714285
744;846;0,428571428571428571428
744;4052;0,142857142857142857142
744;623129;0,142857142857142857142
747;213;0,200000000000000000000
747;3420;0,400000000000000000000
747;3607;0,200000000000000000000
747;81648;0,200000000000000000000
748;747;0,333333333333333333333
748;38738;0,333333333333333333333
748;75827;0,333333333333333333333
749;1939;0,166666666666666666666
749;2112;0,055555555555555555555
749;3766;0,055555555555555555555
749;5679;0,277777777777777777777
749;8440;0,055555555555555555555
749;112062;0,166666666666666666666
749;131383;0,055555555555555555555
749;398786;0,055555555555555555555
749;398787;0,111111111111111111111
771;2291;0,250000000000000000000
771;3234;0,250000000000000000000
771;9627;0,250000000000000000000
771;28112;0,250000000000000000000
772;308968;1,000000000000000000000
774;995;0,500000000000000000000
774;3420;0,500000000000000000000
787;285;0,500000000000000000000
787;1710;0,500000000000000000000
791;2254;1,000000000000000000000
794;7132;1,000000000000000000000
805;337;0,500000000000000000000
805;13187;0,500000000000000000000
815;7759;1,000000000000000000000
819;111;0,076923076923076923076
819;452;0,153846153846153846153
819;876;0,384615384615384615384
819;933;0,307692307692307692307
819;642255;0,076923076923076923076
827;2355;0,500000000000000000000
827;6027;0,500000000000000000000
829;263;0,125000000000000000000
829;1843;0,125000000000000000000
829;1988;0,062500000000000000000
829;5691;0,125000000000000000000
829;6511;0,125000000000000000000
829;27198;0,125000000000000000000
829;474028;0,125000000000000000000
829;1080816;0,187500000000000000000
835;644;1,000000000000000000000
837;194;0,100000000000000000000
837;1110539;0,900000000000000000000
841;4179;1,000000000000000000000
844;360;0,100000000000000000000
844;1719;0,900000000000000000000
845;744;0,333333333333333333333
845;846;0,166666666666666666666
845;1724;0,166666666666666666666
845;131383;0,166666666666666666666
845;398787;0,166666666666666666666
846;131;0,058823529411764705882
846;744;0,058823529411764705882
846;845;0,058823529411764705882
846;1263;0,117647058823529411764
846;1437;0,058823529411764705882
846;1589;0,117647058823529411764
846;2396;0,058823529411764705882
846;2731;0,058823529411764705882
846;2786;0,058823529411764705882
846;2834;0,058823529411764705882
846;3105;0,058823529411764705882
846;3256;0,058823529411764705882
846;4148;0,058823529411764705882
846;59841;0,058823529411764705882
846;533247;0,058823529411764705882
854;5071;1,000000000000000000000
860;1988;0,500000000000000000000
860;474028;0,500000000000000000000
861;1310;0,500000000000000000000
861;216172;0,500000000000000000000
864;4629;1,000000000000000000000
865;851827;1,000000000000000000000
866;621;0,200000000000000000000
866;1971;0,400000000000000000000
866;7564;0,200000000000000000000
866;9184;0,200000000000000000000
887;18258;1,000000000000000000000
911;4262;1,000000000000000000000
918;17269;1,000000000000000000000
925;19939;1,000000000000000000000
933;819;1,000000000000000000000
967;4424;1,000000000000000000000
977;5564;1,000000000000000000000
980;135;0,142857142857142857142
980;1277;0,285714285714285714285
980;2684;0,142857142857142857142
980;3619;0,428571428571428571428
982;1041;0,500000000000000000000
982;5640;0,250000000000000000000
982;767166;0,250000000000000000000
983;1141;0,200000000000000000000
983;1154;0,400000000000000000000
983;59745;0,400000000000000000000
990;3233;1,000000000000000000000
995;132;0,222222222222222222222
995;189;0,111111111111111111111
995;351;0,111111111111111111111
995;1018;0,222222222222222222222
995;1840;0,111111111111111111111
995;1945;0,111111111111111111111
995;2865;0,111111111111111111111
997;5693;1,000000000000000000000
1004;6892;1,000000000000000000000
1010;1018;0,142857142857142857142
1010;2001;0,571428571428571428571
1010;3809;0,285714285714285714285
1041;845;0,142857142857142857142
1041;982;0,571428571428571428571
1041;2422;0,142857142857142857142
1041;193005;0,142857142857142857142
1044;18258;1,000000000000000000000
1048;13253;1,000000000000000000000
1058;859;0,500000000000000000000
1058;48255;0,500000000000000000000
1064;1563;1,000000000000000000000
1066;9391;0,500000000000000000000
1066;533247;0,500000000000000000000
1069;3701;0,200000000000000000000
1069;4627;0,200000000000000000000
1069;6007;0,200000000000000000000
1069;6008;0,200000000000000000000
1069;12423;0,200000000000000000000
1083;608;0,333333333333333333333
1083;2433;0,333333333333333333333
1083;3685;0,333333333333333333333
1085;8756;1,000000000000000000000
1094;4667;0,333333333333333333333
1094;8756;0,333333333333333333333
1094;25264;0,333333333333333333333
1101;90;0,200000000000000000000
1101;1632;0,200000000000000000000
1101;5564;0,600000000000000000000
1117;704910;1,000000000000000000000
1118;5679;0,041666666666666666666
1118;1064740;0,958333333333333333333
1127;7341;1,000000000000000000000
1135;3496;0,666666666666666666666
1135;17269;0,166666666666666666666
1135;98841;0,166666666666666666666
1140;10103;1,000000000000000000000
1141;2293;1,000000000000000000000
1142;771;1,000000000000000000000
1150;521;1,000000000000000000000
1154;983;0,666666666666666666666
1154;1988;0,333333333333333333333
1160;1513;1,000000000000000000000
1164;5029;1,000000000000000000000
1169;100;0,063492063492063492063
1169;138;0,063492063492063492063
1169;183;0,031746031746031746031
1169;194;0,031746031746031746031
1169;276;0,063492063492063492063
1169;695;0,063492063492063492063
1169;983;0,015873015873015873015
1169;1942;0,063492063492063492063
1169;1943;0,063492063492063492063
1169;1945;0,063492063492063492063
1169;4512;0,063492063492063492063
1169;41776;0,047619047619047619047
1169;59745;0,190476190476190476190
1169;98841;0,015873015873015873015
1169;131383;0,063492063492063492063
1169;366089;0,015873015873015873015
1169;408414;0,015873015873015873015
1169;1173768;0,063492063492063492063
1173;1454;0,250000000000000000000
1173;2195;0,250000000000000000000
1173;7411;0,250000000000000000000
1173;27700;0,250000000000000000000
1196;1264;0,250000000000000000000
1196;2398;0,250000000000000000000
1196;4059;0,500000000000000000000
1198;14652;1,000000000000000000000
1225;669;0,666666666666666666666
1225;78108;0,333333333333333333333
1228;1457;0,500000000000000000000
1228;2509;0,500000000000000000000
1234;113;0,080000000000000000000
1234;520;0,080000000000000000000
1234;524;0,080000000000000000000
1234;628;0,120000000000000000000
1234;1263;0,120000000000000000000
1234;1277;0,160000000000000000000
1234;1340;0,080000000000000000000
1234;2111;0,160000000000000000000
1234;3188;0,040000000000000000000
1234;9402;0,040000000000000000000
1234;10188;0,040000000000000000000
1237;1234;1,000000000000000000000
1254;7111;1,000000000000000000000
1261;1106;1,000000000000000000000
1274;2064;1,000000000000000000000
1277;135;0,428571428571428571428
1277;980;0,142857142857142857142
1277;1234;0,285714285714285714285
1277;2684;0,142857142857142857142
1282;2543;1,000000000000000000000
1286;242;0,100000000000000000000
1286;2434;0,400000000000000000000
1286;2586;0,100000000000000000000
1286;3085;0,100000000000000000000
1286;4020;0,100000000000000000000
1286;10306;0,100000000000000000000
1286;17502;0,100000000000000000000
1288;2322;1,000000000000000000000
1293;8268;1,000000000000000000000
1321;2826;1,000000000000000000000
1337;749;1,000000000000000000000
1340;1234;0,375000000000000000000
1340;1510;0,500000000000000000000
1340;54879;0,125000000000000000000
1344;2115;0,041666666666666666666
1344;2318;0,083333333333333333333
1344;3230;0,041666666666666666666
1344;3301;0,041666666666666666666
1344;3457;0,041666666666666666666
1344;3458;0,041666666666666666666
1344;3499;0,041666666666666666666
1344;3657;0,041666666666666666666
1344;5180;0,041666666666666666666
1344;6986;0,041666666666666666666
1344;7418;0,041666666666666666666
1344;7774;0,041666666666666666666
1344;11330;0,041666666666666666666
1344;12176;0,041666666666666666666
1344;13713;0,041666666666666666666
1344;13796;0,041666666666666666666
1344;13799;0,041666666666666666666
1344;54440;0,041666666666666666666
1344;179346;0,083333333333333333333
1344;256804;0,041666666666666666666
1344;372528;0,041666666666666666666
1344;1086504;0,041666666666666666666
1364;237;0,555555555555555555555
1364;261;0,111111111111111111111
1364;276695;0,333333333333333333333
1370;135;0,058823529411764705882
1370;183;0,058823529411764705882
1370;281;0,176470588235294117647
1370;452;0,117647058823529411764
1370;1025;0,058823529411764705882
1370;1391;0,058823529411764705882
1370;23720;0,058823529411764705882
1370;693032;0,294117647058823529411
1370;791903;0,117647058823529411764
1374;484;1,000000000000000000000
1379;591752;1,000000000000000000000
1419;8623;1,000000000000000000000
1432;17549;1,000000000000000000000
1439;5177;1,000000000000000000000
1454;174;0,857142857142857142857
1454;1173;0,142857142857142857142
1457;1228;0,285714285714285714285
1457;2023;0,142857142857142857142
1457;2131;0,285714285714285714285
1457;2509;0,285714285714285714285
1462;1487;0,500000000000000000000
1462;5789;0,500000000000000000000
1479;50;0,250000000000000000000
1479;2105;0,250000000000000000000
1479;7713;0,250000000000000000000
1479;8165;0,250000000000000000000
1487;909;0,857142857142857142857
1487;1462;0,142857142857142857142
1510;108;0,250000000000000000000
1510;1140;0,500000000000000000000
1510;1340;0,250000000000000000000
1513;1160;1,000000000000000000000
1521;2664;1,000000000000000000000
1526;4020;1,000000000000000000000
1554;240;0,142857142857142857142
1554;793;0,142857142857142857142
1554;1845;0,428571428571428571428
1554;2374;0,285714285714285714285
1556;3905;0,750000000000000000000
1556;12596;0,250000000000000000000
1570;10018;1,000000000000000000000
1581;38;1,000000000000000000000
1589;131;0,166666666666666666666
1589;846;0,500000000000000000000
1589;1263;0,166666666666666666666
1589;666007;0,166666666666666666666
1591;249;0,100000000000000000000
1591;771;0,100000000000000000000
1591;861;0,100000000000000000000
1591;912;0,100000000000000000000
1591;937;0,100000000000000000000
1591;980;0,100000000000000000000
1591;1142;0,100000000000000000000
1591;1278;0,100000000000000000000
1591;2111;0,100000000000000000000
1591;3045;0,100000000000000000000
1596;5440;0,500000000000000000000
1596;8000;0,500000000000000000000
1609;6940;1,000000000000000000000
1629;1763;1,000000000000000000000
1639;771;1,000000000000000000000
1644;5640;1,000000000000000000000
1662;1639;1,000000000000000000000
1663;54;0,200000000000000000000
1663;407;0,200000000000000000000
1663;418;0,600000000000000000000
1667;9389;1,000000000000000000000
1681;642;0,250000000000000000000
1681;744;0,125000000000000000000
1681;846;0,125000000000000000000
1681;1066;0,125000000000000000000
1681;2147;0,125000000000000000000
1681;2786;0,125000000000000000000
1681;2834;0,125000000000000000000
1690;2683;1,000000000000000000000
1697;7994;1,000000000000000000000
1700;437;0,200000000000000000000
1700;2470;0,200000000000000000000
1700;6940;0,400000000000000000000
1700;21750;0,200000000000000000000
1710;9258;1,000000000000000000000
1723;9380;1,000000000000000000000
1727;120;1,000000000000000000000
1763;1629;1,000000000000000000000
1778;520;0,500000000000000000000
1778;5935;0,500000000000000000000
1780;7759;1,000000000000000000000
1785;826;0,500000000000000000000
1785;2614;0,500000000000000000000
1799;5776;1,000000000000000000000
1831;2786;1,000000000000000000000
1843;829;1,000000000000000000000
1850;4278;1,000000000000000000000
1854;19402;1,000000000000000000000
1866;3548;1,000000000000000000000
1877;3968;1,000000000000000000000
1897;571;0,333333333333333333333
1897;1844;0,666666666666666666666
1902;2;0,500000000000000000000
1902;740;0,500000000000000000000
1931;877;1,000000000000000000000
1940;194;0,250000000000000000000
1940;628;0,500000000000000000000
1940;349041;0,250000000000000000000
1942;135;0,500000000000000000000
1942;5679;0,500000000000000000000
1945;359;0,250000000000000000000
1945;360;0,750000000000000000000
1948;71;0,333333333333333333333
1948;309;0,666666666666666666666
1949;115;0,500000000000000000000
1949;793;0,500000000000000000000
1967;2009;1,000000000000000000000
1988;829;0,047619047619047619047
1988;860;0,047619047619047619047
1988;2293;0,047619047619047619047
1988;2515;0,047619047619047619047
1988;3601;0,238095238095238095238
1988;4881;0,285714285714285714285
1988;6666;0,190476190476190476190
1988;1130242;0,095238095238095238095
2008;492;0,666666666666666666666
2008;669;0,333333333333333333333
2021;1462;0,250000000000000000000
2021;3105;0,500000000000000000000
2021;4172;0,250000000000000000000
2023;1457;0,750000000000000000000
2023;15895;0,250000000000000000000
2041;7586;1,000000000000000000000
2043;190;1,000000000000000000000
2064;1274;0,333333333333333333333
2064;2017;0,333333333333333333333
2064;26705;0,333333333333333333333
2070;5632;0,500000000000000000000
2070;9381;0,500000000000000000000
2080;10338;1,000000000000000000000
2099;2445;0,666666666666666666666
2099;3802;0,333333333333333333333
2111;1591;0,500000000000000000000
2111;10188;0,500000000000000000000
2112;398787;1,000000000000000000000
2115;2184;1,000000000000000000000
2117;885;1,000000000000000000000
2130;13367;0,200000000000000000000
2130;27416;0,800000000000000000000
2131;54;0,600000000000000000000
2131;1457;0,200000000000000000000
2131;2509;0,200000000000000000000
2164;1111;0,200000000000000000000
2164;1422;0,200000000000000000000
2164;3082;0,200000000000000000000
2164;1048032;0,400000000000000000000
2195;1173;1,000000000000000000000
2204;3188;1,000000000000000000000
2216;9389;1,000000000000000000000
2223;3158;1,000000000000000000000
2239;163;0,333333333333333333333
2239;1991;0,666666666666666666666
2249;8666;1,000000000000000000000
2254;791;1,000000000000000000000
2275;1220;0,500000000000000000000
2275;27478;0,500000000000000000000
2287;475;0,200000000000000000000
2287;2425;0,200000000000000000000
2287;4058;0,200000000000000000000
2287;11369;0,400000000000000000000
2293;96;0,125000000000000000000
2293;249;0,125000000000000000000
2293;1141;0,375000000000000000000
2293;3753;0,375000000000000000000
2318;380;0,666666666666666666666
2318;1344;0,333333333333333333333
2322;1288;1,000000000000000000000
2337;2438;1,000000000000000000000
2349;9208;1,000000000000000000000
2352;543;1,000000000000000000000
2355;827;1,000000000000000000000
2359;352262;1,000000000000000000000
2364;2972;0,285714285714285714285
2364;3099;0,142857142857142857142
2364;431565;0,428571428571428571428
2364;1122255;0,142857142857142857142
2374;1554;0,500000000000000000000
2374;1650;0,500000000000000000000
2379;13;0,200000000000000000000
2379;3234;0,800000000000000000000
2385;621;0,333333333333333333333
2385;7564;0,666666666666666666666
2390;4592;1,000000000000000000000
2414;3996;1,000000000000000000000
2419;1220;1,000000000000000000000
2422;1041;1,000000000000000000000
2425;11369;1,000000000000000000000
2433;1083;0,333333333333333333333
2433;2778;0,111111111111111111111
2433;3968;0,111111111111111111111
2433;4629;0,111111111111111111111
2433;6461;0,111111111111111111111
2433;11656;0,111111111111111111111
2433;13642;0,111111111111111111111
2438;1288;0,166666666666666666666
2438;2337;0,500000000000000000000
2438;3071;0,333333333333333333333
2445;318;0,166666666666666666666
2445;2099;0,166666666666666666666
2445;3802;0,666666666666666666666
2470;1560;0,200000000000000000000
2470;1565;0,200000000000000000000
2470;1688;0,200000000000000000000
2470;1700;0,200000000000000000000
2470;21750;0,200000000000000000000
2479;3996;1,000000000000000000000
2487;57;0,047619047619047619047
2487;82;0,047619047619047619047
2487;89;0,142857142857142857142
2487;1040;0,047619047619047619047
2487;3237;0,047619047619047619047
2487;4729;0,238095238095238095238
2487;5306;0,238095238095238095238
2487;5659;0,047619047619047619047
2487;6523;0,047619047619047619047
2487;6962;0,095238095238095238095
2500;1080816;1,000000000000000000000
2503;4748;0,166666666666666666666
2503;6554;0,166666666666666666666
2503;9389;0,166666666666666666666
2503;14073;0,500000000000000000000
2509;1228;0,200000000000000000000
2509;1457;0,200000000000000000000
2509;2131;0,200000000000000000000
2509;2882;0,200000000000000000000
2509;4280;0,200000000000000000000
2515;3601;0,500000000000000000000
2515;281170;0,500000000000000000000
2543;29081;1,000000000000000000000
2554;1117;0,250000000000000000000
2554;3876;0,250000000000000000000
2554;17607;0,500000000000000000000
2555;5679;0,500000000000000000000
2555;1142847;0,500000000000000000000
2578;13265;1,000000000000000000000
2591;1085;0,666666666666666666666
2591;3610;0,333333333333333333333
2607;608895;0,500000000000000000000
2607;764124;0,500000000000000000000
2630;407;1,000000000000000000000
2647;484;1,000000000000000000000
2657;2200;0,500000000000000000000
2657;374246;0,500000000000000000000
2661;2684;1,000000000000000000000
2664;1521;1,000000000000000000000
2678;3978;0,500000000000000000000
2678;10860;0,500000000000000000000
2683;7939;1,000000000000000000000
2684;980;0,375000000000000000000
2684;1277;0,125000000000000000000
2684;2661;0,250000000000000000000
2684;10188;0,125000000000000000000
2684;21154;0,125000000000000000000
2706;279;1,000000000000000000000
2713;135;0,200000000000000000000
2713;1889;0,200000000000000000000
2713;6347;0,200000000000000000000
2713;245879;0,400000000000000000000
2740;242;1,000000000000000000000
2761;1340;1,000000000000000000000
2778;6461;0,500000000000000000000
2778;131383;0,500000000000000000000
2779;9026;1,000000000000000000000
2799;2800;1,000000000000000000000
2800;2799;1,000000000000000000000
2803;16;0,012345679012345679012
2803;57;0,012345679012345679012
2803;71;0,012345679012345679012
2803;82;0,012345679012345679012
2803;89;0,012345679012345679012
2803;309;0,012345679012345679012
2803;369;0,012345679012345679012
2803;644;0,012345679012345679012
2803;645;0,012345679012345679012
2803;827;0,012345679012345679012
2803;835;0,012345679012345679012
2803;890;0,012345679012345679012
2803;1022;0,012345679012345679012
2803;1040;0,012345679012345679012
2803;1143;0,012345679012345679012
2803;1152;0,012345679012345679012
2803;1231;0,012345679012345679012
2803;1276;0,012345679012345679012
2803;1612;0,012345679012345679012
2803;1657;0,012345679012345679012
2803;1948;0,012345679012345679012
2803;2109;0,012345679012345679012
2803;2355;0,012345679012345679012
2803;2414;0,012345679012345679012
2803;2479;0,012345679012345679012
2803;2487;0,012345679012345679012
2803;2736;0,012345679012345679012
2803;2739;0,012345679012345679012
2803;2802;0,012345679012345679012
2803;3098;0,012345679012345679012
2803;3123;0,012345679012345679012
2803;3128;0,012345679012345679012
2803;3141;0,012345679012345679012
2803;3145;0,012345679012345679012
2803;3237;0,012345679012345679012
2803;3399;0,012345679012345679012
2803;3574;0,012345679012345679012
2803;3852;0,012345679012345679012
2803;3953;0,012345679012345679012
2803;3967;0,012345679012345679012
2803;3996;0,012345679012345679012
2803;4024;0,012345679012345679012
2803;4159;0,012345679012345679012
2803;4160;0,012345679012345679012
2803;4306;0,012345679012345679012
2803;4501;0,012345679012345679012
2803;4695;0,012345679012345679012
2803;4853;0,012345679012345679012
2803;5136;0,012345679012345679012
2803;5306;0,012345679012345679012
2803;5338;0,012345679012345679012
2803;5607;0,012345679012345679012
2803;6045;0,012345679012345679012
2803;6396;0,012345679012345679012
2803;6495;0,012345679012345679012
2803;6496;0,012345679012345679012
2803;6497;0,012345679012345679012
2803;6498;0,012345679012345679012
2803;6499;0,012345679012345679012
2803;6501;0,012345679012345679012
2803;6502;0,012345679012345679012
2803;6503;0,012345679012345679012
2803;6504;0,012345679012345679012
2803;6505;0,012345679012345679012
2803;6506;0,012345679012345679012
2803;6511;0,012345679012345679012
2803;6512;0,012345679012345679012
2803;6513;0,012345679012345679012
2803;6514;0,012345679012345679012
2803;6515;0,012345679012345679012
2803;6517;0,012345679012345679012
2803;6518;0,012345679012345679012
2803;6520;0,012345679012345679012
2803;6523;0,012345679012345679012
2803;6524;0,012345679012345679012
2803;6527;0,012345679012345679012
2803;7686;0,012345679012345679012
2803;8238;0,012345679012345679012
2803;93146;0,012345679012345679012
2803;140271;0,012345679012345679012
2803;743544;0,012345679012345679012
2826;127;0,454545454545454545454
2826;1321;0,090909090909090909090
2826;2825;0,181818181818181818181
2826;8044;0,090909090909090909090
2826;13676;0,090909090909090909090
2826;27700;0,090909090909090909090
2834;845;0,250000000000000000000
2834;846;0,500000000000000000000
2834;5177;0,250000000000000000000
2838;8909;1,000000000000000000000
2850;135;1,000000000000000000000
2865;995;0,333333333333333333333
2865;12826;0,333333333333333333333
2865;255899;0,333333333333333333333
2884;13158;1,000000000000000000000
2897;1092;0,500000000000000000000
2897;3222;0,250000000000000000000
2897;468947;0,250000000000000000000
2932;899;0,020000000000000000000
2932;2912;0,040000000000000000000
2932;2913;0,040000000000000000000
2932;2914;0,040000000000000000000
2932;2916;0,060000000000000000000
2932;2919;0,040000000000000000000
2932;2920;0,040000000000000000000
2932;2921;0,020000000000000000000
2932;2924;0,040000000000000000000
2932;2925;0,040000000000000000000
2932;2927;0,040000000000000000000
2932;2929;0,040000000000000000000
2932;2931;0,040000000000000000000
2932;2933;0,040000000000000000000
2932;2935;0,060000000000000000000
2932;2938;0,040000000000000000000
2932;2939;0,040000000000000000000
2932;2940;0,040000000000000000000
2932;2941;0,040000000000000000000
2932;2942;0,040000000000000000000
2932;2943;0,040000000000000000000
2932;2946;0,020000000000000000000
2932;2948;0,060000000000000000000
2932;2950;0,040000000000000000000
2932;49722;0,040000000000000000000
2935;2916;0,333333333333333333333
2935;2932;0,333333333333333333333
2935;2948;0,333333333333333333333
2956;642;0,800000000000000000000
2956;8539;0,200000000000000000000
2972;8253;1,000000000000000000000
2998;642;0,250000000000000000000
2998;826;0,500000000000000000000
2998;191508;0,250000000000000000000
3007;1393;0,666666666666666666666
3007;17678;0,333333333333333333333
3033;286660;1,000000000000000000000
3069;642;0,473684210526315789473
3069;1965;0,526315789473684210526
3099;2364;1,000000000000000000000
3105;485;0,142857142857142857142
3105;846;0,285714285714285714285
3105;1171;0,142857142857142857142
3105;1681;0,142857142857142857142
3105;2021;0,142857142857142857142
3105;512469;0,142857142857142857142
3141;16;0,500000000000000000000
3141;6504;0,250000000000000000000
3141;6518;0,250000000000000000000
3143;365;0,250000000000000000000
3143;1225;0,125000000000000000000
3143;1280;0,125000000000000000000
3143;2895;0,125000000000000000000
3143;3273;0,125000000000000000000
3143;7416;0,125000000000000000000
3143;9196;0,125000000000000000000
3158;2223;1,000000000000000000000
3188;10682;1,000000000000000000000
3212;608;1,000000000000000000000
3222;1092;0,500000000000000000000
3222;12159;0,500000000000000000000
3251;10892;1,000000000000000000000
3265;1713;1,000000000000000000000
3268;2826;1,000000000000000000000
3318;851827;1,000000000000000000000
3331;12964;1,000000000000000000000
3340;3347;0,500000000000000000000
3340;5679;0,500000000000000000000
3344;61;0,666666666666666666666
3344;7275;0,333333333333333333333
3356;866;1,000000000000000000000
3359;140271;1,000000000000000000000
3362;1340;0,500000000000000000000
3362;17269;0,500000000000000000000
3393;771;1,000000000000000000000
3394;3564;0,500000000000000000000
3394;5360;0,500000000000000000000
3403;6624;0,500000000000000000000
3403;659900;0,500000000000000000000
3414;1401;0,020000000000000000000
3414;1744;0,020000000000000000000
3414;4262;0,940000000000000000000
3414;9184;0,020000000000000000000
3420;747;0,666666666666666666666
3420;774;0,333333333333333333333
3427;1064;0,142857142857142857142
3427;1321;0,142857142857142857142
3427;1563;0,142857142857142857142
3427;8212;0,142857142857142857142
3427;114536;0,428571428571428571428
3429;2655;0,500000000000000000000
3429;4613;0,500000000000000000000
3443;876;1,000000000000000000000
3449;9215;1,000000000000000000000
3450;4885;0,833333333333333333333
3450;10175;0,166666666666666666666
3458;12572;1,000000000000000000000
3475;407;0,666666666666666666666
3475;1663;0,333333333333333333333
3585;5012;1,000000000000000000000
3588;4219;0,250000000000000000000
3588;8464;0,750000000000000000000
3601;96;0,117647058823529411764
3601;249;0,117647058823529411764
3601;1988;0,294117647058823529411
3601;2515;0,176470588235294117647
3601;4881;0,235294117647058823529
3601;6666;0,058823529411764705882
3619;980;1,000000000000000000000
3625;1391;1,000000000000000000000
3633;2293;1,000000000000000000000
3648;1483;1,000000000000000000000
3665;4497;0,333333333333333333333
3665;8623;0,666666666666666666666
3678;5613;1,000000000000000000000
3680;528;1,000000000000000000000
3685;5627;0,333333333333333333333
3685;8267;0,333333333333333333333
3685;8306;0,333333333333333333333
3753;96;0,142857142857142857142
3753;2293;0,142857142857142857142
3753;3857;0,428571428571428571428
3753;5578;0,285714285714285714285
3766;398786;1,000000000000000000000
3768;1906;1,000000000000000000000
3781;2052;1,000000000000000000000
3800;521;1,000000000000000000000
3802;2099;0,333333333333333333333
3802;2445;0,666666666666666666666
3809;216;0,100000000000000000000
3809;1010;0,300000000000000000000
3809;2001;0,600000000000000000000
3811;9762;1,000000000000000000000
3842;5010;1,000000000000000000000
3857;3753;1,000000000000000000000
3864;14151;1,000000000000000000000
3891;2015;0,500000000000000000000
3891;13158;0,500000000000000000000
3944;266;0,142857142857142857142
3944;4380;0,714285714285714285714
3944;9762;0,142857142857142857142
3968;2433;0,500000000000000000000
3968;2778;0,500000000000000000000
3978;2678;1,000000000000000000000
3980;8493;1,000000000000000000000
3993;2129;1,000000000000000000000
3996;2414;0,250000000000000000000
3996;2479;0,250000000000000000000
3996;3141;0,250000000000000000000
3996;6045;0,250000000000000000000
4021;275;1,000000000000000000000
4059;1196;1,000000000000000000000
4070;985164;1,000000000000000000000
4081;1965;1,000000000000000000000
4091;189;0,142857142857142857142
4091;568;0,142857142857142857142
4091;2323;0,142857142857142857142
4091;3978;0,142857142857142857142
4091;6461;0,142857142857142857142
4091;9376;0,142857142857142857142
4091;10255;0,142857142857142857142
4100;4522;0,750000000000000000000
4100;10255;0,250000000000000000000
4148;2731;1,000000000000000000000
4173;668;1,000000000000000000000
4179;841;0,500000000000000000000
4179;2176;0,500000000000000000000
4225;2374;0,500000000000000000000
4225;6048;0,500000000000000000000
4229;642;0,250000000000000000000
4229;413825;0,750000000000000000000
4262;3414;1,000000000000000000000
4268;1949;0,500000000000000000000
4268;21005;0,500000000000000000000
4269;8818;1,000000000000000000000
4278;538;0,500000000000000000000
4278;1850;0,500000000000000000000
4280;2509;0,333333333333333333333
4280;4281;0,666666666666666666666
4281;4280;0,666666666666666666666
4281;9384;0,333333333333333333333
4307;613;0,666666666666666666666
4307;5603;0,333333333333333333333
4355;5089;1,000000000000000000000
4359;11;0,250000000000000000000
4359;2655;0,250000000000000000000
4359;8489;0,500000000000000000000
4376;1827;0,500000000000000000000
4376;4713;0,500000000000000000000
4380;3944;0,666666666666666666666
4380;4493;0,166666666666666666666
4380;7564;0,166666666666666666666
4433;8454;1,000000000000000000000
4497;5484;1,000000000000000000000
4498;658;1,000000000000000000000
4512;71;1,000000000000000000000
4518;931417;1,000000000000000000000
4522;4100;1,000000000000000000000
4533;26746;1,000000000000000000000
4552;41;0,500000000000000000000
4552;1261;0,500000000000000000000
4553;1981;0,071428571428571428571
4553;6666;0,071428571428571428571
4553;12880;0,071428571428571428571
4553;336640;0,071428571428571428571
4553;443599;0,714285714285714285714
4592;1583;0,400000000000000000000
4592;2390;0,400000000000000000000
4592;9258;0,200000000000000000000
4598;771;1,000000000000000000000
4621;3557;1,000000000000000000000
4629;864;1,000000000000000000000
4639;576;1,000000000000000000000
4640;995;0,500000000000000000000
4640;1080816;0,500000000000000000000
4677;2057;1,000000000000000000000
4713;4376;0,500000000000000000000
4713;10020;0,500000000000000000000
4729;2487;1,000000000000000000000
4748;2503;0,333333333333333333333
4748;8633;0,666666666666666666666
4876;4877;1,000000000000000000000
4877;4876;1,000000000000000000000
4885;3450;1,000000000000000000000
5016;61;0,500000000000000000000
5016;1077;0,250000000000000000000
5016;4976;0,250000000000000000000
5029;131;0,500000000000000000000
5029;1164;0,500000000000000000000
5071;1391;1,000000000000000000000
5117;23954;1,000000000000000000000
5148;9476;1,000000000000000000000
5177;1439;0,153846153846153846153
5177;1440;0,076923076923076923076
5177;1864;0,076923076923076923076
5177;2834;0,076923076923076923076
5177;3436;0,230769230769230769230
5177;8473;0,307692307692307692307
5177;9356;0,076923076923076923076
5289;1274;1,000000000000000000000
5306;2487;1,000000000000000000000
5329;2198;0,500000000000000000000
5329;3235;0,500000000000000000000
5360;3394;0,500000000000000000000
5360;743909;0,500000000000000000000
5440;13239;1,000000000000000000000
5464;380;0,125000000000000000000
5464;507;0,125000000000000000000
5464;3557;0,375000000000000000000
5464;4293;0,125000000000000000000
5464;5009;0,250000000000000000000
5519;5922;1,000000000000000000000
5564;192;0,068181818181818181818
5564;496;0,045454545454545454545
5564;977;0,045454545454545454545
5564;1101;0,045454545454545454545
5564;1109;0,022727272727272727272
5564;1667;0,045454545454545454545
5564;2037;0,045454545454545454545
5564;2046;0,045454545454545454545
5564;2271;0,045454545454545454545
5564;2272;0,045454545454545454545
5564;2359;0,045454545454545454545
5564;3296;0,045454545454545454545
5564;3591;0,045454545454545454545
5564;4364;0,045454545454545454545
5564;4561;0,045454545454545454545
5564;5214;0,045454545454545454545
5564;5219;0,022727272727272727272
5564;7762;0,045454545454545454545
5564;9387;0,022727272727272727272
5564;9413;0,045454545454545454545
5564;9432;0,045454545454545454545
5564;10946;0,045454545454545454545
5564;13372;0,045454545454545454545
5610;740;1,000000000000000000000
5613;1719;0,400000000000000000000
5613;2851;0,600000000000000000000
5626;66;0,020000000000000000000
5626;184;0,020000000000000000000
5626;407;0,020000000000000000000
5626;547;0,020000000000000000000
5626;713;0,020000000000000000000
5626;750;0,020000000000000000000
5626;761;0,020000000000000000000
5626;805;0,040000000000000000000
5626;918;0,020000000000000000000
5626;999;0,020000000000000000000
5626;1002;0,020000000000000000000
5626;1016;0,020000000000000000000
5626;1085;0,020000000000000000000
5626;1180;0,020000000000000000000
5626;1313;0,020000000000000000000
5626;2137;0,060000000000000000000
5626;2630;0,020000000000000000000
5626;2772;0,040000000000000000000
5626;3033;0,020000000000000000000
5626;3532;0,020000000000000000000
5626;3753;0,020000000000000000000
5626;3779;0,020000000000000000000
5626;3827;0,020000000000000000000
5626;3905;0,040000000000000000000
5626;4876;0,020000000000000000000
5626;4877;0,020000000000000000000
5626;5012;0,040000000000000000000
5626;5016;0,020000000000000000000
5626;6326;0,020000000000000000000
5626;7574;0,020000000000000000000
5626;7626;0,020000000000000000000
5626;8445;0,020000000000000000000
5626;8566;0,040000000000000000000
5626;12356;0,020000000000000000000
5626;12596;0,020000000000000000000
5626;12670;0,040000000000000000000
5626;13187;0,020000000000000000000
5626;22211;0,020000000000000000000
5626;248832;0,020000000000000000000
5626;248836;0,020000000000000000000
5626;381254;0,020000000000000000000
5626;589508;0,020000000000000000000
5635;4877;0,166666666666666666666
5635;5679;0,833333333333333333333
5638;277;0,500000000000000000000
5638;653116;0,500000000000000000000
5691;829;1,000000000000000000000
5753;1321;0,666666666666666666666
5753;2506;0,333333333333333333333
5776;1799;1,000000000000000000000
5784;3650;1,000000000000000000000
5886;3665;1,000000000000000000000
5909;714174;1,000000000000000000000
5935;1778;1,000000000000000000000
6027;827;0,500000000000000000000
6027;9968;0,500000000000000000000
6164;275;0,250000000000000000000
6164;642;0,500000000000000000000
6164;8539;0,250000000000000000000
6234;9208;1,000000000000000000000
6320;77;1,000000000000000000000
6353;9905;1,000000000000000000000
6406;4892;1,000000000000000000000
6498;7941;1,000000000000000000000
6502;1657;1,000000000000000000000
6503;2736;1,000000000000000000000
6511;829;1,000000000000000000000
6554;2503;1,000000000000000000000
6666;1988;0,666666666666666666666
6666;4553;0,333333333333333333333
6693;54;1,000000000000000000000
6734;25205;0,666666666666666666666
6734;25229;0,333333333333333333333
6773;13176;1,000000000000000000000
6892;1004;1,000000000000000000000
6929;3708;1,000000000000000000000
6940;1700;1,000000000000000000000
6962;65;0,014869888475836431226
6962;71;0,003717472118959107806
6962;115;0,007434944237918215613
6962;138;0,003717472118959107806
6962;181;0,007434944237918215613
6962;190;0,007434944237918215613
6962;194;0,003717472118959107806
6962;240;0,003717472118959107806
6962;289;0,007434944237918215613
6962;362;0,007434944237918215613
6962;420;0,007434944237918215613
6962;452;0,014869888475836431226
6962;475;0,014869888475836431226
6962;477;0,007434944237918215613
6962;529;0,003717472118959107806
6962;530;0,007434944237918215613
6962;625;0,003717472118959107806
6962;652;0,007434944237918215613
6962;698;0,007434944237918215613
6962;719;0,007434944237918215613
6962;722;0,007434944237918215613
6962;749;0,007434944237918215613
6962;768;0,007434944237918215613
6962;826;0,026022304832713754646
6962;876;0,007434944237918215613
6962;885;0,007434944237918215613
6962;890;0,007434944237918215613
6962;956;0,007434944237918215613
6962;1092;0,007434944237918215613
6962;1107;0,007434944237918215613
6962;1109;0,007434944237918215613
6962;1120;0,007434944237918215613
6962;1160;0,007434944237918215613
6962;1173;0,007434944237918215613
6962;1234;0,007434944237918215613
6962;1243;0,007434944237918215613
6962;1313;0,007434944237918215613
6962;1328;0,007434944237918215613
6962;1408;0,007434944237918215613
6962;1459;0,007434944237918215613
6962;1514;0,007434944237918215613
6962;1569;0,007434944237918215613
6962;1692;0,007434944237918215613
6962;1696;0,007434944237918215613
6962;1724;0,007434944237918215613
6962;1729;0,007434944237918215613
6962;1731;0,007434944237918215613
6962;1829;0,007434944237918215613
6962;1843;0,003717472118959107806
6962;1892;0,007434944237918215613
6962;1925;0,007434944237918215613
6962;2052;0,007434944237918215613
6962;2287;0,007434944237918215613
6962;2355;0,007434944237918215613
6962;2414;0,007434944237918215613
6962;2420;0,007434944237918215613
6962;2421;0,007434944237918215613
6962;2487;0,014869888475836431226
6962;2554;0,007434944237918215613
6962;2713;0,007434944237918215613
6962;2802;0,007434944237918215613
6962;3141;0,007434944237918215613
6962;3392;0,007434944237918215613
6962;3532;0,007434944237918215613
6962;3563;0,007434944237918215613
6962;3567;0,007434944237918215613
6962;3607;0,007434944237918215613
6962;3815;0,007434944237918215613
6962;3852;0,007434944237918215613
6962;3871;0,007434944237918215613
6962;3891;0,003717472118959107806
6962;3996;0,007434944237918215613
6962;4222;0,007434944237918215613
6962;4225;0,007434944237918215613
6962;4274;0,003717472118959107806
6962;4533;0,007434944237918215613
6962;4837;0,007434944237918215613
6962;4992;0,003717472118959107806
6962;5001;0,007434944237918215613
6962;5142;0,007434944237918215613
6962;5521;0,007434944237918215613
6962;5657;0,007434944237918215613
6962;6213;0,014869888475836431226
6962;6501;0,007434944237918215613
6962;6502;0,007434944237918215613
6962;6567;0,007434944237918215613
6962;6765;0,007434944237918215613
6962;7160;0,007434944237918215613
6962;7774;0,007434944237918215613
6962;8293;0,007434944237918215613
6962;8460;0,007434944237918215613
6962;8580;0,007434944237918215613
6962;8648;0,007434944237918215613
6962;8666;0,007434944237918215613
6962;8698;0,007434944237918215613
6962;8786;0,003717472118959107806
6962;8999;0,007434944237918215613
6962;9015;0,007434944237918215613
6962;9395;0,007434944237918215613
6962;10941;0,007434944237918215613
6962;12428;0,007434944237918215613
6962;12466;0,007434944237918215613
6962;12500;0,007434944237918215613
6962;12820;0,003717472118959107806
6962;13579;0,007434944237918215613
6962;13584;0,007434944237918215613
6962;13599;0,007434944237918215613
6962;13907;0,007434944237918215613
6962;14526;0,007434944237918215613
6962;14907;0,011152416356877323420
6962;15586;0,014869888475836431226
6962;25230;0,007434944237918215613
6962;27067;0,007434944237918215613
6962;27170;0,007434944237918215613
6962;27708;0,007434944237918215613
6962;27949;0,007434944237918215613
6962;27950;0,007434944237918215613
6962;27962;0,007434944237918215613
6962;28018;0,007434944237918215613
6962;28043;0,007434944237918215613
6962;28834;0,007434944237918215613
6962;50332;0,007434944237918215613
6962;50959;0,003717472118959107806
6962;52385;0,007434944237918215613
6962;54774;0,007434944237918215613
6962;59745;0,011152416356877323420
6962;112062;0,014869888475836431226
6962;324897;0,007434944237918215613
6962;333184;0,007434944237918215613
6962;366089;0,007434944237918215613
6962;660708;0,003717472118959107806
7049;1570;0,241379310344827586206
7049;1583;0,344827586206896551724
7049;10020;0,241379310344827586206
7049;12907;0,172413793103448275862
7095;7072;0,500000000000000000000
7095;54879;0,500000000000000000000
7131;4538;0,333333333333333333333
7131;9905;0,666666666666666666666
7135;12591;1,000000000000000000000
7160;11;0,142857142857142857142
7160;2661;0,285714285714285714285
7160;2713;0,285714285714285714285
7160;8095;0,142857142857142857142
7160;11680;0,142857142857142857142
7341;4498;1,000000000000000000000
7399;1013544;1,000000000000000000000
7418;5212;1,000000000000000000000
7543;1898;0,037037037037037037037
7543;2743;0,037037037037037037037
7543;2786;0,037037037037037037037
7543;3007;0,148148148148148148148
7543;3256;0,037037037037037037037
7543;3420;0,037037037037037037037
7543;4587;0,037037037037037037037
7543;7717;0,037037037037037037037
7543;7975;0,037037037037037037037
7543;12959;0,037037037037037037037
7543;23759;0,037037037037037037037
7543;27613;0,037037037037037037037
7543;152027;0,407407407407407407407
7543;329272;0,037037037037037037037
7564;866;0,500000000000000000000
7564;2385;0,500000000000000000000
7574;184;0,500000000000000000000
7574;2630;0,500000000000000000000
7578;1182;0,166666666666666666666
7578;1650;0,333333333333333333333
7578;4225;0,166666666666666666666
7578;4497;0,166666666666666666666
7578;8442;0,166666666666666666666
7586;2041;1,000000000000000000000
7650;3116;1,000000000000000000000
7686;4306;1,000000000000000000000
7741;706;1,000000000000000000000
7759;815;0,200000000000000000000
7759;3271;0,200000000000000000000
7759;9208;0,600000000000000000000
7939;866;1,000000000000000000000
7968;669;1,000000000000000000000
7994;1321;0,074074074074074074074
7994;1453;0,074074074074074074074
7994;1632;0,037037037037037037037
7994;1693;0,074074074074074074074
7994;1697;0,074074074074074074074
7994;1698;0,074074074074074074074
7994;1703;0,074074074074074074074
7994;1705;0,074074074074074074074
7994;1708;0,074074074074074074074
7994;2506;0,074074074074074074074
7994;3823;0,074074074074074074074
7994;8580;0,074074074074074074074
7994;10093;0,074074074074074074074
7994;28777;0,074074074074074074074
8003;50332;1,000000000000000000000
8095;285;1,000000000000000000000
8143;190;1,000000000000000000000
8162;275;1,000000000000000000000
8205;2275;1,000000000000000000000
8281;59;0,666666666666666666666
8281;10390;0,333333333333333333333
8320;2991;1,000000000000000000000
8353;356;1,000000000000000000000
8440;1182;1,000000000000000000000
8442;479;1,000000000000000000000
8445;1016;1,000000000000000000000
8461;434663;1,000000000000000000000
8464;3588;0,666666666666666666666
8464;4497;0,333333333333333333333
8465;45;0,002564102564102564102
8465;61;0,002564102564102564102
8465;66;0,002564102564102564102
8465;240;0,017948717948717948717
8465;362;0,017948717948717948717
8465;475;0,017948717948717948717
8465;479;0,017948717948717948717
8465;520;0,017948717948717948717
8465;525;0,017948717948717948717
8465;706;0,017948717948717948717
8465;793;0,017948717948717948717
8465;829;0,002564102564102564102
8465;852;0,017948717948717948717
8465;859;0,002564102564102564102
8465;999;0,002564102564102564102
8465;1002;0,002564102564102564102
8465;1012;0,002564102564102564102
8465;1016;0,002564102564102564102
8465;1020;0,002564102564102564102
8465;1077;0,002564102564102564102
8465;1107;0,017948717948717948717
8465;1171;0,017948717948717948717
8465;1180;0,002564102564102564102
8465;1313;0,017948717948717948717
8465;1314;0,017948717948717948717
8465;1315;0,017948717948717948717
8465;1556;0,002564102564102564102
8465;1748;0,017948717948717948717
8465;1938;0,017948717948717948717
8465;2306;0,017948717948717948717
8465;2490;0,017948717948717948717
8465;2491;0,017948717948717948717
8465;2642;0,002564102564102564102
8465;2746;0,002564102564102564102
8465;2791;0,002564102564102564102
8465;2815;0,002564102564102564102
8465;3033;0,002564102564102564102
8465;3038;0,017948717948717948717
8465;3374;0,017948717948717948717
8465;3590;0,017948717948717948717
8465;3826;0,002564102564102564102
8465;3827;0,002564102564102564102
8465;3905;0,002564102564102564102
8465;4219;0,017948717948717948717
8465;4242;0,017948717948717948717
8465;4292;0,002564102564102564102
8465;4497;0,017948717948717948717
8465;4706;0,017948717948717948717
8465;4835;0,017948717948717948717
8465;4976;0,002564102564102564102
8465;4991;0,017948717948717948717
8465;4995;0,017948717948717948717
8465;4998;0,017948717948717948717
8465;4999;0,017948717948717948717
8465;5001;0,017948717948717948717
8465;5002;0,017948717948717948717
8465;5003;0,017948717948717948717
8465;5005;0,017948717948717948717
8465;5011;0,017948717948717948717
8465;5013;0,017948717948717948717
8465;5016;0,002564102564102564102
8465;5019;0,017948717948717948717
8465;5666;0,017948717948717948717
8465;5681;0,002564102564102564102
8465;5921;0,002564102564102564102
8465;5935;0,017948717948717948717
8465;6483;0,002564102564102564102
8465;8438;0,017948717948717948717
8465;8442;0,017948717948717948717
8465;8449;0,017948717948717948717
8465;8458;0,017948717948717948717
8465;8460;0,017948717948717948717
8465;8462;0,017948717948717948717
8465;8470;0,017948717948717948717
8465;8473;0,017948717948717948717
8465;8476;0,017948717948717948717
8465;9481;0,002564102564102564102
8465;9482;0,002564102564102564102
8465;12596;0,002564102564102564102
8465;21271;0,017948717948717948717
8465;24098;0,002564102564102564102
8465;24099;0,002564102564102564102
8465;28617;0,002564102564102564102
8465;310049;0,017948717948717948717
8473;479;0,714285714285714285714
8473;5177;0,142857142857142857142
8473;8442;0,142857142857142857142
8489;678;0,500000000000000000000
8489;5223;0,500000000000000000000
8568;12706;1,000000000000000000000
8590;1282;1,000000000000000000000
8623;1419;0,333333333333333333333
8623;3665;0,333333333333333333333
8623;9391;0,333333333333333333333
8633;4748;1,000000000000000000000
8648;266;0,750000000000000000000
8648;5603;0,250000000000000000000
8723;4240;1,000000000000000000000
8756;1085;1,000000000000000000000
8786;2302;0,333333333333333333333
8786;8787;0,666666666666666666666
8805;1867;1,000000000000000000000
8818;4269;1,000000000000000000000
8842;12820;1,000000000000000000000
9047;4206;1,000000000000000000000
9067;12826;1,000000000000000000000
9090;2578;1,000000000000000000000
9098;1107578;1,000000000000000000000
9184;1401;0,500000000000000000000
9184;3414;0,500000000000000000000
9208;2349;0,687500000000000000000
9208;6234;0,062500000000000000000
9208;7759;0,250000000000000000000
9338;844;0,500000000000000000000
9338;13178;0,500000000000000000000
9352;3876;1,000000000000000000000
9367;863;1,000000000000000000000
9381;2070;1,000000000000000000000
9389;841;0,083333333333333333333
9389;1667;0,166666666666666666666
9389;2216;0,083333333333333333333
9389;2271;0,166666666666666666666
9389;2503;0,083333333333333333333
9389;5632;0,083333333333333333333
9389;7759;0,166666666666666666666
9389;8623;0,083333333333333333333
9389;9399;0,083333333333333333333
9391;8623;1,000000000000000000000
9396;5691;1,000000000000000000000
9399;9389;1,000000000000000000000
9406;286660;1,000000000000000000000
9429;190;1,000000000000000000000
9434;883;1,000000000000000000000
9437;13369;1,000000000000000000000
9657;771;1,000000000000000000000
9722;9762;0,333333333333333333333
9722;908758;0,333333333333333333333
9722;1103804;0,333333333333333333333
9762;3811;0,250000000000000000000
9762;12159;0,250000000000000000000
9762;45924;0,250000000000000000000
9762;1101851;0,250000000000000000000
9807;90;0,333333333333333333333
9807;911;0,333333333333333333333
9807;4748;0,333333333333333333333
9940;964;1,000000000000000000000
9968;2355;0,400000000000000000000
9968;2487;0,200000000000000000000
9968;4729;0,400000000000000000000
10000;3116;0,500000000000000000000
10000;14465;0,500000000000000000000
10020;4713;1,000000000000000000000
10103;596;0,500000000000000000000
10103;1140;0,500000000000000000000
10175;3450;0,500000000000000000000
10175;118796;0,500000000000000000000
10188;1277;0,250000000000000000000
10188;2111;0,500000000000000000000
10188;3802;0,250000000000000000000
10255;2543;0,500000000000000000000
10255;4100;0,500000000000000000000
10338;2080;0,666666666666666666666
10338;75827;0,333333333333333333333
10359;360;1,000000000000000000000
10390;8281;1,000000000000000000000
10672;379;1,000000000000000000000
10763;771;1,000000000000000000000
10860;2678;1,000000000000000000000
10892;3251;1,000000000000000000000
11138;391;0,500000000000000000000
11138;12563;0,500000000000000000000
11249;12889;1,000000000000000000000
11369;2287;0,200000000000000000000
11369;2425;0,200000000000000000000
11369;25230;0,200000000000000000000
11369;349155;0,400000000000000000000
11680;860;1,000000000000000000000
11863;2277;1,000000000000000000000
12159;3222;0,500000000000000000000
12159;9762;0,500000000000000000000
12388;244;0,500000000000000000000
12388;9367;0,500000000000000000000
12596;1180;0,333333333333333333333
12596;1556;0,333333333333333333333
12596;1596;0,333333333333333333333
12768;3940;1,000000000000000000000
12817;356;1,000000000000000000000
12826;2865;1,000000000000000000000
13054;925;1,000000000000000000000
13122;3567;1,000000000000000000000
13141;38;1,000000000000000000000
13176;6773;1,000000000000000000000
13178;360;0,500000000000000000000
13178;14683;0,500000000000000000000
13253;1048;0,500000000000000000000
13253;4881;0,500000000000000000000
13335;4274;0,166666666666666666666
13335;8999;0,166666666666666666666
13335;14742;0,666666666666666666666
13396;431565;1,000000000000000000000
13671;1513;0,500000000000000000000
13671;2515;0,500000000000000000000
13720;54;1,000000000000000000000
13796;486;1,000000000000000000000
13899;157551;1,000000000000000000000
14050;8268;1,000000000000000000000
14073;2503;0,666666666666666666666
14073;4748;0,333333333333333333333
14151;96;0,045454545454545454545
14151;250;0,090909090909090909090
14151;337;0,090909090909090909090
14151;396;0,090909090909090909090
14151;407;0,136363636363636363636
14151;410;0,090909090909090909090
14151;805;0,090909090909090909090
14151;4476;0,045454545454545454545
14151;5861;0,090909090909090909090
14151;8698;0,045454545454545454545
14151;9722;0,090909090909090909090
14151;908758;0,045454545454545454545
14151;1103804;0,045454545454545454545
14465;6189;1,000000000000000000000
14652;1198;1,000000000000000000000
15863;5415;1,000000000000000000000
15975;9905;1,000000000000000000000
16487;997;0,250000000000000000000
16487;27557;0,750000000000000000000
16497;1041;0,333333333333333333333
16497;1771;0,666666666666666666666
16644;20235;1,000000000000000000000
16659;12339;1,000000000000000000000
16815;12698;1,000000000000000000000
17248;527;1,000000000000000000000
17269;918;1,000000000000000000000
17428;455;0,333333333333333333333
17428;596;0,333333333333333333333
17428;5408;0,333333333333333333333
17549;612735;1,000000000000000000000
18258;887;0,500000000000000000000
18258;1044;0,500000000000000000000
20235;127;0,200000000000000000000
20235;443;0,200000000000000000000
20235;911;0,200000000000000000000
20235;2825;0,200000000000000000000
20235;16644;0,200000000000000000000
21005;4268;1,000000000000000000000
21268;35;1,000000000000000000000
21750;689;0,500000000000000000000
21750;6940;0,250000000000000000000
21750;931417;0,250000000000000000000
24460;1282;1,000000000000000000000
25205;6734;1,000000000000000000000
25230;11369;1,000000000000000000000
27478;2275;1,000000000000000000000
27557;16487;1,000000000000000000000
27700;2826;0,500000000000000000000
27700;3359;0,500000000000000000000
27707;12959;0,500000000000000000000
27707;24536;0,500000000000000000000
27708;1173;0,333333333333333333333
27708;2826;0,666666666666666666666
27763;887;0,333333333333333333333
27763;1393;0,333333333333333333333
27763;3394;0,333333333333333333333
27931;9350;1,000000000000000000000
28528;9367;1,000000000000000000000
28602;322;1,000000000000000000000
29081;6723;0,500000000000000000000
29081;28602;0,500000000000000000000
30811;37815;1,000000000000000000000
36186;464;1,000000000000000000000
37815;30811;1,000000000000000000000
38738;176;1,000000000000000000000
44336;2664;1,000000000000000000000
45837;8858;1,000000000000000000000
59745;54;0,062500000000000000000
59745;194;0,062500000000000000000
59745;983;0,062500000000000000000
59745;1169;0,312500000000000000000
59745;2445;0,062500000000000000000
59745;366089;0,187500000000000000000
59745;408414;0,062500000000000000000
59745;1173768;0,187500000000000000000
71411;748;0,666666666666666666666
71411;325599;0,333333333333333333333
74054;706;1,000000000000000000000
76428;747;0,083333333333333333333
76428;748;0,250000000000000000000
76428;1205;0,083333333333333333333
76428;28517;0,250000000000000000000
76428;81648;0,333333333333333333333
106943;414;0,333333333333333333333
106943;6000;0,333333333333333333333
106943;13187;0,333333333333333333333
112062;749;0,285714285714285714285
112062;826;0,142857142857142857142
112062;6962;0,428571428571428571428
112062;57838;0,142857142857142857142
118796;10175;1,000000000000000000000
119483;1206;0,666666666666666666666
119483;3978;0,333333333333333333333
131383;7780;0,166666666666666666666
131383;398786;0,500000000000000000000
131383;940328;0,333333333333333333333
136664;1692;1,000000000000000000000
144425;2133;1,000000000000000000000
163510;8539;0,666666666666666666666
163510;813240;0,333333333333333333333
173893;4039;1,000000000000000000000
179346;485;0,200000000000000000000
179346;657;0,200000000000000000000
179346;2817;0,200000000000000000000
179346;3105;0,400000000000000000000
189452;622;0,125000000000000000000
189452;861;0,125000000000000000000
189452;2147;0,125000000000000000000
189452;3381;0,125000000000000000000
189452;4376;0,125000000000000000000
189452;8165;0,125000000000000000000
189452;8909;0,250000000000000000000
221895;2741;1,000000000000000000000
239969;239963;1,000000000000000000000
245879;2713;1,000000000000000000000
248831;8465;1,000000000000000000000
248834;5012;1,000000000000000000000
248838;5005;0,500000000000000000000
248838;10175;0,500000000000000000000
248840;975;1,000000000000000000000
248841;66;1,000000000000000000000
255899;2865;1,000000000000000000000
276695;1364;1,000000000000000000000
278351;771;1,000000000000000000000
281170;615;0,500000000000000000000
281170;749;0,250000000000000000000
281170;2515;0,250000000000000000000
284855;1454;0,333333333333333333333
284855;1706;0,333333333333333333333
284855;1708;0,333333333333333333333
286660;77;0,250000000000000000000
286660;3033;0,250000000000000000000
286660;9406;0,500000000000000000000
306994;458;0,500000000000000000000
306994;2585;0,500000000000000000000
321395;502;1,000000000000000000000
328526;9730;1,000000000000000000000
335189;115;0,666666666666666666666
335189;2794;0,333333333333333333333
349041;194;0,230769230769230769230
349041;359;0,115384615384615384615
349041;379;0,038461538461538461538
349041;628;0,307692307692307692307
349041;1940;0,307692307692307692307
349155;11369;1,000000000000000000000
353914;518;1,000000000000000000000
366089;983;0,333333333333333333333
366089;59745;0,666666666666666666666
366867;3811;1,000000000000000000000
374246;558;0,500000000000000000000
374246;2657;0,250000000000000000000
374246;653504;0,250000000000000000000
383630;115;1,000000000000000000000
388810;964;1,000000000000000000000
389498;585;1,000000000000000000000
398786;277;0,062500000000000000000
398786;749;0,187500000000000000000
398786;1446;0,062500000000000000000
398786;2112;0,062500000000000000000
398786;3766;0,125000000000000000000
398786;4219;0,062500000000000000000
398786;18641;0,062500000000000000000
398786;131383;0,062500000000000000000
398786;189452;0,062500000000000000000
398786;190971;0,062500000000000000000
398786;398787;0,187500000000000000000
398787;749;0,400000000000000000000
398787;398786;0,600000000000000000000
408414;43;0,074074074074074074074
408414;138;0,074074074074074074074
408414;475;0,222222222222222222222
408414;1169;0,222222222222222222222
408414;59745;0,111111111111111111111
408414;59841;0,037037037037037037037
408414;366089;0,074074074074074074074
408414;1173768;0,185185185185185185185
432293;337;0,666666666666666666666
432293;805;0,333333333333333333333
468947;6442;1,000000000000000000000
474028;263;0,111111111111111111111
474028;360;0,111111111111111111111
474028;829;0,111111111111111111111
474028;839;0,111111111111111111111
474028;860;0,111111111111111111111
474028;2972;0,111111111111111111111
474028;3235;0,111111111111111111111
474028;4512;0,111111111111111111111
474028;26479;0,111111111111111111111
511019;1117;0,333333333333333333333
511019;5647;0,666666666666666666666
533247;846;0,500000000000000000000
533247;2146;0,500000000000000000000
542220;3508;1,000000000000000000000
547708;8109;1,000000000000000000000
584314;1938;0,500000000000000000000
584314;3587;0,500000000000000000000
623129;425;0,333333333333333333333
623129;845;0,333333333333333333333
623129;27198;0,333333333333333333333
629364;6219;1,000000000000000000000
642255;531;0,100000000000000000000
642255;754;0,100000000000000000000
642255;819;0,100000000000000000000
642255;876;0,200000000000000000000
642255;933;0,100000000000000000000
642255;1025;0,300000000000000000000
642255;665791;0,100000000000000000000
653504;374246;1,000000000000000000000
665791;668;0,500000000000000000000
665791;876;0,500000000000000000000
693032;3619;1,000000000000000000000
704910;1117;0,333333333333333333333
704910;2972;0,666666666666666666666
714174;5909;1,000000000000000000000
727998;546;1,000000000000000000000
728154;1142637;1,000000000000000000000
743909;25274;1,000000000000000000000
813240;249;0,142857142857142857142
813240;1898;0,142857142857142857142
813240;4313;0,142857142857142857142
813240;12391;0,285714285714285714285
813240;163510;0,142857142857142857142
813240;329272;0,142857142857142857142
851827;395;0,333333333333333333333
851827;3318;0,333333333333333333333
851827;3475;0,333333333333333333333
883847;2512;1,000000000000000000000
891311;479;1,000000000000000000000
906176;3523;0,250000000000000000000
906176;4512;0,250000000000000000000
906176;940328;0,500000000000000000000
908617;458;1,000000000000000000000
931417;437;0,153846153846153846153
931417;1064;0,153846153846153846153
931417;1167;0,076923076923076923076
931417;1562;0,076923076923076923076
931417;1563;0,076923076923076923076
931417;1608;0,076923076923076923076
931417;1700;0,076923076923076923076
931417;1883;0,076923076923076923076
931417;1906;0,076923076923076923076
931417;2470;0,076923076923076923076
931417;21750;0,076923076923076923076
940328;5622;0,333333333333333333333
940328;131383;0,333333333333333333333
940328;906176;0,333333333333333333333
985164;4070;1,000000000000000000000
1013544;7399;1,000000000000000000000
1031711;3664;0,500000000000000000000
1031711;1080816;0,500000000000000000000
1036379;837;0,166666666666666666666
1036379;1940;0,833333333333333333333
1048032;796;0,333333333333333333333
1048032;2164;0,666666666666666666666
1048958;3099;0,333333333333333333333
1048958;3394;0,333333333333333333333
1048958;1080816;0,333333333333333333333
1056888;1597;1,000000000000000000000
1063091;934;0,500000000000000000000
1063091;136664;0,500000000000000000000
1080816;194;0,200000000000000000000
1080816;2364;0,200000000000000000000
1080816;2500;0,200000000000000000000
1080816;4640;0,200000000000000000000
1080816;1048958;0,200000000000000000000
1080900;2364;1,000000000000000000000
1082399;96;0,500000000000000000000
1082399;17918;0,500000000000000000000
1086504;54;0,666666666666666666666
1086504;1344;0,333333333333333333333
1096171;8000;1,000000000000000000000
1104773;2851;1,000000000000000000000
1107307;3551;1,000000000000000000000
1107578;122;0,166666666666666666666
1107578;4821;0,166666666666666666666
1107578;27416;0,500000000000000000000
1107578;27426;0,166666666666666666666
1110539;837;0,666666666666666666666
1110539;6604;0,166666666666666666666
1110539;256804;0,166666666666666666666
1128679;349041;0,500000000000000000000
1128679;747808;0,250000000000000000000
1128679;1110539;0,250000000000000000000
1130242;1988;1,000000000000000000000
1140570;2591;0,500000000000000000000
1140570;13692;0,500000000000000000000
1142431;23;0,166666666666666666666
1142431;275;0,833333333333333333333
1142847;2555;0,500000000000000000000
1142847;282900;0,500000000000000000000
1152828;1692;1,000000000000000000000
1173768;43;0,035714285714285714285
1173768;138;0,035714285714285714285
1173768;642;0,035714285714285714285
1173768;983;0,035714285714285714285
1173768;1169;0,178571428571428571428
1173768;1596;0,035714285714285714285
1173768;1731;0,035714285714285714285
1173768;6006;0,107142857142857142857
1173768;59745;0,178571428571428571428
1173768;366089;0,107142857142857142857
1173768;408414;0,214285714285714285714
1174131;4424;1,000000000000000000000
