39;955;0,333333333333333333333
39;956;0,333333333333333333333
39;1589;0,333333333333333333333
54;1116;0,500000000000000000000
54;2021;0,500000000000000000000
57;2487;1,000000000000000000000
65;475;0,083333333333333333333
65;4274;0,083333333333333333333
65;5440;0,083333333333333333333
65;5643;0,250000000000000000000
65;8460;0,083333333333333333333
65;9395;0,166666666666666666666
65;333184;0,250000000000000000000
71;529;0,200000000000000000000
71;1169;0,200000000000000000000
71;3158;0,200000000000000000000
71;366089;0,400000000000000000000
72;360;0,166666666666666666666
72;839;0,166666666666666666666
72;2972;0,166666666666666666666
72;3235;0,166666666666666666666
72;26479;0,166666666666666666666
72;474028;0,166666666666666666666
74;689;0,400000000000000000000
74;3096;0,200000000000000000000
74;17634;0,400000000000000000000
96;122;0,083333333333333333333
96;249;0,083333333333333333333
96;250;0,083333333333333333333
96;1988;0,083333333333333333333
96;2145;0,250000000000000000000
96;3158;0,166666666666666666666
96;3219;0,083333333333333333333
96;245879;0,083333333333333333333
96;398787;0,083333333333333333333
115;490;0,100000000000000000000
115;1949;0,100000000000000000000
115;3481;0,050000000000000000000
115;6468;0,200000000000000000000
115;8818;0,100000000000000000000
115;335189;0,100000000000000000000
115;343358;0,150000000000000000000
115;383630;0,200000000000000000000
127;3158;0,166666666666666666666
127;3748;0,833333333333333333333
132;658;1,000000000000000000000
135;183;0,105263157894736842105
135;980;0,157894736842105263157
135;1278;0,105263157894736842105
135;1931;0,105263157894736842105
135;2111;0,105263157894736842105
135;2484;0,157894736842105263157
135;2684;0,105263157894736842105
135;3557;0,052631578947368421052
135;5679;0,105263157894736842105
163;172;0,250000000000000000000
163;4424;0,750000000000000000000
172;1717;0,142857142857142857142
172;1991;0,571428571428571428571
172;3675;0,142857142857142857142
172;4424;0,142857142857142857142
194;71;0,071428571428571428571
194;100;0,071428571428571428571
194;524;0,071428571428571428571
194;628;0,071428571428571428571
194;700;0,071428571428571428571
194;1754;0,500000000000000000000
194;1939;0,071428571428571428571
194;349041;0,071428571428571428571
213;747;0,800000000000000000000
213;71411;0,200000000000000000000
220;1694;1,000000000000000000000
241;251;0,125000000000000000000
241;1141;0,125000000000000000000
241;1142;0,125000000000000000000
241;3701;0,125000000000000000000
241;4187;0,250000000000000000000
241;5223;0,125000000000000000000
241;10595;0,125000000000000000000
242;2736;0,500000000000000000000
242;2830;0,500000000000000000000
247;283;0,500000000000000000000
247;1779;0,500000000000000000000
249;96;0,500000000000000000000
249;3753;0,500000000000000000000
250;96;1,000000000000000000000
263;131;0,500000000000000000000
263;420;0,500000000000000000000
266;521;0,500000000000000000000
266;2383;0,500000000000000000000
269;2009;1,000000000000000000000
283;1342;0,333333333333333333333
283;2741;0,333333333333333333333
283;2834;0,333333333333333333333
284;3383;0,666666666666666666666
284;8095;0,333333333333333333333
287;14;0,333333333333333333333
287;275;0,333333333333333333333
287;2073;0,333333333333333333333
302;28;1,000000000000000000000
307;5831;1,000000000000000000000
309;1948;1,000000000000000000000
317;318;1,000000000000000000000
320;2792;0,500000000000000000000
320;4244;0,500000000000000000000
352;318;1,000000000000000000000
354;352;1,000000000000000000000
382;502;1,000000000000000000000
392;2140;1,000000000000000000000
393;3049;1,000000000000000000000
395;418;1,000000000000000000000
405;2569;1,000000000000000000000
410;418;1,000000000000000000000
411;689;0,052631578947368421052
411;1069;0,052631578947368421052
411;1137;0,052631578947368421052
411;1397;0,052631578947368421052
411;1447;0,052631578947368421052
411;1728;0,052631578947368421052
411;1729;0,315789473684210526315
411;1762;0,052631578947368421052
411;2961;0,052631578947368421052
411;3214;0,052631578947368421052
411;5168;0,052631578947368421052
411;12563;0,052631578947368421052
411;15682;0,052631578947368421052
411;28338;0,052631578947368421052
417;4627;1,000000000000000000000
418;395;0,500000000000000000000
418;3135;0,500000000000000000000
420;39;0,041666666666666666666
420;42;0,083333333333333333333
420;131;0,041666666666666666666
420;240;0,083333333333333333333
420;982;0,041666666666666666666
420;1263;0,083333333333333333333
420;1942;0,041666666666666666666
420;2090;0,125000000000000000000
420;3235;0,041666666666666666666
420;4881;0,083333333333333333333
420;5470;0,083333333333333333333
420;6960;0,125000000000000000000
420;398787;0,041666666666666666666
420;494193;0,083333333333333333333
427;2445;1,000000000000000000000
428;567;0,500000000000000000000
428;738;0,500000000000000000000
443;7605;1,000000000000000000000
453;839;0,333333333333333333333
453;2578;0,166666666666666666666
453;4299;0,166666666666666666666
453;4677;0,166666666666666666666
453;8774;0,166666666666666666666
466;9442;1,000000000000000000000
472;1988;1,000000000000000000000
484;2598;1,000000000000000000000
492;174;0,500000000000000000000
492;1321;0,500000000000000000000
496;5564;1,000000000000000000000
498;2440;0,250000000000000000000
498;5679;0,500000000000000000000
498;6554;0,250000000000000000000
502;219;0,055555555555555555555
502;382;0,055555555555555555555
502;398;0,055555555555555555555
502;1131;0,277777777777777777777
502;1248;0,055555555555555555555
502;3443;0,222222222222222222222
502;3515;0,166666666666666666666
502;3625;0,055555555555555555555
502;321395;0,055555555555555555555
504;12356;1,000000000000000000000
512;622;0,500000000000000000000
512;219255;0,500000000000000000000
519;2494;0,500000000000000000000
519;17266;0,500000000000000000000
521;3800;1,000000000000000000000
529;3523;1,000000000000000000000
545;2372;0,500000000000000000000
545;6694;0,500000000000000000000
546;727998;1,000000000000000000000
547;3158;1,000000000000000000000
550;1319;1,000000000000000000000
551;5790;1,000000000000000000000
567;3877;1,000000000000000000000
612;389498;1,000000000000000000000
613;750;0,125000000000000000000
613;4307;0,125000000000000000000
613;8440;0,125000000000000000000
613;8464;0,125000000000000000000
613;276963;0,125000000000000000000
613;343424;0,125000000000000000000
613;353446;0,125000000000000000000
613;382779;0,125000000000000000000
620;2434;1,000000000000000000000
621;2434;0,500000000000000000000
621;7328;0,500000000000000000000
625;122;0,500000000000000000000
625;2302;0,125000000000000000000
625;3246;0,250000000000000000000
625;6203;0,125000000000000000000
626;122;0,500000000000000000000
626;625;0,250000000000000000000
626;1154;0,250000000000000000000
628;1754;0,250000000000000000000
628;1925;0,250000000000000000000
628;1940;0,500000000000000000000
641;995;1,000000000000000000000
668;13482;1,000000000000000000000
671;1894;1,000000000000000000000
678;23646;1,000000000000000000000
683;979;0,500000000000000000000
683;995;0,500000000000000000000
689;74;1,000000000000000000000
695;1169;1,000000000000000000000
731;15471;1,000000000000000000000
747;213;0,307692307692307692307
747;748;0,153846153846153846153
747;28517;0,153846153846153846153
747;81648;0,076923076923076923076
747;99942;0,076923076923076923076
747;325599;0,153846153846153846153
747;403195;0,076923076923076923076
748;747;0,666666666666666666666
748;75827;0,333333333333333333333
749;1160;0,200000000000000000000
749;2054;0,400000000000000000000
749;4219;0,400000000000000000000
758;3289;0,500000000000000000000
758;3738;0,500000000000000000000
761;21268;1,000000000000000000000
766;5564;1,000000000000000000000
778;7095;0,250000000000000000000
778;119973;0,750000000000000000000
802;3992;1,000000000000000000000
805;3158;1,000000000000000000000
819;1116;0,500000000000000000000
819;1745;0,500000000000000000000
822;3675;0,750000000000000000000
822;4475;0,250000000000000000000
829;3395;1,000000000000000000000
844;2015;1,000000000000000000000
845;1263;1,000000000000000000000
846;194;0,111111111111111111111
846;277;0,222222222222222222222
846;845;0,222222222222222222222
846;1065;0,111111111111111111111
846;1939;0,111111111111111111111
846;2435;0,111111111111111111111
846;2834;0,111111111111111111111
854;16659;1,000000000000000000000
861;1827;0,333333333333333333333
861;3045;0,666666666666666666666
882;5029;1,000000000000000000000
887;1044;1,000000000000000000000
911;3414;0,666666666666666666666
911;4262;0,333333333333333333333
925;5617;1,000000000000000000000
945;6;0,012987012987012987012
945;375;0,012987012987012987012
945;391;0,012987012987012987012
945;393;0,012987012987012987012
945;394;0,012987012987012987012
945;396;0,012987012987012987012
945;399;0,012987012987012987012
945;400;0,012987012987012987012
945;404;0,012987012987012987012
945;405;0,012987012987012987012
945;406;0,012987012987012987012
945;407;0,012987012987012987012
945;408;0,012987012987012987012
945;409;0,012987012987012987012
945;410;0,012987012987012987012
945;411;0,012987012987012987012
945;412;0,012987012987012987012
945;413;0,012987012987012987012
945;416;0,012987012987012987012
945;417;0,012987012987012987012
945;418;0,012987012987012987012
945;419;0,012987012987012987012
945;502;0,012987012987012987012
945;519;0,012987012987012987012
945;1135;0,012987012987012987012
945;1140;0,025974025974025974025
945;1221;0,012987012987012987012
945;1222;0,012987012987012987012
945;1340;0,012987012987012987012
945;1510;0,012987012987012987012
945;1696;0,012987012987012987012
945;1727;0,012987012987012987012
945;1762;0,012987012987012987012
945;1862;0,012987012987012987012
945;1894;0,012987012987012987012
945;2004;0,012987012987012987012
945;2137;0,012987012987012987012
945;2140;0,012987012987012987012
945;2467;0,012987012987012987012
945;2494;0,012987012987012987012
945;2569;0,012987012987012987012
945;2694;0,012987012987012987012
945;2961;0,012987012987012987012
945;3095;0,012987012987012987012
945;3176;0,012987012987012987012
945;3449;0,012987012987012987012
945;3465;0,012987012987012987012
945;3513;0,012987012987012987012
945;5175;0,012987012987012987012
945;5338;0,012987012987012987012
945;5591;0,012987012987012987012
945;5679;0,025974025974025974025
945;6447;0,012987012987012987012
945;7072;0,012987012987012987012
945;7095;0,012987012987012987012
945;7585;0,012987012987012987012
945;8223;0,012987012987012987012
945;9309;0,012987012987012987012
945;10341;0,012987012987012987012
945;11138;0,012987012987012987012
945;11235;0,012987012987012987012
945;12660;0,012987012987012987012
945;12670;0,012987012987012987012
945;13552;0,012987012987012987012
945;17265;0,012987012987012987012
945;17267;0,012987012987012987012
945;17279;0,012987012987012987012
945;23562;0,012987012987012987012
945;27866;0,012987012987012987012
945;28360;0,012987012987012987012
945;28402;0,012987012987012987012
945;28416;0,012987012987012987012
945;28476;0,012987012987012987012
945;41776;0,012987012987012987012
945;184987;0,012987012987012987012
955;1751;1,000000000000000000000
970;7650;0,500000000000000000000
970;533247;0,500000000000000000000
977;3781;1,000000000000000000000
979;683;0,500000000000000000000
979;11263;0,500000000000000000000
980;135;1,000000000000000000000
982;420;1,000000000000000000000
995;39;0,142857142857142857142
995;641;0,142857142857142857142
995;1963;0,142857142857142857142
995;3557;0,428571428571428571428
995;7259;0,142857142857142857142
997;1243;0,333333333333333333333
997;3940;0,333333333333333333333
997;28535;0,333333333333333333333
1010;1018;0,100000000000000000000
1010;2001;0,700000000000000000000
1010;3809;0,200000000000000000000
1014;1321;0,333333333333333333333
1014;1700;0,333333333333333333333
1014;6072;0,333333333333333333333
1041;41;0,111111111111111111111
1041;845;0,111111111111111111111
1041;982;0,333333333333333333333
1041;1042;0,222222222222222222222
1041;1261;0,111111111111111111111
1041;767166;0,111111111111111111111
1042;982;1,000000000000000000000
1046;1751;0,500000000000000000000
1046;408414;0,500000000000000000000
1048;3045;1,000000000000000000000
1094;1164;0,200000000000000000000
1094;4472;0,200000000000000000000
1094;25264;0,400000000000000000000
1094;38738;0,200000000000000000000
1109;2050;1,000000000000000000000
1118;276;0,333333333333333333333
1118;5679;0,666666666666666666666
1123;9615;0,500000000000000000000
1123;44336;0,500000000000000000000
1131;502;0,666666666666666666666
1131;321395;0,333333333333333333333
1143;644;0,333333333333333333333
1143;645;0,333333333333333333333
1143;6505;0,333333333333333333333
1149;2112;1,000000000000000000000
1154;283633;1,000000000000000000000
1157;283;1,000000000000000000000
1160;3158;0,166666666666666666666
1160;3656;0,166666666666666666666
1160;6151;0,166666666666666666666
1160;41565;0,166666666666666666666
1160;283638;0,166666666666666666666
1160;353698;0,166666666666666666666
1169;71;0,057471264367816091954
1169;100;0,057471264367816091954
1169;138;0,057471264367816091954
1169;276;0,057471264367816091954
1169;695;0,057471264367816091954
1169;1939;0,011494252873563218390
1169;1942;0,057471264367816091954
1169;1943;0,057471264367816091954
1169;1944;0,057471264367816091954
1169;1945;0,057471264367816091954
1169;1946;0,057471264367816091954
1169;3523;0,057471264367816091954
1169;4512;0,057471264367816091954
1169;13537;0,057471264367816091954
1169;41776;0,057471264367816091954
1169;59745;0,068965517241379310344
1169;98841;0,057471264367816091954
1169;131383;0,057471264367816091954
1178;24769;1,000000000000000000000
1198;14652;1,000000000000000000000
1206;1574;1,000000000000000000000
1210;198;1,000000000000000000000
1227;9722;1,000000000000000000000
1234;39;0,333333333333333333333
1234;964;0,333333333333333333333
1234;3325;0,333333333333333333333
1235;1234;1,000000000000000000000
1236;1234;0,166666666666666666666
1236;2204;0,333333333333333333333
1236;3188;0,500000000000000000000
1261;1262;1,000000000000000000000
1282;8580;1,000000000000000000000
1286;242;0,200000000000000000000
1286;452;0,200000000000000000000
1286;2434;0,200000000000000000000
1286;2586;0,200000000000000000000
1286;3414;0,200000000000000000000
1307;2117;0,500000000000000000000
1307;3235;0,500000000000000000000
1319;4244;0,200000000000000000000
1319;12706;0,800000000000000000000
1321;492;0,500000000000000000000
1321;1565;0,250000000000000000000
1321;2826;0,250000000000000000000
1340;54;0,125000000000000000000
1340;351;0,375000000000000000000
1340;1064;0,125000000000000000000
1340;3098;0,125000000000000000000
1340;4278;0,250000000000000000000
1348;28970;1,000000000000000000000
1370;693032;1,000000000000000000000
1397;475;1,000000000000000000000
1419;7586;1,000000000000000000000
1432;27674;1,000000000000000000000
1437;623129;1,000000000000000000000
1439;3420;0,066666666666666666666
1439;5679;0,400000000000000000000
1439;9356;0,266666666666666666666
1439;28826;0,266666666666666666666
1462;54;0,025000000000000000000
1462;109;0,025000000000000000000
1462;322;0,025000000000000000000
1462;550;0,025000000000000000000
1462;596;0,025000000000000000000
1462;658;0,025000000000000000000
1462;914;0,025000000000000000000
1462;1463;0,025000000000000000000
1462;1487;0,025000000000000000000
1462;1663;0,025000000000000000000
1462;1664;0,025000000000000000000
1462;1721;0,025000000000000000000
1462;1867;0,025000000000000000000
1462;2007;0,025000000000000000000
1462;2184;0,025000000000000000000
1462;2206;0,025000000000000000000
1462;2310;0,025000000000000000000
1462;3135;0,025000000000000000000
1462;3372;0,025000000000000000000
1462;3433;0,025000000000000000000
1462;3694;0,025000000000000000000
1462;4172;0,025000000000000000000
1462;4744;0,025000000000000000000
1462;4940;0,025000000000000000000
1462;5657;0,025000000000000000000
1462;5789;0,025000000000000000000
1462;5790;0,025000000000000000000
1462;6567;0,025000000000000000000
1462;7694;0,025000000000000000000
1462;7983;0,025000000000000000000
1462;9138;0,025000000000000000000
1462;12706;0,025000000000000000000
1462;14733;0,025000000000000000000
1462;15895;0,025000000000000000000
1462;20853;0,025000000000000000000
1462;28411;0,025000000000000000000
1462;28445;0,025000000000000000000
1462;28597;0,025000000000000000000
1462;28600;0,025000000000000000000
1462;28607;0,025000000000000000000
1497;689;1,000000000000000000000
1499;3459;1,000000000000000000000
1500;1096;1,000000000000000000000
1513;2398;1,000000000000000000000
1533;5006;1,000000000000000000000
1544;859;1,000000000000000000000
1554;1364;0,032258064516129032258
1554;1422;0,032258064516129032258
1554;1845;0,032258064516129032258
1554;2005;0,064516129032258064516
1554;2374;0,064516129032258064516
1554;2551;0,064516129032258064516
1554;3029;0,064516129032258064516
1554;3800;0,032258064516129032258
1554;4621;0,064516129032258064516
1554;5093;0,032258064516129032258
1554;5469;0,032258064516129032258
1554;5530;0,032258064516129032258
1554;5854;0,032258064516129032258
1554;6267;0,032258064516129032258
1554;6930;0,032258064516129032258
1554;7564;0,064516129032258064516
1554;7941;0,064516129032258064516
1554;9026;0,064516129032258064516
1554;9940;0,064516129032258064516
1554;12395;0,032258064516129032258
1554;25849;0,064516129032258064516
1556;5681;1,000000000000000000000
1567;1887;1,000000000000000000000
1570;3045;1,000000000000000000000
1632;771844;1,000000000000000000000
1644;407;1,000000000000000000000
1663;1254;1,000000000000000000000
1667;3328;0,500000000000000000000
1667;5564;0,500000000000000000000
1694;220;0,166666666666666666666
1694;1629;0,166666666666666666666
1694;1763;0,166666666666666666666
1694;2196;0,333333333333333333333
1694;3971;0,166666666666666666666
1695;283638;1,000000000000000000000
1700;433;0,500000000000000000000
1700;1014;0,500000000000000000000
1707;870;0,103448275862068965517
1707;1402;0,137931034482758620689
1707;1705;0,103448275862068965517
1707;1763;0,034482758620689655172
1707;1769;0,137931034482758620689
1707;2195;0,034482758620689655172
1707;3564;0,137931034482758620689
1707;8071;0,137931034482758620689
1707;8491;0,034482758620689655172
1707;156500;0,137931034482758620689
1717;163;0,250000000000000000000
1717;172;0,250000000000000000000
1717;772;0,250000000000000000000
1717;4772;0,250000000000000000000
1729;411;0,666666666666666666666
1729;1137;0,333333333333333333333
1749;937;0,666666666666666666666
1749;1613;0,333333333333333333333
1751;955;0,666666666666666666666
1751;1046;0,333333333333333333333
1771;2275;0,500000000000000000000
1771;27810;0,500000000000000000000
1778;4225;1,000000000000000000000
1779;247;1,000000000000000000000
1785;10338;1,000000000000000000000
1799;5776;1,000000000000000000000
1824;9114;1,000000000000000000000
1855;2474;1,000000000000000000000
1862;5591;1,000000000000000000000
1864;475;1,000000000000000000000
1866;2027;0,333333333333333333333
1866;2492;0,333333333333333333333
1866;18251;0,333333333333333333333
1887;934;0,500000000000000000000
1887;1567;0,500000000000000000000
1894;671;0,500000000000000000000
1894;3362;0,250000000000000000000
1894;119973;0,250000000000000000000
1897;3548;1,000000000000000000000
1940;71;1,000000000000000000000
1942;135;0,200000000000000000000
1942;420;0,200000000000000000000
1942;5679;0,400000000000000000000
1942;7866;0,200000000000000000000
1946;2277;1,000000000000000000000
1948;309;0,500000000000000000000
1948;9968;0,500000000000000000000
1949;115;0,111111111111111111111
1949;988;0,222222222222222222222
1949;1340;0,111111111111111111111
1949;3802;0,333333333333333333333
1949;4933;0,111111111111111111111
1949;5856;0,111111111111111111111
1951;131;0,012658227848101265822
1951;246;0,012658227848101265822
1951;271;0,012658227848101265822
1951;288;0,012658227848101265822
1951;290;0,012658227848101265822
1951;294;0,012658227848101265822
1951;317;0,012658227848101265822
1951;545;0,012658227848101265822
1951;1030;0,012658227848101265822
1951;1197;0,012658227848101265822
1951;1288;0,012658227848101265822
1951;1497;0,012658227848101265822
1951;1696;0,012658227848101265822
1951;1824;0,012658227848101265822
1951;1901;0,012658227848101265822
1951;2322;0,012658227848101265822
1951;2323;0,012658227848101265822
1951;2337;0,012658227848101265822
1951;2343;0,012658227848101265822
1951;2371;0,012658227848101265822
1951;2372;0,012658227848101265822
1951;2438;0,012658227848101265822
1951;2678;0,012658227848101265822
1951;2679;0,012658227848101265822
1951;3071;0,012658227848101265822
1951;3304;0,012658227848101265822
1951;3360;0,012658227848101265822
1951;3618;0,012658227848101265822
1951;3731;0,012658227848101265822
1951;3844;0,012658227848101265822
1951;3916;0,012658227848101265822
1951;3978;0,012658227848101265822
1951;4204;0,012658227848101265822
1951;4657;0,012658227848101265822
1951;4728;0,012658227848101265822
1951;4750;0,012658227848101265822
1951;4794;0,012658227848101265822
1951;5506;0,012658227848101265822
1951;5915;0,012658227848101265822
1951;6694;0,012658227848101265822
1951;7859;0,012658227848101265822
1951;7968;0,012658227848101265822
1951;8348;0,012658227848101265822
1951;8635;0,012658227848101265822
1951;9114;0,012658227848101265822
1951;9159;0,012658227848101265822
1951;9376;0,012658227848101265822
1951;9462;0,012658227848101265822
1951;9992;0,012658227848101265822
1951;10085;0,012658227848101265822
1951;10860;0,012658227848101265822
1951;11014;0,012658227848101265822
1951;11458;0,012658227848101265822
1951;12385;0,012658227848101265822
1951;13206;0,012658227848101265822
1951;14652;0,012658227848101265822
1951;15867;0,012658227848101265822
1951;17677;0,012658227848101265822
1951;17773;0,012658227848101265822
1951;17789;0,012658227848101265822
1951;23561;0,012658227848101265822
1951;23562;0,012658227848101265822
1951;23563;0,012658227848101265822
1951;23564;0,012658227848101265822
1951;26101;0,012658227848101265822
1951;27527;0,012658227848101265822
1951;27528;0,012658227848101265822
1951;27531;0,012658227848101265822
1951;27535;0,012658227848101265822
1951;27537;0,012658227848101265822
1951;27539;0,012658227848101265822
1951;76695;0,012658227848101265822
1951;113392;0,012658227848101265822
1951;119483;0,012658227848101265822
1951;135123;0,012658227848101265822
1951;331627;0,012658227848101265822
1951;365535;0,012658227848101265822
1951;365536;0,012658227848101265822
1951;455165;0,012658227848101265822
1988;472;0,041666666666666666666
1988;2515;0,041666666666666666666
1988;4881;0,875000000000000000000
1988;13253;0,041666666666666666666
1991;172;0,500000000000000000000
1991;2239;0,250000000000000000000
1991;4424;0,125000000000000000000
1991;4431;0,125000000000000000000
2005;2264;1,000000000000000000000
2008;8590;1,000000000000000000000
2015;844;0,333333333333333333333
2015;2800;0,666666666666666666666
2021;54;0,454545454545454545454
2021;1754;0,272727272727272727272
2021;2792;0,090909090909090909090
2021;747808;0,181818181818181818181
2023;18247;1,000000000000000000000
2043;11213;1,000000000000000000000
2046;1122;0,333333333333333333333
2046;9391;0,666666666666666666666
2050;1109;1,000000000000000000000
2064;9395;1,000000000000000000000
2087;1814;1,000000000000000000000
2099;2445;0,500000000000000000000
2099;3802;0,500000000000000000000
2105;5037;1,000000000000000000000
2140;401;0,333333333333333333333
2140;407;0,333333333333333333333
2140;3022;0,333333333333333333333
2181;4512;0,500000000000000000000
2181;6472;0,500000000000000000000
2196;1282;0,250000000000000000000
2196;1629;0,250000000000000000000
2196;1694;0,500000000000000000000
2204;1236;1,000000000000000000000
2216;5082;1,000000000000000000000
2239;172;0,142857142857142857142
2239;1991;0,571428571428571428571
2239;2578;0,142857142857142857142
2239;4424;0,142857142857142857142
2269;237;1,000000000000000000000
2271;3085;1,000000000000000000000
2275;1771;0,100000000000000000000
2275;2421;0,200000000000000000000
2275;5092;0,100000000000000000000
2275;8205;0,200000000000000000000
2275;11369;0,100000000000000000000
2275;18641;0,100000000000000000000
2275;27478;0,100000000000000000000
2275;189452;0,100000000000000000000
2310;1254;0,333333333333333333333
2310;1462;0,333333333333333333333
2310;28970;0,333333333333333333333
2318;1228;1,000000000000000000000
2350;37;1,000000000000000000000
2364;5679;0,800000000000000000000
2364;431565;0,200000000000000000000
2372;545;1,000000000000000000000
2374;689;0,500000000000000000000
2374;1554;0,500000000000000000000
2379;3234;1,000000000000000000000
2383;266;1,000000000000000000000
2421;11369;1,000000000000000000000
2422;703;0,500000000000000000000
2422;1220;0,500000000000000000000
2434;620;0,500000000000000000000
2434;621;0,100000000000000000000
2434;13796;0,400000000000000000000
2438;1288;0,142857142857142857142
2438;2337;0,285714285714285714285
2438;3071;0,571428571428571428571
2445;427;0,047619047619047619047
2445;2099;0,190476190476190476190
2445;3802;0,619047619047619047619
2445;440509;0,142857142857142857142
2464;5824;1,000000000000000000000
2470;5896;0,666666666666666666666
2470;21750;0,333333333333333333333
2474;1855;1,000000000000000000000
2484;135;0,333333333333333333333
2484;3551;0,666666666666666666666
2487;2130;1,000000000000000000000
2492;3147;1,000000000000000000000
2504;8143;0,500000000000000000000
2504;13265;0,500000000000000000000
2509;1228;0,500000000000000000000
2509;1319;0,500000000000000000000
2515;1988;0,166666666666666666666
2515;2139;0,166666666666666666666
2515;2523;0,500000000000000000000
2515;28405;0,166666666666666666666
2523;2515;1,000000000000000000000
2569;405;1,000000000000000000000
2639;39;1,000000000000000000000
2678;2679;0,333333333333333333333
2678;3618;0,333333333333333333333
2678;10860;0,333333333333333333333
2679;2678;1,000000000000000000000
2704;9468;1,000000000000000000000
2716;2523;1,000000000000000000000
2800;2015;1,000000000000000000000
2825;127;0,250000000000000000000
2825;2780;0,500000000000000000000
2825;2826;0,250000000000000000000
2830;242;1,000000000000000000000
2832;4493;0,166666666666666666666
2832;5441;0,166666666666666666666
2832;7650;0,166666666666666666666
2832;9398;0,166666666666666666666
2832;28875;0,166666666666666666666
2832;28879;0,166666666666666666666
2834;283;0,500000000000000000000
2834;4777;0,500000000000000000000
2850;4222;1,000000000000000000000
2972;2364;1,000000000000000000000
2990;1591;0,166666666666666666666
2990;3045;0,166666666666666666666
2990;3381;0,166666666666666666666
2990;4376;0,333333333333333333333
2990;10020;0,166666666666666666666
2991;189452;1,000000000000000000000
3022;411;0,333333333333333333333
3022;21112;0,666666666666666666666
3029;3557;1,000000000000000000000
3033;975;1,000000000000000000000
3045;861;0,285714285714285714285
3045;1048;0,142857142857142857142
3045;1448;0,142857142857142857142
3045;1570;0,142857142857142857142
3045;1591;0,142857142857142857142
3045;321112;0,142857142857142857142
3069;1965;1,000000000000000000000
3103;285;1,000000000000000000000
3141;1231;0,200000000000000000000
3141;2736;0,100000000000000000000
3141;3142;0,300000000000000000000
3141;3996;0,100000000000000000000
3141;333343;0,300000000000000000000
3158;71;0,200000000000000000000
3158;96;0,200000000000000000000
3158;547;0,200000000000000000000
3158;3618;0,200000000000000000000
3158;7788;0,200000000000000000000
3169;6929;1,000000000000000000000
3188;1236;0,500000000000000000000
3188;10682;0,500000000000000000000
3189;84925;0,500000000000000000000
3189;651622;0,500000000000000000000
3203;4988;1,000000000000000000000
3209;525;1,000000000000000000000
3235;1307;1,000000000000000000000
3294;3293;1,000000000000000000000
3304;545;1,000000000000000000000
3318;7095;0,500000000000000000000
3318;9288;0,500000000000000000000
3328;1667;1,000000000000000000000
3340;5679;1,000000000000000000000
3348;1162;1,000000000000000000000
3355;524;1,000000000000000000000
3359;1402;0,333333333333333333333
3359;3450;0,666666666666666666666
3381;283;0,500000000000000000000
3381;1591;0,500000000000000000000
3383;251;1,000000000000000000000
3393;122;0,500000000000000000000
3393;2852;0,500000000000000000000
3394;27763;0,500000000000000000000
3394;184646;0,500000000000000000000
3414;911;0,050000000000000000000
3414;1286;0,050000000000000000000
3414;4262;0,900000000000000000000
3417;292;1,000000000000000000000
3418;4697;1,000000000000000000000
3449;1840;0,500000000000000000000
3449;11734;0,500000000000000000000
3450;3359;1,000000000000000000000
3457;1457;1,000000000000000000000
3463;510;1,000000000000000000000
3513;353698;1,000000000000000000000
3515;502;1,000000000000000000000
3551;8267;0,500000000000000000000
3551;8268;0,500000000000000000000
3601;281170;1,000000000000000000000
3618;3158;1,000000000000000000000
3625;502;1,000000000000000000000
3665;5484;1,000000000000000000000
3675;172;0,333333333333333333333
3675;822;0,666666666666666666666
3738;758;1,000000000000000000000
3753;249;1,000000000000000000000
3781;4086;1,000000000000000000000
3800;521;1,000000000000000000000
3802;876;0,062500000000000000000
3802;1035;0,062500000000000000000
3802;1949;0,125000000000000000000
3802;2099;0,062500000000000000000
3802;2445;0,187500000000000000000
3802;2657;0,125000000000000000000
3802;5679;0,125000000000000000000
3802;59745;0,125000000000000000000
3802;440509;0,062500000000000000000
3802;642255;0,062500000000000000000
3809;216;0,285714285714285714285
3809;1010;0,285714285714285714285
3809;4421;0,285714285714285714285
3809;6991;0,142857142857142857142
3811;4307;0,833333333333333333333
3811;4345;0,166666666666666666666
3842;1459;0,200000000000000000000
3842;1963;0,533333333333333333333
3842;5010;0,200000000000000000000
3842;20984;0,066666666666666666666
3857;3158;1,000000000000000000000
3871;9691;1,000000000000000000000
3971;1694;1,000000000000000000000
3985;4427;1,000000000000000000000
3998;621;1,000000000000000000000
4000;4877;1,000000000000000000000
4020;1724;1,000000000000000000000
4080;283;1,000000000000000000000
4099;839;1,000000000000000000000
4100;4522;1,000000000000000000000
4145;119973;1,000000000000000000000
4172;1892;0,500000000000000000000
4172;3471;0,500000000000000000000
4187;241;1,000000000000000000000
4205;4108;1,000000000000000000000
4213;4398;1,000000000000000000000
4225;240;0,166666666666666666666
4225;520;0,166666666666666666666
4225;1778;0,500000000000000000000
4225;2374;0,166666666666666666666
4228;793;0,333333333333333333333
4228;1845;0,666666666666666666666
4262;911;0,166666666666666666666
4262;3414;0,791666666666666666666
4262;9184;0,041666666666666666666
4299;4424;1,000000000000000000000
4307;613;0,166666666666666666666
4307;3811;0,833333333333333333333
4317;5679;1,000000000000000000000
4334;5163;1,000000000000000000000
4345;3811;1,000000000000000000000
4376;861;0,250000000000000000000
4376;1827;0,250000000000000000000
4376;2990;0,500000000000000000000
4398;4213;1,000000000000000000000
4421;18300;1,000000000000000000000
4434;822;0,500000000000000000000
4434;848;0,500000000000000000000
4475;822;0,333333333333333333333
4475;4299;0,222222222222222222222
4475;4435;0,222222222222222222222
4475;4440;0,222222222222222222222
4497;5484;0,666666666666666666666
4497;21268;0,333333333333333333333
4501;440509;1,000000000000000000000
4512;2181;1,000000000000000000000
4552;41;0,500000000000000000000
4552;1261;0,500000000000000000000
4572;8489;1,000000000000000000000
4592;2510;1,000000000000000000000
4613;4299;1,000000000000000000000
4627;417;1,000000000000000000000
4713;1583;1,000000000000000000000
4719;2166;1,000000000000000000000
4751;854;1,000000000000000000000
4821;24460;1,000000000000000000000
4825;2293;1,000000000000000000000
4919;5679;1,000000000000000000000
4933;5061;0,200000000000000000000
4933;367451;0,800000000000000000000
5054;2865;1,000000000000000000000
5061;9468;1,000000000000000000000
5071;1180;0,500000000000000000000
5071;12596;0,500000000000000000000
5077;4988;0,250000000000000000000
5077;12591;0,750000000000000000000
5082;2216;0,500000000000000000000
5082;27173;0,500000000000000000000
5092;2275;1,000000000000000000000
5142;85;1,000000000000000000000
5149;749;0,500000000000000000000
5149;41776;0,500000000000000000000
5158;2272;0,333333333333333333333
5158;2302;0,333333333333333333333
5158;12523;0,333333333333333333333
5177;3436;1,000000000000000000000
5250;2066;1,000000000000000000000
5309;9905;1,000000000000000000000
5329;306;0,333333333333333333333
5329;605;0,166666666666666666666
5329;1307;0,500000000000000000000
5438;4380;1,000000000000000000000
5440;877;0,333333333333333333333
5440;7132;0,666666666666666666666
5469;1109;0,050000000000000000000
5469;1364;0,050000000000000000000
5469;1422;0,050000000000000000000
5469;1554;0,050000000000000000000
5469;2005;0,050000000000000000000
5469;2374;0,050000000000000000000
5469;2551;0,050000000000000000000
5469;3029;0,050000000000000000000
5469;3800;0,050000000000000000000
5469;4621;0,050000000000000000000
5469;5093;0,050000000000000000000
5469;5530;0,050000000000000000000
5469;5854;0,050000000000000000000
5469;6267;0,050000000000000000000
5469;6930;0,050000000000000000000
5469;7564;0,050000000000000000000
5469;7941;0,050000000000000000000
5469;9026;0,050000000000000000000
5469;9940;0,050000000000000000000
5469;25849;0,050000000000000000000
5470;216;1,000000000000000000000
5506;5915;1,000000000000000000000
5530;9184;1,000000000000000000000
5543;4538;1,000000000000000000000
5564;192;0,115384615384615384615
5564;496;0,153846153846153846153
5564;1667;0,038461538461538461538
5564;2037;0,038461538461538461538
5564;2046;0,038461538461538461538
5564;2271;0,038461538461538461538
5564;2272;0,038461538461538461538
5564;2359;0,038461538461538461538
5564;3296;0,038461538461538461538
5564;3591;0,038461538461538461538
5564;4364;0,038461538461538461538
5564;4561;0,038461538461538461538
5564;5214;0,038461538461538461538
5564;5219;0,038461538461538461538
5564;6320;0,038461538461538461538
5564;7762;0,038461538461538461538
5564;9387;0,038461538461538461538
5564;9413;0,038461538461538461538
5564;9432;0,038461538461538461538
5564;10946;0,038461538461538461538
5564;13372;0,038461538461538461538
5603;266;1,000000000000000000000
5610;1913;0,250000000000000000000
5610;59745;0,500000000000000000000
5610;113365;0,250000000000000000000
5613;2851;1,000000000000000000000
5617;5679;1,000000000000000000000
5623;3650;1,000000000000000000000
5635;2484;0,500000000000000000000
5635;5470;0,500000000000000000000
5637;12820;1,000000000000000000000
5640;517;1,000000000000000000000
5681;1556;1,000000000000000000000
5784;1239;1,000000000000000000000
5790;12706;1,000000000000000000000
5831;307;0,500000000000000000000
5831;4625;0,500000000000000000000
5856;12798;1,000000000000000000000
5896;2470;1,000000000000000000000
5915;1951;0,333333333333333333333
5915;5506;0,666666666666666666666
6000;2140;1,000000000000000000000
6027;16786;0,750000000000000000000
6027;237945;0,250000000000000000000
6213;2385;0,333333333333333333333
6213;151929;0,666666666666666666666
6316;2385;0,071428571428571428571
6316;2644;0,071428571428571428571
6316;3269;0,071428571428571428571
6316;3704;0,071428571428571428571
6316;3798;0,071428571428571428571
6316;3998;0,071428571428571428571
6316;4525;0,071428571428571428571
6316;5441;0,071428571428571428571
6316;5519;0,071428571428571428571
6316;8500;0,071428571428571428571
6316;9217;0,071428571428571428571
6316;9382;0,071428571428571428571
6316;9401;0,071428571428571428571
6316;9422;0,071428571428571428571
6349;3877;1,000000000000000000000
6430;40;0,500000000000000000000
6430;642;0,500000000000000000000
6433;3842;1,000000000000000000000
6543;222;1,000000000000000000000
6548;7759;1,000000000000000000000
6554;27848;1,000000000000000000000
6634;1064;1,000000000000000000000
6694;545;1,000000000000000000000
6907;743909;1,000000000000000000000
6929;3169;1,000000000000000000000
7049;267;0,052631578947368421052
7049;861;0,052631578947368421052
7049;1448;0,052631578947368421052
7049;1570;0,052631578947368421052
7049;1583;0,263157894736842105263
7049;1591;0,052631578947368421052
7049;2379;0,052631578947368421052
7049;3045;0,052631578947368421052
7049;3234;0,052631578947368421052
7049;3381;0,052631578947368421052
7049;4376;0,052631578947368421052
7049;8095;0,052631578947368421052
7049;8630;0,052631578947368421052
7049;10020;0,052631578947368421052
7049;12907;0,052631578947368421052
7080;157662;1,000000000000000000000
7131;5543;0,500000000000000000000
7131;9905;0,500000000000000000000
7135;4988;1,000000000000000000000
7160;2661;0,500000000000000000000
7160;3873;0,500000000000000000000
7209;28970;1,000000000000000000000
7328;621;1,000000000000000000000
7341;399;0,333333333333333333333
7341;411;0,333333333333333333333
7341;419;0,333333333333333333333
7399;7748;1,000000000000000000000
7418;28970;1,000000000000000000000
7543;551;0,029850746268656716417
7543;600;0,059701492537313432835
7543;859;0,014925373134328358208
7543;1344;0,029850746268656716417
7543;1454;0,014925373134328358208
7543;1898;0,029850746268656716417
7543;2435;0,014925373134328358208
7543;2743;0,029850746268656716417
7543;2786;0,029850746268656716417
7543;3420;0,029850746268656716417
7543;3683;0,014925373134328358208
7543;3685;0,029850746268656716417
7543;4587;0,029850746268656716417
7543;5136;0,029850746268656716417
7543;7717;0,029850746268656716417
7543;7975;0,029850746268656716417
7543;8212;0,014925373134328358208
7543;12959;0,029850746268656716417
7543;15737;0,029850746268656716417
7543;23759;0,044776119402985074626
7543;27613;0,029850746268656716417
7543;152027;0,373134328358208955223
7543;329272;0,029850746268656716417
7564;1364;0,052631578947368421052
7564;1422;0,052631578947368421052
7564;1554;0,052631578947368421052
7564;2005;0,052631578947368421052
7564;2374;0,052631578947368421052
7564;2551;0,052631578947368421052
7564;3029;0,052631578947368421052
7564;3800;0,052631578947368421052
7564;4621;0,052631578947368421052
7564;5093;0,052631578947368421052
7564;5469;0,052631578947368421052
7564;5530;0,052631578947368421052
7564;5854;0,052631578947368421052
7564;6267;0,052631578947368421052
7564;6930;0,052631578947368421052
7564;7941;0,052631578947368421052
7564;9026;0,052631578947368421052
7564;9940;0,052631578947368421052
7564;25849;0,052631578947368421052
7578;4497;1,000000000000000000000
7605;15643;1,000000000000000000000
7626;248840;1,000000000000000000000
7741;1514;1,000000000000000000000
7759;13265;0,250000000000000000000
7759;284854;0,250000000000000000000
7759;308238;0,500000000000000000000
7793;2054;1,000000000000000000000
8017;5168;1,000000000000000000000
8062;37812;1,000000000000000000000
8143;2504;1,000000000000000000000
8205;2275;1,000000000000000000000
8440;1182;0,857142857142857142857
8440;4237;0,142857142857142857142
8447;418454;1,000000000000000000000
8465;240;0,019230769230769230769
8465;362;0,019230769230769230769
8465;475;0,019230769230769230769
8465;479;0,019230769230769230769
8465;520;0,019230769230769230769
8465;525;0,019230769230769230769
8465;706;0,019230769230769230769
8465;793;0,019230769230769230769
8465;852;0,019230769230769230769
8465;1107;0,019230769230769230769
8465;1171;0,019230769230769230769
8465;1313;0,019230769230769230769
8465;1314;0,019230769230769230769
8465;1315;0,019230769230769230769
8465;1748;0,019230769230769230769
8465;1938;0,019230769230769230769
8465;2306;0,019230769230769230769
8465;2490;0,019230769230769230769
8465;2491;0,019230769230769230769
8465;2815;0,019230769230769230769
8465;3038;0,019230769230769230769
8465;3374;0,019230769230769230769
8465;3590;0,019230769230769230769
8465;4219;0,019230769230769230769
8465;4242;0,019230769230769230769
8465;4497;0,019230769230769230769
8465;4706;0,019230769230769230769
8465;4835;0,019230769230769230769
8465;4991;0,019230769230769230769
8465;4995;0,019230769230769230769
8465;4998;0,019230769230769230769
8465;4999;0,019230769230769230769
8465;5001;0,019230769230769230769
8465;5002;0,019230769230769230769
8465;5003;0,019230769230769230769
8465;5005;0,019230769230769230769
8465;5011;0,019230769230769230769
8465;5013;0,019230769230769230769
8465;5015;0,019230769230769230769
8465;5019;0,019230769230769230769
8465;5666;0,019230769230769230769
8465;5935;0,019230769230769230769
8465;8438;0,019230769230769230769
8465;8442;0,019230769230769230769
8465;8458;0,019230769230769230769
8465;8460;0,019230769230769230769
8465;8462;0,019230769230769230769
8465;8470;0,019230769230769230769
8465;8473;0,019230769230769230769
8465;8476;0,019230769230769230769
8465;21271;0,019230769230769230769
8465;310049;0,019230769230769230769
8580;475;0,333333333333333333333
8580;1282;0,666666666666666666666
8850;2;0,500000000000000000000
8850;2421;0,500000000000000000000
8869;16815;1,000000000000000000000
8870;9941;0,200000000000000000000
8870;45837;0,200000000000000000000
8870;325286;0,200000000000000000000
8870;330168;0,200000000000000000000
8870;507584;0,200000000000000000000
8910;2834;1,000000000000000000000
8928;4283;1,000000000000000000000
8933;127;0,500000000000000000000
8933;3748;0,500000000000000000000
9114;1824;1,000000000000000000000
9184;4262;0,666666666666666666666
9184;5530;0,333333333333333333333
9208;284854;1,000000000000000000000
9288;7095;1,000000000000000000000
9309;9982;1,000000000000000000000
9350;260;0,200000000000000000000
9350;1145;0,200000000000000000000
9350;13584;0,200000000000000000000
9350;26479;0,200000000000000000000
9350;28894;0,200000000000000000000
9382;151009;1,000000000000000000000
9391;2046;1,000000000000000000000
9483;928;1,000000000000000000000
9615;1123;1,000000000000000000000
9668;37812;1,000000000000000000000
9674;25230;1,000000000000000000000
9681;28598;1,000000000000000000000
9686;822;0,200000000000000000000
9686;1854;0,200000000000000000000
9686;2214;0,200000000000000000000
9686;4372;0,200000000000000000000
9686;245879;0,200000000000000000000
9691;3871;1,000000000000000000000
9722;1227;0,400000000000000000000
9722;3877;0,200000000000000000000
9722;9729;0,400000000000000000000
9729;9722;1,000000000000000000000
9730;1996;1,000000000000000000000
9940;1364;0,052631578947368421052
9940;1422;0,052631578947368421052
9940;1554;0,052631578947368421052
9940;2005;0,052631578947368421052
9940;2374;0,052631578947368421052
9940;2551;0,052631578947368421052
9940;3029;0,052631578947368421052
9940;3800;0,052631578947368421052
9940;4621;0,052631578947368421052
9940;5093;0,052631578947368421052
9940;5469;0,052631578947368421052
9940;5530;0,052631578947368421052
9940;5854;0,052631578947368421052
9940;6267;0,052631578947368421052
9940;6930;0,052631578947368421052
9940;7564;0,052631578947368421052
9940;7941;0,052631578947368421052
9940;9026;0,052631578947368421052
9940;25849;0,052631578947368421052
9968;1948;0,500000000000000000000
9968;2803;0,500000000000000000000
9982;9309;1,000000000000000000000
10020;737;0,071428571428571428571
10020;802;0,071428571428571428571
10020;873;0,071428571428571428571
10020;912;0,071428571428571428571
10020;1513;0,071428571428571428571
10020;1591;0,071428571428571428571
10020;2990;0,071428571428571428571
10020;3045;0,071428571428571428571
10020;3381;0,142857142857142857142
10020;3601;0,071428571428571428571
10020;3619;0,071428571428571428571
10020;3992;0,071428571428571428571
10020;4787;0,071428571428571428571
10338;1785;1,000000000000000000000
10630;66075;1,000000000000000000000
10649;57838;0,666666666666666666666
10649;151009;0,333333333333333333333
10682;3188;1,000000000000000000000
11213;2043;0,500000000000000000000
11213;4625;0,500000000000000000000
11330;2184;1,000000000000000000000
11369;2275;0,500000000000000000000
11369;2425;0,333333333333333333333
11369;17553;0,166666666666666666666
11552;38738;1,000000000000000000000
12156;853;0,083333333333333333333
12156;1319;0,083333333333333333333
12156;1717;0,083333333333333333333
12156;4430;0,083333333333333333333
12156;4470;0,083333333333333333333
12156;4772;0,083333333333333333333
12156;5526;0,083333333333333333333
12156;8873;0,083333333333333333333
12156;9090;0,083333333333333333333
12156;13622;0,083333333333333333333
12156;27862;0,083333333333333333333
12156;122436;0,083333333333333333333
12432;1104;1,000000000000000000000
12523;5158;1,000000000000000000000
12550;8928;1,000000000000000000000
12563;375;0,030303030303030303030
12563;391;0,030303030303030303030
12563;392;0,060606060606060606060
12563;398;0,030303030303030303030
12563;400;0,030303030303030303030
12563;401;0,030303030303030303030
12563;404;0,030303030303030303030
12563;405;0,030303030303030303030
12563;409;0,030303030303030303030
12563;411;0,060606060606060606060
12563;414;0,030303030303030303030
12563;417;0,060606060606060606060
12563;418;0,060606060606060606060
12563;458;0,030303030303030303030
12563;1140;0,030303030303030303030
12563;1727;0,060606060606060606060
12563;2005;0,030303030303030303030
12563;2517;0,030303030303030303030
12563;5591;0,030303030303030303030
12563;7906;0,030303030303030303030
12563;8223;0,030303030303030303030
12563;8525;0,030303030303030303030
12563;9380;0,030303030303030303030
12563;9615;0,030303030303030303030
12563;10341;0,060606060606060606060
12563;119973;0,060606060606060606060
12596;1180;0,500000000000000000000
12596;5071;0,500000000000000000000
12706;1319;0,400000000000000000000
12706;1462;0,200000000000000000000
12706;5790;0,400000000000000000000
12798;5856;1,000000000000000000000
12820;5637;1,000000000000000000000
12880;85;1,000000000000000000000
12938;9831;1,000000000000000000000
13253;42;0,005025125628140703517
13253;85;0,005025125628140703517
13253;96;0,010050251256281407035
13253;101;0,005025125628140703517
13253;122;0,010050251256281407035
13253;182;0,005025125628140703517
13253;210;0,010050251256281407035
13253;237;0,005025125628140703517
13253;247;0,005025125628140703517
13253;248;0,005025125628140703517
13253;249;0,010050251256281407035
13253;250;0,010050251256281407035
13253;251;0,005025125628140703517
13253;253;0,005025125628140703517
13253;261;0,005025125628140703517
13253;268;0,005025125628140703517
13253;285;0,005025125628140703517
13253;287;0,005025125628140703517
13253;538;0,005025125628140703517
13253;626;0,005025125628140703517
13253;724;0,005025125628140703517
13253;747;0,005025125628140703517
13253;781;0,005025125628140703517
13253;846;0,005025125628140703517
13253;861;0,005025125628140703517
13253;882;0,005025125628140703517
13253;941;0,005025125628140703517
13253;980;0,005025125628140703517
13253;984;0,005025125628140703517
13253;1048;0,005025125628140703517
13253;1141;0,005025125628140703517
13253;1142;0,005025125628140703517
13253;1153;0,005025125628140703517
13253;1154;0,010050251256281407035
13253;1156;0,005025125628140703517
13253;1160;0,005025125628140703517
13253;1310;0,005025125628140703517
13253;1364;0,005025125628140703517
13253;1455;0,005025125628140703517
13253;1495;0,005025125628140703517
13253;1499;0,005025125628140703517
13253;1513;0,005025125628140703517
13253;1515;0,005025125628140703517
13253;1523;0,005025125628140703517
13253;1526;0,005025125628140703517
13253;1547;0,005025125628140703517
13253;1591;0,005025125628140703517
13253;1639;0,005025125628140703517
13253;1827;0,010050251256281407035
13253;1829;0,005025125628140703517
13253;1868;0,005025125628140703517
13253;1873;0,005025125628140703517
13253;1889;0,005025125628140703517
13253;1981;0,005025125628140703517
13253;1988;0,030150753768844221105
13253;2075;0,005025125628140703517
13253;2136;0,005025125628140703517
13253;2139;0,005025125628140703517
13253;2145;0,005025125628140703517
13253;2252;0,005025125628140703517
13253;2269;0,005025125628140703517
13253;2293;0,005025125628140703517
13253;2398;0,005025125628140703517
13253;2461;0,005025125628140703517
13253;2464;0,005025125628140703517
13253;2510;0,010050251256281407035
13253;2515;0,010050251256281407035
13253;2591;0,005025125628140703517
13253;2655;0,005025125628140703517
13253;2714;0,005025125628140703517
13253;3000;0,005025125628140703517
13253;3005;0,005025125628140703517
13253;3045;0,010050251256281407035
13253;3174;0,005025125628140703517
13253;3219;0,005025125628140703517
13253;3245;0,005025125628140703517
13253;3362;0,005025125628140703517
13253;3459;0,005025125628140703517
13253;3485;0,005025125628140703517
13253;3503;0,005025125628140703517
13253;3633;0,005025125628140703517
13253;3753;0,005025125628140703517
13253;3834;0,005025125628140703517
13253;3866;0,005025125628140703517
13253;3867;0,005025125628140703517
13253;3868;0,005025125628140703517
13253;3869;0,005025125628140703517
13253;3870;0,005025125628140703517
13253;3871;0,005025125628140703517
13253;3872;0,005025125628140703517
13253;3873;0,005025125628140703517
13253;4098;0,005025125628140703517
13253;4117;0,005025125628140703517
13253;4179;0,005025125628140703517
13253;4313;0,005025125628140703517
13253;4323;0,005025125628140703517
13253;4513;0,005025125628140703517
13253;4592;0,005025125628140703517
13253;4598;0,005025125628140703517
13253;4713;0,005025125628140703517
13253;4722;0,005025125628140703517
13253;4881;0,015075376884422110552
13253;5042;0,005025125628140703517
13253;5174;0,005025125628140703517
13253;5223;0,005025125628140703517
13253;5289;0,005025125628140703517
13253;5304;0,005025125628140703517
13253;5383;0,005025125628140703517
13253;5449;0,005025125628140703517
13253;5500;0,005025125628140703517
13253;5578;0,005025125628140703517
13253;5654;0,005025125628140703517
13253;5824;0,005025125628140703517
13253;5827;0,005025125628140703517
13253;5861;0,005025125628140703517
13253;5915;0,005025125628140703517
13253;6007;0,005025125628140703517
13253;6113;0,005025125628140703517
13253;6444;0,005025125628140703517
13253;6535;0,005025125628140703517
13253;6570;0,005025125628140703517
13253;6666;0,005025125628140703517
13253;6746;0,005025125628140703517
13253;6781;0,005025125628140703517
13253;6979;0,005025125628140703517
13253;6980;0,005025125628140703517
13253;6981;0,005025125628140703517
13253;7116;0,005025125628140703517
13253;7142;0,005025125628140703517
13253;7353;0,005025125628140703517
13253;9296;0,005025125628140703517
13253;9572;0,005025125628140703517
13253;9657;0,005025125628140703517
13253;9691;0,005025125628140703517
13253;10823;0,005025125628140703517
13253;11377;0,005025125628140703517
13253;11552;0,005025125628140703517
13253;12775;0,005025125628140703517
13253;12876;0,005025125628140703517
13253;12880;0,005025125628140703517
13253;14013;0,005025125628140703517
13253;16974;0,005025125628140703517
13253;17720;0,005025125628140703517
13253;22211;0,005025125628140703517
13253;24370;0,005025125628140703517
13253;24371;0,005025125628140703517
13253;27323;0,005025125628140703517
13253;27588;0,005025125628140703517
13253;28405;0,005025125628140703517
13253;28993;0,005025125628140703517
13253;34696;0,005025125628140703517
13253;38738;0,005025125628140703517
13253;42210;0,005025125628140703517
13253;50959;0,005025125628140703517
13253;52443;0,005025125628140703517
13253;67275;0,005025125628140703517
13253;116409;0,005025125628140703517
13253;137801;0,005025125628140703517
13253;144425;0,005025125628140703517
13253;146155;0,005025125628140703517
13253;152076;0,005025125628140703517
13253;219132;0,005025125628140703517
13253;229072;0,005025125628140703517
13253;251238;0,005025125628140703517
13253;251573;0,005025125628140703517
13253;251668;0,005025125628140703517
13253;253384;0,005025125628140703517
13253;255463;0,005025125628140703517
13253;257563;0,005025125628140703517
13253;276695;0,005025125628140703517
13253;278351;0,005025125628140703517
13253;281067;0,005025125628140703517
13253;281170;0,005025125628140703517
13253;283633;0,005025125628140703517
13253;283635;0,005025125628140703517
13253;283636;0,005025125628140703517
13253;283637;0,005025125628140703517
13253;283638;0,005025125628140703517
13253;283639;0,005025125628140703517
13253;321112;0,005025125628140703517
13253;355336;0,005025125628140703517
13253;377026;0,005025125628140703517
13265;7759;1,000000000000000000000
13584;4039;0,333333333333333333333
13584;8878;0,333333333333333333333
13584;24460;0,333333333333333333333
13796;2434;1,000000000000000000000
13799;5657;1,000000000000000000000
14050;1293;1,000000000000000000000
14151;923;0,333333333333333333333
14151;14013;0,333333333333333333333
14151;24838;0,333333333333333333333
15471;731;1,000000000000000000000
15643;354;0,142857142857142857142
15643;443;0,142857142857142857142
15643;1118;0,285714285714285714285
15643;1946;0,142857142857142857142
15643;7605;0,142857142857142857142
15643;41776;0,142857142857142857142
16659;854;1,000000000000000000000
16786;6027;1,000000000000000000000
16815;8869;1,000000000000000000000
17278;898;1,000000000000000000000
17634;74;0,500000000000000000000
17634;16527;0,500000000000000000000
17727;988;1,000000000000000000000
18247;2023;1,000000000000000000000
18258;7780;1,000000000000000000000
18300;1293;1,000000000000000000000
18398;47032;1,000000000000000000000
18641;131383;1,000000000000000000000
18695;366867;1,000000000000000000000
20393;27615;1,000000000000000000000
20666;3940;1,000000000000000000000
21268;525;0,333333333333333333333
21268;761;0,333333333333333333333
21268;4497;0,333333333333333333333
21396;1608;0,500000000000000000000
21396;1700;0,500000000000000000000
23720;281;0,200000000000000000000
23720;1129;0,200000000000000000000
23720;1370;0,200000000000000000000
23720;693032;0,200000000000000000000
23720;791903;0,200000000000000000000
25230;9674;1,000000000000000000000
26070;851827;1,000000000000000000000
27173;2271;0,250000000000000000000
27173;5082;0,750000000000000000000
27269;1566;1,000000000000000000000
27615;20393;1,000000000000000000000
27700;7874;1,000000000000000000000
27763;77678;1,000000000000000000000
28174;4274;1,000000000000000000000
28397;35;1,000000000000000000000
28405;2515;1,000000000000000000000
28538;1243;0,250000000000000000000
28538;1459;0,250000000000000000000
28538;8666;0,250000000000000000000
28538;8698;0,250000000000000000000
28970;54;0,009615384615384615384
28970;73;0,009615384615384615384
28970;109;0,009615384615384615384
28970;119;0,009615384615384615384
28970;132;0,009615384615384615384
28970;320;0,009615384615384615384
28970;322;0,009615384615384615384
28970;435;0,009615384615384615384
28970;560;0,009615384615384615384
28970;576;0,009615384615384615384
28970;596;0,009615384615384615384
28970;689;0,009615384615384615384
28970;1068;0,009615384615384615384
28970;1079;0,009615384615384615384
28970;1184;0,009615384615384615384
28970;1255;0,009615384615384615384
28970;1265;0,009615384615384615384
28970;1297;0,009615384615384615384
28970;1319;0,009615384615384615384
28970;1348;0,009615384615384615384
28970;1374;0,009615384615384615384
28970;1457;0,009615384615384615384
28970;1663;0,009615384615384615384
28970;1867;0,009615384615384615384
28970;1891;0,009615384615384615384
28970;2115;0,009615384615384615384
28970;2181;0,009615384615384615384
28970;2182;0,009615384615384615384
28970;2184;0,009615384615384615384
28970;2206;0,009615384615384615384
28970;2310;0,009615384615384615384
28970;2318;0,009615384615384615384
28970;2726;0,009615384615384615384
28970;2792;0,009615384615384615384
28970;2817;0,009615384615384615384
28970;2882;0,009615384615384615384
28970;3104;0,009615384615384615384
28970;3120;0,009615384615384615384
28970;3135;0,009615384615384615384
28970;3372;0,009615384615384615384
28970;3433;0,009615384615384615384
28970;3471;0,009615384615384615384
28970;3499;0,009615384615384615384
28970;3957;0,009615384615384615384
28970;4041;0,009615384615384615384
28970;4150;0,009615384615384615384
28970;4244;0,009615384615384615384
28970;4744;0,009615384615384615384
28970;4780;0,009615384615384615384
28970;4931;0,009615384615384615384
28970;5180;0,009615384615384615384
28970;5212;0,009615384615384615384
28970;5262;0,009615384615384615384
28970;5415;0,009615384615384615384
28970;5457;0,009615384615384615384
28970;5657;0,009615384615384615384
28970;5789;0,009615384615384615384
28970;5790;0,009615384615384615384
28970;6130;0,009615384615384615384
28970;6567;0,009615384615384615384
28970;7209;0,009615384615384615384
28970;7418;0,009615384615384615384
28970;7653;0,009615384615384615384
28970;7694;0,009615384615384615384
28970;7716;0,009615384615384615384
28970;7963;0,009615384615384615384
28970;7983;0,009615384615384615384
28970;8081;0,009615384615384615384
28970;8671;0,009615384615384615384
28970;8805;0,009615384615384615384
28970;9226;0,009615384615384615384
28970;9506;0,009615384615384615384
28970;11867;0,009615384615384615384
28970;12176;0,009615384615384615384
28970;12247;0,009615384615384615384
28970;12466;0,009615384615384615384
28970;12572;0,009615384615384615384
28970;13095;0,009615384615384615384
28970;13476;0,009615384615384615384
28970;13720;0,009615384615384615384
28970;13721;0,009615384615384615384
28970;13797;0,009615384615384615384
28970;13799;0,009615384615384615384
28970;14733;0,009615384615384615384
28970;15895;0,009615384615384615384
28970;18276;0,009615384615384615384
28970;18277;0,009615384615384615384
28970;20853;0,009615384615384615384
28970;21161;0,009615384615384615384
28970;27216;0,009615384615384615384
28970;28119;0,009615384615384615384
28970;28288;0,009615384615384615384
28970;28407;0,009615384615384615384
28970;28435;0,009615384615384615384
28970;28438;0,009615384615384615384
28970;28532;0,009615384615384615384
28970;28584;0,009615384615384615384
28970;28600;0,009615384615384615384
28970;28603;0,009615384615384615384
28970;28605;0,009615384615384615384
28970;28607;0,009615384615384615384
28970;28897;0,009615384615384615384
28970;28969;0,009615384615384615384
28970;28983;0,009615384615384615384
29376;9554;1,000000000000000000000
30696;2850;1,000000000000000000000
37812;1483;0,250000000000000000000
37812;8062;0,250000000000000000000
37812;9668;0,250000000000000000000
37812;37814;0,250000000000000000000
38589;122;0,062500000000000000000
38589;625;0,375000000000000000000
38589;635;0,062500000000000000000
38589;1820;0,031250000000000000000
38589;5383;0,093750000000000000000
38589;6203;0,375000000000000000000
41565;411;0,500000000000000000000
41565;1729;0,500000000000000000000
41776;277;0,076923076923076923076
41776;354;0,076923076923076923076
41776;359;0,076923076923076923076
41776;695;0,076923076923076923076
41776;945;0,038461538461538461538
41776;1169;0,076923076923076923076
41776;1945;0,153846153846153846153
41776;1946;0,076923076923076923076
41776;3095;0,038461538461538461538
41776;4586;0,076923076923076923076
41776;5149;0,076923076923076923076
41776;15643;0,115384615384615384615
41776;98841;0,038461538461538461538
45604;10338;1,000000000000000000000
47032;18398;1,000000000000000000000
54879;351;1,000000000000000000000
59745;71;0,062500000000000000000
59745;1169;0,062500000000000000000
59745;1489;0,062500000000000000000
59745;1925;0,062500000000000000000
59745;2731;0,062500000000000000000
59745;3996;0,125000000000000000000
59745;5610;0,062500000000000000000
59745;18641;0,062500000000000000000
59745;59841;0,250000000000000000000
59745;78108;0,062500000000000000000
59745;98841;0,062500000000000000000
59745;408414;0,062500000000000000000
59841;59745;1,000000000000000000000
59867;899;1,000000000000000000000
67275;5628;1,000000000000000000000
75827;748;0,666666666666666666666
75827;76428;0,333333333333333333333
75828;213;1,000000000000000000000
77678;1016;0,500000000000000000000
77678;27763;0,500000000000000000000
78108;59745;0,500000000000000000000
78108;408414;0,500000000000000000000
81648;81163;1,000000000000000000000
93146;4501;1,000000000000000000000
95084;418;0,500000000000000000000
95084;136664;0,500000000000000000000
112062;240;0,500000000000000000000
112062;475;0,500000000000000000000
119973;108;0,041666666666666666666
119973;638;0,083333333333333333333
119973;778;0,166666666666666666666
119973;904;0,041666666666666666666
119973;2467;0,041666666666666666666
119973;2877;0,041666666666666666666
119973;2993;0,125000000000000000000
119973;4145;0,083333333333333333333
119973;6930;0,083333333333333333333
119973;7095;0,041666666666666666666
119973;10604;0,041666666666666666666
119973;283281;0,041666666666666666666
119973;327099;0,041666666666666666666
119973;687941;0,083333333333333333333
119973;792462;0,041666666666666666666
131383;240;0,200000000000000000000
131383;360;0,200000000000000000000
131383;420;0,200000000000000000000
131383;982;0,200000000000000000000
131383;1945;0,200000000000000000000
136664;1692;0,888888888888888888888
136664;1699;0,037037037037037037037
136664;5441;0,037037037037037037037
136664;95084;0,037037037037037037037
140271;6505;1,000000000000000000000
144425;5484;1,000000000000000000000
151009;4720;0,333333333333333333333
151009;8090;0,333333333333333333333
151009;9382;0,333333333333333333333
173893;4039;1,000000000000000000000
179346;657;1,000000000000000000000
184987;16845;0,500000000000000000000
184987;119973;0,500000000000000000000
189452;2991;0,333333333333333333333
189452;7713;0,333333333333333333333
189452;906176;0,333333333333333333333
239969;239963;1,000000000000000000000
245879;96;0,166666666666666666666
245879;249;0,166666666666666666666
245879;1342;0,333333333333333333333
245879;1898;0,166666666666666666666
245879;329272;0,166666666666666666666
248834;5012;1,000000000000000000000
248836;6006;1,000000000000000000000
251668;122;1,000000000000000000000
256951;5484;1,000000000000000000000
259831;3141;1,000000000000000000000
276780;12664;1,000000000000000000000
278351;144425;1,000000000000000000000
281170;3601;1,000000000000000000000
282900;1301;1,000000000000000000000
283633;1154;1,000000000000000000000
283636;237;0,444444444444444444444
283636;4268;0,111111111111111111111
283636;5042;0,333333333333333333333
283636;283637;0,111111111111111111111
284854;9208;1,000000000000000000000
286660;2150;1,000000000000000000000
308238;7759;0,500000000000000000000
308238;329359;0,500000000000000000000
321395;1131;0,500000000000000000000
321395;608895;0,500000000000000000000
329359;308238;1,000000000000000000000
331627;365532;1,000000000000000000000
333184;65;0,666666666666666666666
333184;2064;0,333333333333333333333
347540;45;0,750000000000000000000
347540;66;0,250000000000000000000
352262;5487;1,000000000000000000000
366867;18695;1,000000000000000000000
367451;4933;1,000000000000000000000
374246;558;1,000000000000000000000
388810;964;0,500000000000000000000
388810;2421;0,500000000000000000000
389498;612;1,000000000000000000000
393418;37;0,500000000000000000000
393418;148;0,500000000000000000000
398787;71;0,090909090909090909090
398787;72;0,090909090909090909090
398787;96;0,090909090909090909090
398787;360;0,090909090909090909090
398787;420;0,090909090909090909090
398787;845;0,090909090909090909090
398787;846;0,090909090909090909090
398787;1065;0,090909090909090909090
398787;1724;0,090909090909090909090
398787;2731;0,090909090909090909090
398787;3235;0,090909090909090909090
403195;747;1,000000000000000000000
408414;1169;0,285714285714285714285
408414;7660;0,142857142857142857142
408414;78108;0,571428571428571428571
409930;380;0,500000000000000000000
409930;1769;0,500000000000000000000
431565;2364;1,000000000000000000000
440509;454;0,052631578947368421052
440509;520;0,052631578947368421052
440509;964;0,052631578947368421052
440509;1521;0,105263157894736842105
440509;1689;0,052631578947368421052
440509;1949;0,052631578947368421052
440509;2139;0,052631578947368421052
440509;2182;0,052631578947368421052
440509;2191;0,052631578947368421052
440509;2445;0,052631578947368421052
440509;2657;0,052631578947368421052
440509;3235;0,052631578947368421052
440509;4501;0,052631578947368421052
440509;5800;0,052631578947368421052
440509;6213;0,052631578947368421052
440509;7660;0,052631578947368421052
440509;27870;0,052631578947368421052
440509;434991;0,052631578947368421052
453859;700;0,555555555555555555555
453859;1754;0,111111111111111111111
453859;1771;0,111111111111111111111
453859;25205;0,111111111111111111111
453859;352262;0,111111111111111111111
454754;96;1,000000000000000000000
471750;266;1,000000000000000000000
474028;829;1,000000000000000000000
488062;17266;1,000000000000000000000
529797;2218;1,000000000000000000000
559679;40;0,500000000000000000000
559679;642;0,500000000000000000000
587057;366867;1,000000000000000000000
606566;7941;1,000000000000000000000
608895;738;0,058823529411764705882
608895;1589;0,058823529411764705882
608895;2607;0,058823529411764705882
608895;8873;0,058823529411764705882
608895;16527;0,058823529411764705882
608895;98068;0,058823529411764705882
608895;119483;0,058823529411764705882
608895;239970;0,058823529411764705882
608895;283638;0,058823529411764705882
608895;284852;0,058823529411764705882
608895;321395;0,058823529411764705882
608895;334473;0,058823529411764705882
608895;366869;0,058823529411764705882
608895;367121;0,058823529411764705882
608895;386794;0,058823529411764705882
608895;389498;0,058823529411764705882
608895;427048;0,058823529411764705882
623129;1437;1,000000000000000000000
642255;452;0,222222222222222222222
642255;1025;0,111111111111111111111
642255;1129;0,555555555555555555555
642255;3515;0,111111111111111111111
651622;9288;1,000000000000000000000
693032;281;0,200000000000000000000
693032;1129;0,600000000000000000000
693032;1370;0,200000000000000000000
701610;725179;1,000000000000000000000
725179;701610;1,000000000000000000000
727998;546;1,000000000000000000000
771844;1632;1,000000000000000000000
792462;292;0,250000000000000000000
792462;12563;0,500000000000000000000
792462;119973;0,250000000000000000000
898658;2015;1,000000000000000000000
906176;1169;0,500000000000000000000
906176;189452;0,500000000000000000000
