9;8623;1,000000000000000000000
17;2578;1,000000000000000000000
46;6234;1,000000000000000000000
48;5464;1,000000000000000000000
65;669;0,041666666666666666666
65;841;0,083333333333333333333
65;1066;0,166666666666666666666
65;1109;0,125000000000000000000
65;1169;0,083333333333333333333
65;1754;0,041666666666666666666
65;1940;0,125000000000000000000
65;2059;0,041666666666666666666
65;2212;0,041666666666666666666
65;2223;0,041666666666666666666
65;2504;0,041666666666666666666
65;3085;0,041666666666666666666
65;9391;0,041666666666666666666
65;9395;0,041666666666666666666
65;9402;0,041666666666666666666
72;296;0,166666666666666666666
72;829;0,166666666666666666666
72;1946;0,166666666666666666666
72;3395;0,166666666666666666666
72;5691;0,166666666666666666666
72;10306;0,166666666666666666666
74;1406;0,250000000000000000000
74;2388;0,250000000000000000000
74;3096;0,250000000000000000000
74;6440;0,250000000000000000000
80;876;1,000000000000000000000
83;1504;0,333333333333333333333
83;1862;0,333333333333333333333
83;5239;0,333333333333333333333
96;615;0,058823529411764705882
96;1574;0,176470588235294117647
96;1988;0,294117647058823529411
96;3753;0,294117647058823529411
96;3857;0,176470588235294117647
100;2419;0,500000000000000000000
100;6068;0,500000000000000000000
115;490;0,117647058823529411764
115;6468;0,235294117647058823529
115;136664;0,058823529411764705882
115;335189;0,176470588235294117647
115;343358;0,294117647058823529411
115;383630;0,058823529411764705882
115;484680;0,058823529411764705882
127;190;0,166666666666666666666
127;289;0,166666666666666666666
127;526;0,166666666666666666666
127;2223;0,166666666666666666666
127;3998;0,166666666666666666666
127;9401;0,166666666666666666666
135;602;0,125000000000000000000
135;837;0,125000000000000000000
135;1864;0,083333333333333333333
135;1939;0,083333333333333333333
135;1940;0,041666666666666666666
135;1967;0,208333333333333333333
135;2433;0,083333333333333333333
135;3189;0,125000000000000000000
135;3235;0,041666666666666666666
135;6723;0,083333333333333333333
138;3100;1,000000000000000000000
149;2196;1,000000000000000000000
151;7586;0,500000000000000000000
151;8090;0,500000000000000000000
166;1055;0,333333333333333333333
166;3773;0,333333333333333333333
166;3774;0,333333333333333333333
174;232;0,055555555555555555555
174;380;0,055555555555555555555
174;437;0,055555555555555555555
174;1173;0,055555555555555555555
174;1454;0,055555555555555555555
174;1608;0,055555555555555555555
174;1694;0,055555555555555555555
174;1906;0,055555555555555555555
174;2470;0,111111111111111111111
174;2826;0,055555555555555555555
174;6144;0,055555555555555555555
174;7994;0,055555555555555555555
174;8212;0,055555555555555555555
174;17549;0,111111111111111111111
174;21502;0,055555555555555555555
174;114536;0,055555555555555555555
179;920;1,000000000000000000000
183;281;1,000000000000000000000
184;5626;1,000000000000000000000
189;608;0,400000000000000000000
189;1840;0,200000000000000000000
189;5329;0,400000000000000000000
192;3591;0,500000000000000000000
192;4561;0,250000000000000000000
192;5564;0,250000000000000000000
199;3105;1,000000000000000000000
211;23;0,285714285714285714285
211;179;0,142857142857142857142
211;2199;0,285714285714285714285
211;3015;0,142857142857142857142
211;5089;0,142857142857142857142
213;1094;1,000000000000000000000
214;5329;1,000000000000000000000
220;2196;1,000000000000000000000
242;1286;0,400000000000000000000
242;2736;0,200000000000000000000
242;2740;0,200000000000000000000
242;5691;0,200000000000000000000
244;6353;1,000000000000000000000
248;2474;1,000000000000000000000
249;96;0,333333333333333333333
249;1988;0,666666666666666666666
250;6347;1,000000000000000000000
263;131;0,181818181818181818181
263;642;0,090909090909090909090
263;829;0,090909090909090909090
263;845;0,090909090909090909090
263;846;0,272727272727272727272
263;1263;0,090909090909090909090
263;1125981;0,090909090909090909090
263;1142431;0,090909090909090909090
266;829;0,166666666666666666666
266;8648;0,500000000000000000000
266;13814;0,333333333333333333333
268;3045;1,000000000000000000000
276;427;0,111111111111111111111
276;695;0,222222222222222222222
276;3085;0,111111111111111111111
276;59745;0,555555555555555555555
284;251;1,000000000000000000000
288;289;0,250000000000000000000
288;2371;0,250000000000000000000
288;119483;0,250000000000000000000
288;189452;0,250000000000000000000
290;288;0,500000000000000000000
290;2371;0,500000000000000000000
291;28156;1,000000000000000000000
292;293;0,250000000000000000000
292;412;0,250000000000000000000
292;2834;0,250000000000000000000
292;7975;0,250000000000000000000
293;9998;0,500000000000000000000
293;59745;0,250000000000000000000
293;408877;0,250000000000000000000
296;113392;1,000000000000000000000
302;157662;1,000000000000000000000
306;1307;0,500000000000000000000
306;3235;0,500000000000000000000
307;1337;1,000000000000000000000
310;2851;0,818181818181818181818
310;8539;0,181818181818181818181
317;318;1,000000000000000000000
318;317;0,307692307692307692307
318;2098;0,076923076923076923076
318;2099;0,153846153846153846153
318;3189;0,076923076923076923076
318;5440;0,153846153846153846153
318;7577;0,076923076923076923076
318;8353;0,076923076923076923076
318;12850;0,076923076923076923076
320;2310;0,416666666666666666666
320;2792;0,583333333333333333333
324;713;0,500000000000000000000
324;1893;0,500000000000000000000
346;1069;1,000000000000000000000
365;3143;1,000000000000000000000
379;1335;0,666666666666666666666
379;184987;0,333333333333333333333
380;4719;0,500000000000000000000
380;5464;0,500000000000000000000
382;398;1,000000000000000000000
388;8641;1,000000000000000000000
392;5360;1,000000000000000000000
395;418;1,000000000000000000000
403;3284;1,000000000000000000000
404;1671;1,000000000000000000000
407;713;0,500000000000000000000
407;2630;0,500000000000000000000
411;1069;0,071428571428571428571
411;1137;0,071428571428571428571
411;1397;0,071428571428571428571
411;1447;0,071428571428571428571
411;1728;0,071428571428571428571
411;1729;0,071428571428571428571
411;1762;0,142857142857142857142
411;2961;0,142857142857142857142
411;3214;0,071428571428571428571
411;5168;0,071428571428571428571
411;15682;0,071428571428571428571
411;28338;0,071428571428571428571
415;418;1,000000000000000000000
418;395;0,285714285714285714285
418;410;0,142857142857142857142
418;415;0,142857142857142857142
418;419;0,142857142857142857142
418;1178;0,285714285714285714285
419;292;0,111111111111111111111
419;396;0,111111111111111111111
419;418;0,111111111111111111111
419;945;0,111111111111111111111
419;1221;0,111111111111111111111
419;1894;0,111111111111111111111
419;3465;0,111111111111111111111
419;7975;0,111111111111111111111
419;12959;0,111111111111111111111
420;1169;0,333333333333333333333
420;1263;0,166666666666666666666
420;1142431;0,500000000000000000000
426;444;0,500000000000000000000
426;1574;0,500000000000000000000
427;8539;1,000000000000000000000
428;266;0,200000000000000000000
428;3417;0,200000000000000000000
428;6892;0,400000000000000000000
428;17248;0,200000000000000000000
441;3394;0,333333333333333333333
441;7135;0,333333333333333333333
441;116140;0,333333333333333333333
444;426;1,000000000000000000000
453;2578;1,000000000000000000000
466;3591;1,000000000000000000000
470;428;1,000000000000000000000
472;1142;0,166666666666666666666
472;813240;0,833333333333333333333
479;1169;0,200000000000000000000
479;5013;0,200000000000000000000
479;8460;0,200000000000000000000
479;8473;0,400000000000000000000
492;1769;0,400000000000000000000
492;2008;0,400000000000000000000
492;4281;0,200000000000000000000
497;6234;0,500000000000000000000
497;20801;0,500000000000000000000
498;12;0,500000000000000000000
498;13;0,500000000000000000000
502;530;0,666666666666666666666
502;3515;0,333333333333333333333
520;1182;0,125000000000000000000
520;1234;0,125000000000000000000
520;1278;0,125000000000000000000
520;1778;0,125000000000000000000
520;4219;0,125000000000000000000
520;4379;0,125000000000000000000
520;8442;0,125000000000000000000
520;9722;0,125000000000000000000
521;878;0,250000000000000000000
521;1938;0,250000000000000000000
521;3680;0,250000000000000000000
521;3800;0,250000000000000000000
526;127;0,142857142857142857142
526;965;0,142857142857142857142
526;2008;0,285714285714285714285
526;3116;0,285714285714285714285
526;9396;0,142857142857142857142
527;3320;1,000000000000000000000
538;4278;0,500000000000000000000
538;65998;0,250000000000000000000
538;119973;0,250000000000000000000
547;5856;1,000000000000000000000
550;240;0,333333333333333333333
550;4031;0,333333333333333333333
550;5149;0,333333333333333333333
558;794;0,100000000000000000000
558;851;0,100000000000000000000
558;1035;0,100000000000000000000
558;1596;0,100000000000000000000
558;2657;0,100000000000000000000
558;2825;0,100000000000000000000
558;5440;0,100000000000000000000
558;7132;0,100000000000000000000
558;7866;0,100000000000000000000
558;374246;0,100000000000000000000
571;528;1,000000000000000000000
573;2484;1,000000000000000000000
576;4639;1,000000000000000000000
588;3340;1,000000000000000000000
600;8568;1,000000000000000000000
615;96;0,500000000000000000000
615;163510;0,500000000000000000000
621;866;0,666666666666666666666
621;2434;0,333333333333333333333
635;1637;1,000000000000000000000
645;7597;1,000000000000000000000
648;1663;1,000000000000000000000
657;179346;1,000000000000000000000
660;3212;0,500000000000000000000
660;113392;0,500000000000000000000
667;295;0,166666666666666666666
667;468;0,166666666666666666666
667;469;0,166666666666666666666
667;2569;0,166666666666666666666
667;3905;0,166666666666666666666
667;10207;0,166666666666666666666
669;65;0,062500000000000000000
669;408;0,062500000000000000000
669;658;0,062500000000000000000
669;706;0,062500000000000000000
669;1186;0,062500000000000000000
669;1513;0,062500000000000000000
669;2008;0,062500000000000000000
669;2184;0,062500000000000000000
669;2223;0,062500000000000000000
669;3143;0,062500000000000000000
669;3574;0,062500000000000000000
669;3607;0,062500000000000000000
669;7968;0,125000000000000000000
669;59745;0,125000000000000000000
688;41565;1,000000000000000000000
689;9693;1,000000000000000000000
695;71;0,500000000000000000000
695;1169;0,500000000000000000000
698;1814;1,000000000000000000000
700;837;1,000000000000000000000
713;407;1,000000000000000000000
731;275;0,166666666666666666666
731;282;0,166666666666666666666
731;477;0,166666666666666666666
731;5138;0,166666666666666666666
731;173893;0,166666666666666666666
731;282773;0,166666666666666666666
733;1681;0,150000000000000000000
733;2916;0,100000000000000000000
733;2932;0,750000000000000000000
740;1902;0,500000000000000000000
740;11863;0,500000000000000000000
747;213;0,125000000000000000000
747;75827;0,125000000000000000000
747;75828;0,125000000000000000000
747;76428;0,125000000000000000000
747;325599;0,125000000000000000000
747;325646;0,125000000000000000000
747;403195;0,250000000000000000000
752;218;0,142857142857142857142
752;802;0,142857142857142857142
752;1632;0,142857142857142857142
752;1690;0,142857142857142857142
752;1694;0,142857142857142857142
752;3971;0,142857142857142857142
752;7793;0,142857142857142857142
758;5011;1,000000000000000000000
771;2291;0,400000000000000000000
771;3234;0,200000000000000000000
771;9627;0,200000000000000000000
771;28112;0,200000000000000000000
784;1974;0,666666666666666666666
784;3294;0,333333333333333333333
787;285;1,000000000000000000000
791;2254;1,000000000000000000000
794;7132;1,000000000000000000000
805;904;1,000000000000000000000
817;351;1,000000000000000000000
827;995;0,666666666666666666666
827;2355;0,333333333333333333333
829;263;0,200000000000000000000
829;428;0,200000000000000000000
829;474028;0,200000000000000000000
829;906176;0,200000000000000000000
829;1080816;0,200000000000000000000
837;135;0,076923076923076923076
837;700;0,923076923076923076923
841;65;1,000000000000000000000
845;846;0,071428571428571428571
845;982;0,214285714285714285714
845;1041;0,071428571428571428571
845;1065;0,071428571428571428571
845;3636;0,071428571428571428571
845;193005;0,071428571428571428571
845;623129;0,428571428571428571428
846;131;0,051724137931034482758
846;263;0,051724137931034482758
846;277;0,034482758620689655172
846;283;0,017241379310344827586
846;845;0,155172413793103448275
846;965;0,034482758620689655172
846;1263;0,103448275862068965517
846;1437;0,034482758620689655172
846;1681;0,017241379310344827586
846;1898;0,017241379310344827586
846;2396;0,017241379310344827586
846;2697;0,017241379310344827586
846;2731;0,017241379310344827586
846;2786;0,034482758620689655172
846;2834;0,086206896551724137931
846;2863;0,034482758620689655172
846;3683;0,017241379310344827586
846;7030;0,051724137931034482758
846;59841;0,034482758620689655172
846;131383;0,017241379310344827586
846;192866;0,051724137931034482758
846;329272;0,017241379310344827586
846;533247;0,034482758620689655172
846;1125981;0,051724137931034482758
854;6792;1,000000000000000000000
863;4132;1,000000000000000000000
864;113392;1,000000000000000000000
866;13545;1,000000000000000000000
870;3427;1,000000000000000000000
877;5679;1,000000000000000000000
887;3394;0,200000000000000000000
887;5564;0,200000000000000000000
887;27763;0,200000000000000000000
887;77678;0,200000000000000000000
887;525330;0,200000000000000000000
898;184987;1,000000000000000000000
904;805;1,000000000000000000000
911;4262;0,200000000000000000000
911;13369;0,200000000000000000000
911;20235;0,400000000000000000000
911;57838;0,200000000000000000000
925;373;0,100000000000000000000
925;1227;0,100000000000000000000
925;2736;0,200000000000000000000
925;9762;0,100000000000000000000
925;17762;0,100000000000000000000
925;326192;0,100000000000000000000
925;418454;0,100000000000000000000
925;908758;0,100000000000000000000
925;1113764;0,100000000000000000000
937;1591;1,000000000000000000000
965;526;0,250000000000000000000
965;846;0,500000000000000000000
965;2786;0,250000000000000000000
970;621;0,333333333333333333333
970;5440;0,666666666666666666666
972;1981;1,000000000000000000000
977;7221;1,000000000000000000000
980;1277;0,083333333333333333333
980;1591;0,083333333333333333333
980;2181;0,083333333333333333333
980;2684;0,083333333333333333333
980;3219;0,416666666666666666666
980;3619;0,250000000000000000000
982;845;0,263157894736842105263
982;934;0,052631578947368421052
982;1041;0,368421052631578947368
982;474028;0,105263157894736842105
982;623129;0,052631578947368421052
982;767166;0,157894736842105263157
990;1096;0,500000000000000000000
990;3233;0,500000000000000000000
995;48;0,045454545454545454545
995;281;0,090909090909090909090
995;521;0,045454545454545454545
995;658;0,045454545454545454545
995;706;0,045454545454545454545
995;827;0,090909090909090909090
995;1286;0,045454545454545454545
995;1347;0,045454545454545454545
995;1946;0,090909090909090909090
995;2355;0,045454545454545454545
995;3508;0,045454545454545454545
995;3665;0,045454545454545454545
995;3998;0,136363636363636363636
995;6567;0,181818181818181818181
1004;6892;1,000000000000000000000
1010;2001;1,000000000000000000000
1014;6940;1,000000000000000000000
1033;1034;1,000000000000000000000
1034;122;0,166666666666666666666
1034;972;0,333333333333333333333
1034;1142;0,166666666666666666666
1034;1981;0,333333333333333333333
1041;845;0,166666666666666666666
1041;982;0,333333333333333333333
1041;767166;0,500000000000000000000
1042;1220;0,428571428571428571428
1042;1771;0,428571428571428571428
1042;373677;0,142857142857142857142
1048;13253;1,000000000000000000000
1058;859;0,500000000000000000000
1058;1278;0,500000000000000000000
1060;6548;1,000000000000000000000
1066;65;0,500000000000000000000
1066;2697;0,500000000000000000000
1069;2961;0,333333333333333333333
1069;5168;0,666666666666666666666
1082;891;0,750000000000000000000
1082;1083;0,166666666666666666666
1082;1892;0,083333333333333333333
1083;1082;0,500000000000000000000
1083;2433;0,166666666666666666666
1083;2543;0,166666666666666666666
1083;13452;0,166666666666666666666
1094;213;0,142857142857142857142
1094;1164;0,142857142857142857142
1094;7711;0,142857142857142857142
1094;25264;0,142857142857142857142
1094;38738;0,142857142857142857142
1094;45604;0,142857142857142857142
1094;374246;0,142857142857142857142
1109;65;1,000000000000000000000
1117;131;0,090909090909090909090
1117;8253;0,272727272727272727272
1117;116140;0,272727272727272727272
1117;125861;0,090909090909090909090
1117;704910;0,090909090909090909090
1117;1122255;0,181818181818181818181
1124;725179;1,000000000000000000000
1127;21396;1,000000000000000000000
1131;876;1,000000000000000000000
1135;3496;0,285714285714285714285
1135;687941;0,714285714285714285714
1140;3999;1,000000000000000000000
1142;472;0,333333333333333333333
1142;771;0,333333333333333333333
1142;4313;0,333333333333333333333
1143;309;0,333333333333333333333
1143;6505;0,666666666666666666666
1152;293;1,000000000000000000000
1160;1513;1,000000000000000000000
1169;65;0,029850746268656716417
1169;71;0,059701492537313432835
1169;100;0,059701492537313432835
1169;138;0,059701492537313432835
1169;276;0,059701492537313432835
1169;420;0,029850746268656716417
1169;479;0,014925373134328358208
1169;695;0,059701492537313432835
1169;826;0,044776119402985074626
1169;1942;0,059701492537313432835
1169;1943;0,059701492537313432835
1169;1945;0,059701492537313432835
1169;1946;0,059701492537313432835
1169;3395;0,014925373134328358208
1169;4512;0,059701492537313432835
1169;41776;0,059701492537313432835
1169;59745;0,074626865671641791044
1169;131383;0,059701492537313432835
1169;366089;0,014925373134328358208
1169;604246;0,059701492537313432835
1173;2195;0,200000000000000000000
1173;2826;0,600000000000000000000
1173;3359;0,200000000000000000000
1178;418;1,000000000000000000000
1181;362;0,500000000000000000000
1181;761;0,500000000000000000000
1190;1220;0,166666666666666666666
1190;1771;0,500000000000000000000
1190;6641;0,166666666666666666666
1190;15686;0,166666666666666666666
1197;2323;0,500000000000000000000
1197;2343;0,500000000000000000000
1220;530;0,400000000000000000000
1220;8820;0,200000000000000000000
1220;16497;0,200000000000000000000
1220;387437;0,200000000000000000000
1227;9722;1,000000000000000000000
1228;2131;1,000000000000000000000
1231;3141;1,000000000000000000000
1234;520;0,083333333333333333333
1234;521;0,083333333333333333333
1234;528;0,166666666666666666666
1234;628;0,083333333333333333333
1234;658;0,083333333333333333333
1234;1277;0,083333333333333333333
1234;2111;0,166666666666666666666
1234;3998;0,083333333333333333333
1234;587053;0,166666666666666666666
1240;1114;1,000000000000000000000
1243;863;1,000000000000000000000
1250;1101851;1,000000000000000000000
1254;119;0,500000000000000000000
1254;5395;0,500000000000000000000
1277;1278;0,066666666666666666666
1277;1591;0,066666666666666666666
1277;2111;0,066666666666666666666
1277;10188;0,666666666666666666666
1277;602536;0,133333333333333333333
1278;183;0,111111111111111111111
1278;520;0,111111111111111111111
1278;1058;0,111111111111111111111
1278;1277;0,111111111111111111111
1278;1591;0,222222222222222222222
1278;5909;0,222222222222222222222
1278;13472;0,111111111111111111111
1282;8580;1,000000000000000000000
1286;111;0,025000000000000000000
1286;242;0,075000000000000000000
1286;524;0,175000000000000000000
1286;2586;0,025000000000000000000
1286;2644;0,175000000000000000000
1286;3085;0,175000000000000000000
1286;3680;0,025000000000000000000
1286;7941;0,050000000000000000000
1286;8090;0,175000000000000000000
1286;57838;0,025000000000000000000
1286;151929;0,075000000000000000000
1321;1563;0,333333333333333333333
1321;1697;0,666666666666666666666
1329;13496;1,000000000000000000000
1332;307;0,076923076923076923076
1332;378;0,076923076923076923076
1332;1240;0,076923076923076923076
1332;1327;0,076923076923076923076
1332;1328;0,076923076923076923076
1332;1329;0,076923076923076923076
1332;1335;0,076923076923076923076
1332;2152;0,076923076923076923076
1332;5831;0,076923076923076923076
1332;7278;0,076923076923076923076
1332;27762;0,076923076923076923076
1332;27774;0,076923076923076923076
1332;27808;0,076923076923076923076
1337;307;1,000000000000000000000
1340;2664;0,250000000000000000000
1340;374246;0,250000000000000000000
1340;434991;0,500000000000000000000
1342;4313;1,000000000000000000000
1364;237;0,500000000000000000000
1364;118796;0,500000000000000000000
1370;1025;1,000000000000000000000
1379;158;1,000000000000000000000
1402;2008;1,000000000000000000000
1429;6068;0,666666666666666666666
1429;357817;0,333333333333333333333
1432;1482;0,500000000000000000000
1432;3449;0,500000000000000000000
1437;846;0,733333333333333333333
1437;1065;0,133333333333333333333
1437;59841;0,133333333333333333333
1447;2961;1,000000000000000000000
1454;433;0,055555555555555555555
1454;1171;0,055555555555555555555
1454;1610;0,055555555555555555555
1454;1694;0,111111111111111111111
1454;2826;0,111111111111111111111
1454;3648;0,055555555555555555555
1454;6144;0,111111111111111111111
1454;7994;0,166666666666666666666
1454;8044;0,055555555555555555555
1454;9951;0,055555555555555555555
1454;21502;0,111111111111111111111
1454;284856;0,055555555555555555555
1471;47352;0,714285714285714285714
1471;50959;0,285714285714285714285
1487;909;1,000000000000000000000
1489;59745;1,000000000000000000000
1503;3791;0,500000000000000000000
1503;5526;0,500000000000000000000
1513;669;0,200000000000000000000
1513;1160;0,600000000000000000000
1513;6007;0,200000000000000000000
1521;111;1,000000000000000000000
1544;859;0,333333333333333333333
1544;943;0,333333333333333333333
1544;1065;0,333333333333333333333
1554;1845;1,000000000000000000000
1556;520;1,000000000000000000000
1565;812;0,125000000000000000000
1565;1562;0,125000000000000000000
1565;1564;0,062500000000000000000
1565;2470;0,187500000000000000000
1565;2890;0,187500000000000000000
1565;3395;0,187500000000000000000
1565;6940;0,125000000000000000000
1574;96;0,800000000000000000000
1574;27198;0,200000000000000000000
1589;789157;1,000000000000000000000
1591;267;0,133333333333333333333
1591;861;0,066666666666666666666
1591;937;0,200000000000000000000
1591;980;0,133333333333333333333
1591;1277;0,066666666666666666666
1591;1278;0,133333333333333333333
1591;2111;0,066666666666666666666
1591;2181;0,066666666666666666666
1591;2291;0,066666666666666666666
1591;10020;0,066666666666666666666
1596;5440;0,333333333333333333333
1596;432293;0,666666666666666666666
1609;1610;1,000000000000000000000
1637;222;0,125000000000000000000
1637;635;0,250000000000000000000
1637;2712;0,500000000000000000000
1637;336640;0,125000000000000000000
1639;135;0,125000000000000000000
1639;771;0,250000000000000000000
1639;1662;0,500000000000000000000
1639;9350;0,125000000000000000000
1644;183;0,125000000000000000000
1644;1234;0,125000000000000000000
1644;1277;0,250000000000000000000
1644;1278;0,250000000000000000000
1644;1591;0,125000000000000000000
1644;95084;0,125000000000000000000
1650;3665;1,000000000000000000000
1657;1022;0,666666666666666666666
1657;6501;0,333333333333333333333
1662;4099;1,000000000000000000000
1663;648;0,250000000000000000000
1663;6986;0,750000000000000000000
1669;1014;1,000000000000000000000
1681;642;1,000000000000000000000
1692;5478;0,200000000000000000000
1692;15643;0,600000000000000000000
1692;136664;0,200000000000000000000
1697;1321;1,000000000000000000000
1700;1561;0,500000000000000000000
1700;4245;0,500000000000000000000
1708;492;1,000000000000000000000
1710;6723;1,000000000000000000000
1749;303;0,333333333333333333333
1749;1613;0,333333333333333333333
1749;3637;0,333333333333333333333
1754;65;0,100000000000000000000
1754;700;0,100000000000000000000
1754;837;0,100000000000000000000
1754;1864;0,200000000000000000000
1754;4991;0,100000000000000000000
1754;26251;0,100000000000000000000
1754;1128679;0,300000000000000000000
1762;5168;1,000000000000000000000
1769;380;0,333333333333333333333
1769;492;0,333333333333333333333
1769;2008;0,333333333333333333333
1771;1190;0,250000000000000000000
1771;16497;0,750000000000000000000
1778;520;1,000000000000000000000
1785;2080;1,000000000000000000000
1814;698;1,000000000000000000000
1831;275;1,000000000000000000000
1843;115;1,000000000000000000000
1850;4278;1,000000000000000000000
1853;27269;1,000000000000000000000
1855;5613;1,000000000000000000000
1864;135;0,250000000000000000000
1864;1754;0,250000000000000000000
1864;653504;0,500000000000000000000
1877;609;1,000000000000000000000
1893;15444;1,000000000000000000000
1897;528;1,000000000000000000000
1902;740;1,000000000000000000000
1931;2503;0,500000000000000000000
1931;2684;0,500000000000000000000
1940;65;0,142857142857142857142
1940;135;0,142857142857142857142
1940;3680;0,142857142857142857142
1940;1036379;0,571428571428571428571
1942;2657;1,000000000000000000000
1945;360;1,000000000000000000000
1946;72;0,058823529411764705882
1946;127;0,058823529411764705882
1946;829;0,058823529411764705882
1946;904;0,058823529411764705882
1946;1692;0,058823529411764705882
1946;2277;0,058823529411764705882
1946;2825;0,058823529411764705882
1946;2991;0,176470588235294117647
1946;3842;0,058823529411764705882
1946;4281;0,058823529411764705882
1946;6433;0,058823529411764705882
1946;15643;0,176470588235294117647
1946;743909;0,058823529411764705882
1948;140271;1,000000000000000000000
1949;115;0,111111111111111111111
1949;793;0,222222222222222222222
1949;4268;0,111111111111111111111
1949;6048;0,111111111111111111111
1949;7920;0,111111111111111111111
1949;24837;0,111111111111111111111
1949;1077888;0,111111111111111111111
1949;1101851;0,111111111111111111111
1956;7920;1,000000000000000000000
1967;135;0,300000000000000000000
1967;3189;0,200000000000000000000
1967;4020;0,200000000000000000000
1967;6723;0,200000000000000000000
1967;29081;0,100000000000000000000
1974;23;0,285714285714285714285
1974;2390;0,285714285714285714285
1974;3294;0,142857142857142857142
1974;113392;0,285714285714285714285
1988;96;0,062500000000000000000
1988;249;0,025000000000000000000
1988;1513;0,012500000000000000000
1988;2145;0,012500000000000000000
1988;2515;0,125000000000000000000
1988;3005;0,012500000000000000000
1988;3395;0,025000000000000000000
1988;3601;0,025000000000000000000
1988;3753;0,012500000000000000000
1988;4881;0,637500000000000000000
1988;13253;0,012500000000000000000
1988;370126;0,037500000000000000000
1996;22123;1,000000000000000000000
2008;492;0,500000000000000000000
2008;526;0,500000000000000000000
2017;1109;0,250000000000000000000
2017;8623;0,750000000000000000000
2021;119;1,000000000000000000000
2046;8623;1,000000000000000000000
2083;4831;1,000000000000000000000
2099;784;1,000000000000000000000
2105;868;0,333333333333333333333
2105;8165;0,333333333333333333333
2105;16076;0,333333333333333333333
2111;1277;0,500000000000000000000
2111;602536;0,500000000000000000000
2112;277;0,125000000000000000000
2112;3482;0,375000000000000000000
2112;7478;0,125000000000000000000
2112;131383;0,250000000000000000000
2112;398786;0,125000000000000000000
2119;405;1,000000000000000000000
2130;138;0,250000000000000000000
2130;4821;0,250000000000000000000
2130;13367;0,250000000000000000000
2130;27416;0,250000000000000000000
2131;1228;1,000000000000000000000
2140;418;0,500000000000000000000
2140;3513;0,500000000000000000000
2149;4493;0,333333333333333333333
2149;8623;0,333333333333333333333
2149;9399;0,333333333333333333333
2164;1048032;1,000000000000000000000
2176;6440;1,000000000000000000000
2181;1591;1,000000000000000000000
2196;149;0,500000000000000000000
2196;1695;0,500000000000000000000
2199;211;1,000000000000000000000
2200;5089;1,000000000000000000000
2210;9338;1,000000000000000000000
2213;970;1,000000000000000000000
2215;3403;0,500000000000000000000
2215;10740;0,500000000000000000000
2223;669;1,000000000000000000000
2269;2742;0,833333333333333333333
2269;4777;0,166666666666666666666
2275;1220;0,250000000000000000000
2275;26251;0,250000000000000000000
2275;27478;0,500000000000000000000
2276;4472;1,000000000000000000000
2277;116140;1,000000000000000000000
2293;5628;1,000000000000000000000
2310;320;1,000000000000000000000
2349;9208;1,000000000000000000000
2350;891;0,500000000000000000000
2350;393418;0,500000000000000000000
2352;5528;1,000000000000000000000
2355;827;0,571428571428571428571
2355;3141;0,285714285714285714285
2355;6509;0,142857142857142857142
2364;8253;0,400000000000000000000
2364;13396;0,400000000000000000000
2364;1080816;0,200000000000000000000
2371;288;0,333333333333333333333
2371;2678;0,333333333333333333333
2371;8348;0,333333333333333333333
2372;3360;1,000000000000000000000
2379;3234;0,904761904761904761904
2379;3500;0,047619047619047619047
2379;17388;0,047619047619047619047
2383;738;0,333333333333333333333
2383;8648;0,333333333333333333333
2383;13398;0,333333333333333333333
2390;1974;1,000000000000000000000
2421;2112;1,000000000000000000000
2433;135;0,600000000000000000000
2433;1083;0,400000000000000000000
2434;13545;1,000000000000000000000
2438;6694;0,333333333333333333333
2438;8348;0,666666666666666666666
2445;318;0,333333333333333333333
2445;1117;0,333333333333333333333
2445;2099;0,333333333333333333333
2464;771;1,000000000000000000000
2467;898;1,000000000000000000000
2470;21750;1,000000000000000000000
2474;248;1,000000000000000000000
2484;573;1,000000000000000000000
2487;4159;1,000000000000000000000
2492;77;1,000000000000000000000
2498;844;0,111111111111111111111
2498;1169;0,111111111111111111111
2498;1985;0,111111111111111111111
2498;2555;0,111111111111111111111
2498;2823;0,111111111111111111111
2498;2832;0,111111111111111111111
2498;2877;0,111111111111111111111
2498;3962;0,111111111111111111111
2498;14683;0,111111111111111111111
2503;14073;1,000000000000000000000
2515;1988;0,500000000000000000000
2515;1991;0,062500000000000000000
2515;3601;0,062500000000000000000
2515;4881;0,062500000000000000000
2515;5289;0,250000000000000000000
2515;13253;0,062500000000000000000
2523;281170;1,000000000000000000000
2543;1083;0,062500000000000000000
2543;2544;0,062500000000000000000
2543;3278;0,062500000000000000000
2543;4100;0,250000000000000000000
2543;4522;0,062500000000000000000
2543;5481;0,062500000000000000000
2543;6723;0,062500000000000000000
2543;9510;0,062500000000000000000
2543;10255;0,062500000000000000000
2543;11695;0,062500000000000000000
2543;13899;0,062500000000000000000
2543;157551;0,062500000000000000000
2543;365534;0,062500000000000000000
2554;2555;0,333333333333333333333
2554;3876;0,666666666666666666666
2561;184646;1,000000000000000000000
2578;5632;0,333333333333333333333
2578;13265;0,333333333333333333333
2578;352262;0,333333333333333333333
2607;1454;1,000000000000000000000
2630;407;0,333333333333333333333
2630;5626;0,666666666666666666666
2644;8623;1,000000000000000000000
2647;3340;1,000000000000000000000
2657;374246;1,000000000000000000000
2678;2371;0,333333333333333333333
2678;8348;0,666666666666666666666
2684;113;0,055555555555555555555
2684;980;0,055555555555555555555
2684;1234;0,055555555555555555555
2684;1278;0,055555555555555555555
2684;1591;0,055555555555555555555
2684;1931;0,222222222222222222222
2684;2111;0,111111111111111111111
2684;5640;0,111111111111111111111
2684;10188;0,277777777777777777777
2697;1066;0,500000000000000000000
2697;2147;0,500000000000000000000
2712;1637;1,000000000000000000000
2714;4213;1,000000000000000000000
2741;625;0,500000000000000000000
2741;1583;0,500000000000000000000
2772;5918;1,000000000000000000000
2786;846;0,400000000000000000000
2786;965;0,600000000000000000000
2792;54;0,142857142857142857142
2792;119;0,142857142857142857142
2792;320;0,428571428571428571428
2792;2184;0,285714285714285714285
2799;870;1,000000000000000000000
2800;837;1,000000000000000000000
2826;1173;1,000000000000000000000
2834;845;0,400000000000000000000
2834;846;0,500000000000000000000
2834;157662;0,100000000000000000000
2852;2741;1,000000000000000000000
2890;1565;1,000000000000000000000
2897;1092;1,000000000000000000000
2916;293;1,000000000000000000000
2961;24;0,250000000000000000000
2961;411;0,250000000000000000000
2961;1069;0,375000000000000000000
2961;1447;0,125000000000000000000
2991;1946;1,000000000000000000000
3005;1988;1,000000000000000000000
3029;3557;0,500000000000000000000
3029;5464;0,500000000000000000000
3045;268;0,500000000000000000000
3045;2655;0,500000000000000000000
3069;642;0,693877551020408163265
3069;1965;0,306122448979591836734
3085;65;1,000000000000000000000
3088;12889;1,000000000000000000000
3089;1124;1,000000000000000000000
3096;74;1,000000000000000000000
3100;138;1,000000000000000000000
3105;2021;1,000000000000000000000
3122;6723;0,666666666666666666666
3122;135016;0,333333333333333333333
3141;1231;0,833333333333333333333
3141;2355;0,166666666666666666666
3143;365;0,200000000000000000000
3143;703;0,200000000000000000000
3143;1280;0,100000000000000000000
3143;2362;0,100000000000000000000
3143;3966;0,100000000000000000000
3143;6800;0,100000000000000000000
3143;7416;0,100000000000000000000
3143;9194;0,100000000000000000000
3145;2736;0,666666666666666666666
3145;398786;0,333333333333333333333
3164;5350;1,000000000000000000000
3169;35;0,250000000000000000000
3169;4991;0,250000000000000000000
3169;6929;0,500000000000000000000
3176;31885;1,000000000000000000000
3182;5464;1,000000000000000000000
3214;1637;1,000000000000000000000
3222;1092;0,500000000000000000000
3222;666007;0,500000000000000000000
3223;351;0,200000000000000000000
3223;817;0,200000000000000000000
3223;10602;0,200000000000000000000
3223;10926;0,200000000000000000000
3223;54879;0,200000000000000000000
3235;135;0,250000000000000000000
3235;306;0,250000000000000000000
3235;1307;0,250000000000000000000
3235;1942;0,250000000000000000000
3241;4906;0,500000000000000000000
3241;7221;0,500000000000000000000
3256;39;0,250000000000000000000
3256;8985;0,250000000000000000000
3256;9721;0,250000000000000000000
3256;59745;0,250000000000000000000
3271;1060;1,000000000000000000000
3278;4100;1,000000000000000000000
3284;403;1,000000000000000000000
3304;1514;1,000000000000000000000
3318;292;0,250000000000000000000
3318;817;0,250000000000000000000
3318;3022;0,250000000000000000000
3318;851827;0,250000000000000000000
3340;371;0,100000000000000000000
3340;588;0,100000000000000000000
3340;952;0,100000000000000000000
3340;2647;0,100000000000000000000
3340;3348;0,100000000000000000000
3340;336063;0,500000000000000000000
3343;588;1,000000000000000000000
3355;524;1,000000000000000000000
3356;2027;1,000000000000000000000
3359;1769;0,666666666666666666666
3359;2254;0,333333333333333333333
3394;441;1,000000000000000000000
3395;72;0,111111111111111111111
3395;829;0,111111111111111111111
3395;849;0,222222222222222222222
3395;1988;0,111111111111111111111
3395;2364;0,111111111111111111111
3395;16013;0,111111111111111111111
3395;474028;0,222222222222222222222
3403;2214;1,000000000000000000000
3414;4262;0,972972972972972972972
3414;16644;0,027027027027027027027
3427;870;0,333333333333333333333
3427;1563;0,333333333333333333333
3427;8213;0,333333333333333333333
3436;5177;1,000000000000000000000
3443;876;1,000000000000000000000
3450;273;0,333333333333333333333
3450;3260;0,333333333333333333333
3450;10175;0,333333333333333333333
3457;1068;1,000000000000000000000
3465;26354;0,500000000000000000000
3465;432293;0,500000000000000000000
3473;37;0,250000000000000000000
3473;296;0,250000000000000000000
3473;2379;0,250000000000000000000
3473;393418;0,250000000000000000000
3496;1135;0,500000000000000000000
3496;327099;0,500000000000000000000
3499;12572;1,000000000000000000000
3528;2302;1,000000000000000000000
3574;2802;1,000000000000000000000
3586;248834;1,000000000000000000000
3588;4219;1,000000000000000000000
3591;192;0,500000000000000000000
3591;5564;0,500000000000000000000
3601;1988;0,400000000000000000000
3601;2515;0,400000000000000000000
3601;4881;0,200000000000000000000
3608;37812;1,000000000000000000000
3618;3978;1,000000000000000000000
3619;980;1,000000000000000000000
3665;1650;0,777777777777777777777
3665;5484;0,222222222222222222222
3680;521;0,250000000000000000000
3680;1286;0,250000000000000000000
3680;1940;0,500000000000000000000
3738;362;0,500000000000000000000
3738;1314;0,500000000000000000000
3748;5441;1,000000000000000000000
3753;96;0,800000000000000000000
3753;5578;0,200000000000000000000
3779;5626;1,000000000000000000000
3791;1503;1,000000000000000000000
3800;521;0,333333333333333333333
3800;528;0,333333333333333333333
3800;8156;0,333333333333333333333
3811;7741;0,666666666666666666666
3811;9691;0,333333333333333333333
3842;2105;0,250000000000000000000
3842;5037;0,250000000000000000000
3842;12441;0,500000000000000000000
3852;6498;1,000000000000000000000
3857;96;0,375000000000000000000
3857;3753;0,125000000000000000000
3857;5628;0,250000000000000000000
3857;15048;0,125000000000000000000
3857;31343;0,125000000000000000000
3876;13;0,333333333333333333333
3876;967;0,333333333333333333333
3876;9352;0,333333333333333333333
3944;266;0,400000000000000000000
3944;91818;0,200000000000000000000
3944;427048;0,200000000000000000000
3944;442814;0,200000000000000000000
3975;2;0,125000000000000000000
3975;131;0,125000000000000000000
3975;3153;0,125000000000000000000
3975;3575;0,125000000000000000000
3975;3976;0,125000000000000000000
3975;4268;0,125000000000000000000
3975;4780;0,125000000000000000000
3975;27974;0,125000000000000000000
3999;1140;1,000000000000000000000
4000;4877;0,600000000000000000000
4000;10523;0,200000000000000000000
4000;13504;0,200000000000000000000
4052;131;1,000000000000000000000
4059;1196;1,000000000000000000000
4081;5624;1,000000000000000000000
4090;4877;1,000000000000000000000
4094;3399;1,000000000000000000000
4099;1662;1,000000000000000000000
4100;1083;0,200000000000000000000
4100;2543;0,400000000000000000000
4100;3278;0,200000000000000000000
4100;13452;0,200000000000000000000
4132;863;0,500000000000000000000
4132;9367;0,500000000000000000000
4147;2697;1,000000000000000000000
4159;1840;0,333333333333333333333
4159;2487;0,666666666666666666666
4179;3096;0,500000000000000000000
4179;6440;0,500000000000000000000
4240;8723;1,000000000000000000000
4262;3414;1,000000000000000000000
4268;115;0,111111111111111111111
4268;1180;0,111111111111111111111
4268;1949;0,333333333333333333333
4268;1956;0,111111111111111111111
4268;3975;0,111111111111111111111
4268;5089;0,111111111111111111111
4268;6749;0,111111111111111111111
4278;538;1,000000000000000000000
4281;492;1,000000000000000000000
4299;4424;1,000000000000000000000
4305;9350;1,000000000000000000000
4307;7741;1,000000000000000000000
4309;94073;1,000000000000000000000
4334;4132;1,000000000000000000000
4398;101;1,000000000000000000000
4491;4262;1,000000000000000000000
4507;5624;1,000000000000000000000
4522;4100;1,000000000000000000000
4553;1154;0,125000000000000000000
4553;1639;0,125000000000000000000
4553;1981;0,125000000000000000000
4553;443599;0,625000000000000000000
4561;192;1,000000000000000000000
4592;1069;1,000000000000000000000
4639;576;1,000000000000000000000
4681;1077510;1,000000000000000000000
4719;729;0,250000000000000000000
4719;859;0,250000000000000000000
4719;15444;0,500000000000000000000
4729;9968;1,000000000000000000000
4825;4881;1,000000000000000000000
4853;3098;0,166666666666666666666
4853;3574;0,833333333333333333333
4876;6461;1,000000000000000000000
4877;1293;0,142857142857142857142
4877;4000;0,571428571428571428571
4877;4090;0,285714285714285714285
4935;2288;0,500000000000000000000
4935;7920;0,500000000000000000000
4979;2780;1,000000000000000000000
5071;1391;1,000000000000000000000
5077;12591;1,000000000000000000000
5089;2200;0,500000000000000000000
5089;4268;0,500000000000000000000
5093;6913;1,000000000000000000000
5149;550;0,200000000000000000000
5149;5262;0,200000000000000000000
5149;7111;0,200000000000000000000
5149;59745;0,400000000000000000000
5158;85;1,000000000000000000000
5168;411;0,500000000000000000000
5168;419;0,125000000000000000000
5168;1069;0,375000000000000000000
5177;3436;1,000000000000000000000
5214;192;1,000000000000000000000
5289;2515;1,000000000000000000000
5329;1206;1,000000000000000000000
5350;3164;0,333333333333333333333
5350;4935;0,333333333333333333333
5350;17727;0,333333333333333333333
5367;6234;1,000000000000000000000
5415;15863;1,000000000000000000000
5437;18258;1,000000000000000000000
5440;318;0,125000000000000000000
5440;970;0,375000000000000000000
5440;1596;0,500000000000000000000
5464;380;0,500000000000000000000
5464;3557;0,500000000000000000000
5469;3515;1,000000000000000000000
5519;5922;1,000000000000000000000
5526;3096;1,000000000000000000000
5528;2352;1,000000000000000000000
5543;7131;0,500000000000000000000
5543;9905;0,500000000000000000000
5564;192;0,115384615384615384615
5564;496;0,038461538461538461538
5564;887;0,076923076923076923076
5564;1393;0,038461538461538461538
5564;1667;0,076923076923076923076
5564;2037;0,038461538461538461538
5564;2271;0,038461538461538461538
5564;2272;0,038461538461538461538
5564;2359;0,038461538461538461538
5564;3591;0,115384615384615384615
5564;4364;0,038461538461538461538
5564;4561;0,038461538461538461538
5564;5214;0,038461538461538461538
5564;7762;0,038461538461538461538
5564;9387;0,038461538461538461538
5564;9413;0,038461538461538461538
5564;9432;0,076923076923076923076
5564;10946;0,038461538461538461538
5564;13372;0,038461538461538461538
5578;3753;1,000000000000000000000
5613;23;1,000000000000000000000
5617;13704;1,000000000000000000000
5624;4507;1,000000000000000000000
5628;2293;0,142857142857142857142
5628;3174;0,285714285714285714285
5628;24668;0,142857142857142857142
5628;31343;0,428571428571428571428
5632;2578;1,000000000000000000000
5638;311584;0,500000000000000000000
5638;1075127;0,500000000000000000000
5640;2684;0,166666666666666666666
5640;10188;0,083333333333333333333
5640;1080816;0,750000000000000000000
5647;849;0,125000000000000000000
5647;850;0,125000000000000000000
5647;1024;0,125000000000000000000
5647;4344;0,125000000000000000000
5647;13482;0,125000000000000000000
5647;29667;0,125000000000000000000
5647;55134;0,125000000000000000000
5647;511019;0,125000000000000000000
5651;2491;1,000000000000000000000
5666;6929;0,500000000000000000000
5666;7741;0,500000000000000000000
5691;72;0,100000000000000000000
5691;296;0,100000000000000000000
5691;829;0,100000000000000000000
5691;866;0,100000000000000000000
5691;1946;0,100000000000000000000
5691;3085;0,100000000000000000000
5691;3395;0,100000000000000000000
5691;10306;0,100000000000000000000
5691;284854;0,200000000000000000000
5753;3564;0,333333333333333333333
5753;7994;0,666666666666666666666
5856;547;1,000000000000000000000
5909;1278;1,000000000000000000000
5922;5519;1,000000000000000000000
6048;1949;1,000000000000000000000
6068;100;1,000000000000000000000
6132;863;1,000000000000000000000
6151;1206;1,000000000000000000000
6234;46;0,250000000000000000000
6234;5367;0,750000000000000000000
6433;1946;1,000000000000000000000
6440;74;0,500000000000000000000
6440;2176;0,166666666666666666666
6440;4179;0,333333333333333333333
6444;5824;0,500000000000000000000
6444;12876;0,500000000000000000000
6465;2503;1,000000000000000000000
6503;2736;1,000000000000000000000
6504;2355;1,000000000000000000000
6505;71;0,333333333333333333333
6505;1143;0,333333333333333333333
6505;140271;0,333333333333333333333
6509;2355;1,000000000000000000000
6511;1965;1,000000000000000000000
6543;771;0,500000000000000000000
6543;5013;0,500000000000000000000
6548;1060;1,000000000000000000000
6567;995;0,200000000000000000000
6567;1016;0,200000000000000000000
6567;1462;0,400000000000000000000
6567;12706;0,200000000000000000000
6694;545;1,000000000000000000000
6723;135;0,166666666666666666666
6723;435;0,166666666666666666666
6723;1156;0,083333333333333333333
6723;1967;0,166666666666666666666
6723;3189;0,083333333333333333333
6723;4020;0,083333333333333333333
6723;6461;0,166666666666666666666
6723;9258;0,083333333333333333333
6734;6918;1,000000000000000000000
6765;2275;1,000000000000000000000
6773;681;0,250000000000000000000
6773;5175;0,500000000000000000000
6773;394755;0,250000000000000000000
6792;854;1,000000000000000000000
6892;428;0,333333333333333333333
6892;1004;0,333333333333333333333
6892;366867;0,333333333333333333333
6913;5093;1,000000000000000000000
6929;3169;0,500000000000000000000
6929;5666;0,500000000000000000000
6930;1135;1,000000000000000000000
6986;418;0,500000000000000000000
6986;648;0,500000000000000000000
7030;846;0,500000000000000000000
7030;5643;0,500000000000000000000
7049;267;0,052631578947368421052
7049;861;0,052631578947368421052
7049;1448;0,052631578947368421052
7049;1570;0,052631578947368421052
7049;1583;0,263157894736842105263
7049;1591;0,052631578947368421052
7049;2379;0,052631578947368421052
7049;3045;0,052631578947368421052
7049;3234;0,052631578947368421052
7049;3381;0,052631578947368421052
7049;4376;0,052631578947368421052
7049;8095;0,052631578947368421052
7049;8630;0,052631578947368421052
7049;10020;0,052631578947368421052
7049;12907;0,052631578947368421052
7095;519;0,500000000000000000000
7095;547708;0,500000000000000000000
7111;5149;1,000000000000000000000
7131;5543;0,333333333333333333333
7131;9905;0,666666666666666666666
7183;9356;1,000000000000000000000
7221;977;0,333333333333333333333
7221;3241;0,333333333333333333333
7221;5691;0,333333333333333333333
7278;352262;1,000000000000000000000
7341;399;1,000000000000000000000
7478;2112;1,000000000000000000000
7521;3212;0,333333333333333333333
7521;4576;0,333333333333333333333
7521;13141;0,333333333333333333333
7543;551;0,028571428571428571428
7543;600;0,042857142857142857142
7543;1344;0,028571428571428571428
7543;1454;0,028571428571428571428
7543;1898;0,028571428571428571428
7543;2743;0,042857142857142857142
7543;2786;0,057142857142857142857
7543;3256;0,014285714285714285714
7543;3420;0,028571428571428571428
7543;3685;0,028571428571428571428
7543;4587;0,028571428571428571428
7543;5136;0,014285714285714285714
7543;7717;0,042857142857142857142
7543;7975;0,028571428571428571428
7543;8212;0,028571428571428571428
7543;12959;0,028571428571428571428
7543;15737;0,042857142857142857142
7543;23759;0,014285714285714285714
7543;27613;0,028571428571428571428
7543;152027;0,385714285714285714285
7543;329272;0,028571428571428571428
7560;275;0,500000000000000000000
7560;4748;0,500000000000000000000
7574;184;0,500000000000000000000
7574;2630;0,500000000000000000000
7578;1650;1,000000000000000000000
7686;4160;1,000000000000000000000
7711;6955;1,000000000000000000000
7741;706;0,166666666666666666666
7741;3811;0,166666666666666666666
7741;4307;0,166666666666666666666
7741;5013;0,166666666666666666666
7741;5666;0,333333333333333333333
7748;368117;1,000000000000000000000
7788;352420;1,000000000000000000000
7874;27708;1,000000000000000000000
7920;1949;1,000000000000000000000
7975;59745;1,000000000000000000000
8051;8539;1,000000000000000000000
8062;211;1,000000000000000000000
8162;275;1,000000000000000000000
8212;1454;1,000000000000000000000
8348;2337;0,200000000000000000000
8348;2371;0,200000000000000000000
8348;2438;0,200000000000000000000
8348;2678;0,400000000000000000000
8373;7095;1,000000000000000000000
8442;479;0,250000000000000000000
8442;520;0,500000000000000000000
8442;8473;0,250000000000000000000
8464;4497;1,000000000000000000000
8465;240;0,020000000000000000000
8465;362;0,020000000000000000000
8465;475;0,020000000000000000000
8465;479;0,020000000000000000000
8465;520;0,020000000000000000000
8465;525;0,020000000000000000000
8465;706;0,020000000000000000000
8465;793;0,020000000000000000000
8465;852;0,020000000000000000000
8465;1107;0,020000000000000000000
8465;1171;0,020000000000000000000
8465;1313;0,020000000000000000000
8465;1314;0,020000000000000000000
8465;1315;0,020000000000000000000
8465;1748;0,020000000000000000000
8465;2306;0,020000000000000000000
8465;2490;0,020000000000000000000
8465;2491;0,020000000000000000000
8465;3038;0,020000000000000000000
8465;3374;0,020000000000000000000
8465;3590;0,020000000000000000000
8465;4219;0,020000000000000000000
8465;4242;0,020000000000000000000
8465;4497;0,020000000000000000000
8465;4706;0,020000000000000000000
8465;4835;0,020000000000000000000
8465;4991;0,020000000000000000000
8465;4995;0,020000000000000000000
8465;4998;0,020000000000000000000
8465;4999;0,020000000000000000000
8465;5001;0,020000000000000000000
8465;5002;0,020000000000000000000
8465;5003;0,020000000000000000000
8465;5005;0,020000000000000000000
8465;5011;0,020000000000000000000
8465;5013;0,020000000000000000000
8465;5019;0,020000000000000000000
8465;5666;0,020000000000000000000
8465;5935;0,020000000000000000000
8465;8438;0,020000000000000000000
8465;8442;0,020000000000000000000
8465;8449;0,020000000000000000000
8465;8458;0,020000000000000000000
8465;8460;0,020000000000000000000
8465;8462;0,020000000000000000000
8465;8470;0,020000000000000000000
8465;8473;0,020000000000000000000
8465;8476;0,020000000000000000000
8465;21271;0,020000000000000000000
8465;310049;0,020000000000000000000
8473;479;0,500000000000000000000
8473;8460;0,500000000000000000000
8580;1282;1,000000000000000000000
8623;9;0,111111111111111111111
8623;2017;0,777777777777777777777
8623;2046;0,111111111111111111111
8641;388;1,000000000000000000000
8648;2383;1,000000000000000000000
8756;3528;1,000000000000000000000
8786;2302;1,000000000000000000000
8820;28195;1,000000000000000000000
8910;9019;0,500000000000000000000
8910;50332;0,500000000000000000000
9110;524;1,000000000000000000000
9208;2349;1,000000000000000000000
9226;12247;1,000000000000000000000
9300;27938;1,000000000000000000000
9338;360;0,500000000000000000000
9338;2210;0,500000000000000000000
9350;2;0,009009009009009009009
9350;510;0,009009009009009009009
9350;739;0,009009009009009009009
9350;740;0,009009009009009009009
9350;1145;0,009009009009009009009
9350;1175;0,009009009009009009009
9350;1352;0,009009009009009009009
9350;1408;0,009009009009009009009
9350;1569;0,009009009009009009009
9350;1902;0,009009009009009009009
9350;1903;0,009009009009009009009
9350;1913;0,009009009009009009009
9350;2277;0,009009009009009009009
9350;3100;0,009009009009009009009
9350;3153;0,009009009009009009009
9350;3976;0,009009009009009009009
9350;4058;0,009009009009009009009
9350;4305;0,009009009009009009009
9350;5218;0,009009009009009009009
9350;5349;0,009009009009009009009
9350;5354;0,009009009009009009009
9350;5610;0,009009009009009009009
9350;5851;0,009009009009009009009
9350;5909;0,009009009009009009009
9350;5960;0,009009009009009009009
9350;7630;0,009009009009009009009
9350;7660;0,009009009009009009009
9350;8056;0,009009009009009009009
9350;9015;0,009009009009009009009
9350;10941;0,009009009009009009009
9350;11675;0,009009009009009009009
9350;12165;0,009009009009009009009
9350;12698;0,009009009009009009009
9350;12805;0,009009009009009009009
9350;12820;0,009009009009009009009
9350;13239;0,009009009009009009009
9350;13472;0,009009009009009009009
9350;13502;0,009009009009009009009
9350;13579;0,009009009009009009009
9350;13580;0,009009009009009009009
9350;13584;0,009009009009009009009
9350;13644;0,009009009009009009009
9350;13809;0,009009009009009009009
9350;14048;0,009009009009009009009
9350;14072;0,009009009009009009009
9350;14184;0,009009009009009009009
9350;14266;0,009009009009009009009
9350;16815;0,009009009009009009009
9350;16873;0,009009009009009009009
9350;16880;0,009009009009009009009
9350;17352;0,009009009009009009009
9350;19328;0,009009009009009009009
9350;20403;0,009009009009009009009
9350;21507;0,009009009009009009009
9350;23228;0,009009009009009009009
9350;26149;0,009009009009009009009
9350;26479;0,009009009009009009009
9350;27170;0,009009009009009009009
9350;27239;0,009009009009009009009
9350;27811;0,009009009009009009009
9350;27815;0,009009009009009009009
9350;27823;0,009009009009009009009
9350;27929;0,009009009009009009009
9350;27930;0,009009009009009009009
9350;27931;0,009009009009009009009
9350;27936;0,009009009009009009009
9350;27947;0,009009009009009009009
9350;27949;0,009009009009009009009
9350;27950;0,009009009009009009009
9350;27951;0,009009009009009009009
9350;27953;0,009009009009009009009
9350;27957;0,009009009009009009009
9350;27959;0,009009009009009009009
9350;27962;0,009009009009009009009
9350;27963;0,009009009009009009009
9350;27965;0,009009009009009009009
9350;27966;0,009009009009009009009
9350;27968;0,009009009009009009009
9350;27976;0,009009009009009009009
9350;27978;0,009009009009009009009
9350;28009;0,009009009009009009009
9350;28010;0,009009009009009009009
9350;28013;0,009009009009009009009
9350;28014;0,009009009009009009009
9350;28017;0,009009009009009009009
9350;28018;0,009009009009009009009
9350;28019;0,009009009009009009009
9350;28021;0,009009009009009009009
9350;28022;0,009009009009009009009
9350;28023;0,009009009009009009009
9350;28027;0,009009009009009009009
9350;28028;0,009009009009009009009
9350;28029;0,009009009009009009009
9350;28030;0,009009009009009009009
9350;28031;0,009009009009009009009
9350;28032;0,009009009009009009009
9350;28048;0,009009009009009009009
9350;28049;0,009009009009009009009
9350;28078;0,009009009009009009009
9350;28157;0,009009009009009009009
9350;28859;0,009009009009009009009
9350;28894;0,009009009009009009009
9350;28931;0,009009009009009009009
9350;28932;0,009009009009009009009
9350;28934;0,009009009009009009009
9350;28936;0,009009009009009009009
9350;32097;0,009009009009009009009
9350;40468;0,009009009009009009009
9350;52792;0,009009009009009009009
9350;82193;0,009009009009009009009
9350;491898;0,009009009009009009009
9352;3876;1,000000000000000000000
9367;4132;1,000000000000000000000
9391;65;1,000000000000000000000
9395;2064;0,333333333333333333333
9395;333184;0,666666666666666666666
9396;526;1,000000000000000000000
9414;933;0,111111111111111111111
9414;1096;0,111111111111111111111
9414;3829;0,111111111111111111111
9414;5922;0,111111111111111111111
9414;6027;0,111111111111111111111
9414;9430;0,111111111111111111111
9414;9968;0,111111111111111111111
9414;14050;0,111111111111111111111
9414;21514;0,111111111111111111111
9430;27175;1,000000000000000000000
9432;5564;1,000000000000000000000
9434;2214;1,000000000000000000000
9437;13369;1,000000000000000000000
9483;557;1,000000000000000000000
9618;119;1,000000000000000000000
9657;771;1,000000000000000000000
9674;6918;1,000000000000000000000
9721;1589;0,500000000000000000000
9721;3256;0,500000000000000000000
9722;520;0,500000000000000000000
9722;1227;0,500000000000000000000
9723;659902;1,000000000000000000000
9729;1600;1,000000000000000000000
9831;12938;1,000000000000000000000
9925;3340;1,000000000000000000000
10000;3116;0,500000000000000000000
10000;14465;0,500000000000000000000
10103;1140;1,000000000000000000000
10109;1639;1,000000000000000000000
10175;118796;1,000000000000000000000
10188;829;0,111111111111111111111
10188;2111;0,222222222222222222222
10188;2684;0,555555555555555555555
10188;5640;0,111111111111111111111
10207;667;1,000000000000000000000
10338;319841;1,000000000000000000000
10658;635;0,058823529411764705882
10658;731;0,058823529411764705882
10658;882;0,058823529411764705882
10658;1471;0,058823529411764705882
10658;1810;0,058823529411764705882
10658;1831;0,058823529411764705882
10658;3091;0,058823529411764705882
10658;3436;0,058823529411764705882
10658;3829;0,058823529411764705882
10658;5083;0,058823529411764705882
10658;8512;0,058823529411764705882
10658;22211;0,058823529411764705882
10658;25488;0,058823529411764705882
10658;42210;0,058823529411764705882
10658;76428;0,058823529411764705882
10658;173893;0,058823529411764705882
10658;282773;0,058823529411764705882
10946;192;1,000000000000000000000
11213;365536;1,000000000000000000000
11680;10020;1,000000000000000000000
11863;510;0,333333333333333333333
11863;740;0,333333333333333333333
11863;3100;0,333333333333333333333
11869;2137;1,000000000000000000000
12026;771;1,000000000000000000000
12156;853;0,083333333333333333333
12156;1319;0,083333333333333333333
12156;1717;0,083333333333333333333
12156;4430;0,083333333333333333333
12156;4470;0,083333333333333333333
12156;4772;0,083333333333333333333
12156;5526;0,083333333333333333333
12156;8873;0,083333333333333333333
12156;9090;0,083333333333333333333
12156;13622;0,083333333333333333333
12156;27862;0,083333333333333333333
12156;122436;0,083333333333333333333
12165;1609;0,500000000000000000000
12165;27953;0,500000000000000000000
12356;4892;1,000000000000000000000
12432;7941;1,000000000000000000000
12500;5354;1,000000000000000000000
12745;5530;1,000000000000000000000
12798;877;0,333333333333333333333
12798;2214;0,333333333333333333333
12798;525330;0,333333333333333333333
12938;9831;1,000000000000000000000
12959;27707;1,000000000000000000000
13122;2704;1,000000000000000000000
13176;681;1,000000000000000000000
13253;1048;0,250000000000000000000
13253;1873;0,125000000000000000000
13253;2515;0,250000000000000000000
13253;4825;0,125000000000000000000
13253;6666;0,125000000000000000000
13253;12775;0,125000000000000000000
13265;1150;1,000000000000000000000
13335;14742;1,000000000000000000000
13369;911;0,500000000000000000000
13369;9437;0,500000000000000000000
13398;2383;1,000000000000000000000
13452;28629;1,000000000000000000000
13545;2434;1,000000000000000000000
13769;85;1,000000000000000000000
13899;2544;1,000000000000000000000
14048;9350;1,000000000000000000000
14151;527;0,250000000000000000000
14151;3657;0,250000000000000000000
14151;6913;0,250000000000000000000
14151;9729;0,250000000000000000000
14465;10000;1,000000000000000000000
15444;1893;0,333333333333333333333
15444;2512;0,166666666666666666666
15444;4719;0,500000000000000000000
15471;275;0,222222222222222222222
15471;282;0,111111111111111111111
15471;477;0,111111111111111111111
15471;731;0,111111111111111111111
15471;5138;0,111111111111111111111
15471;173893;0,111111111111111111111
15471;282773;0,222222222222222222222
15643;71;0,012195121951219512195
15643;131;0,048780487804878048780
15643;135;0,012195121951219512195
15643;194;0,012195121951219512195
15643;276;0,012195121951219512195
15643;277;0,024390243902439024390
15643;296;0,012195121951219512195
15643;352;0,024390243902439024390
15643;354;0,012195121951219512195
15643;404;0,012195121951219512195
15643;425;0,012195121951219512195
15643;427;0,012195121951219512195
15643;443;0,036585365853658536585
15643;749;0,024390243902439024390
15643;796;0,012195121951219512195
15643;1118;0,012195121951219512195
15643;1122;0,012195121951219512195
15643;1149;0,012195121951219512195
15643;1180;0,048780487804878048780
15643;1366;0,024390243902439024390
15643;1692;0,048780487804878048780
15643;1724;0,012195121951219512195
15643;1892;0,012195121951219512195
15643;1942;0,012195121951219512195
15643;1945;0,012195121951219512195
15643;1946;0,024390243902439024390
15643;2112;0,012195121951219512195
15643;2445;0,024390243902439024390
15643;2489;0,024390243902439024390
15643;2504;0,024390243902439024390
15643;3315;0,012195121951219512195
15643;3317;0,012195121951219512195
15643;3446;0,012195121951219512195
15643;3523;0,012195121951219512195
15643;3607;0,024390243902439024390
15643;3685;0,024390243902439024390
15643;4004;0,012195121951219512195
15643;4344;0,024390243902439024390
15643;4530;0,024390243902439024390
15643;5071;0,012195121951219512195
15643;6297;0,012195121951219512195
15643;6627;0,012195121951219512195
15643;7605;0,024390243902439024390
15643;7713;0,012195121951219512195
15643;9047;0,024390243902439024390
15643;10359;0,012195121951219512195
15643;20235;0,012195121951219512195
15643;27887;0,024390243902439024390
15643;29085;0,024390243902439024390
15643;41776;0,012195121951219512195
15643;59841;0,012195121951219512195
15643;78108;0,012195121951219512195
15643;98841;0,012195121951219512195
15643;604246;0,012195121951219512195
15643;1064740;0,012195121951219512195
15975;9905;1,000000000000000000000
16076;186;0,111111111111111111111
16076;1997;0,111111111111111111111
16076;3877;0,111111111111111111111
16076;5119;0,111111111111111111111
16076;5386;0,111111111111111111111
16076;6892;0,111111111111111111111
16076;9720;0,333333333333333333333
16497;1220;0,428571428571428571428
16497;1771;0,571428571428571428571
16665;7941;1,000000000000000000000
16994;2287;0,500000000000000000000
16994;6918;0,500000000000000000000
17208;3671;1,000000000000000000000
17275;920;1,000000000000000000000
17280;65998;1,000000000000000000000
17302;706;1,000000000000000000000
17549;9215;1,000000000000000000000
17584;3891;0,200000000000000000000
17584;7920;0,200000000000000000000
17584;9468;0,400000000000000000000
17584;13907;0,200000000000000000000
17826;3420;1,000000000000000000000
18247;6581;1,000000000000000000000
18300;568;1,000000000000000000000
20216;5626;1,000000000000000000000
20235;443;0,333333333333333333333
20235;911;0,166666666666666666666
20235;16644;0,166666666666666666666
20235;134008;0,333333333333333333333
20307;507180;1,000000000000000000000
20393;5640;0,333333333333333333333
20393;27615;0,666666666666666666666
20666;13054;1,000000000000000000000
20853;1462;1,000000000000000000000
21396;1127;1,000000000000000000000
21514;6027;1,000000000000000000000
21541;608;1,000000000000000000000
21734;3111;1,000000000000000000000
21750;2470;1,000000000000000000000
23720;452;0,166666666666666666666
23720;1025;0,500000000000000000000
23720;1370;0,166666666666666666666
23720;791903;0,166666666666666666666
23749;408414;1,000000000000000000000
25205;6918;1,000000000000000000000
25229;1497;1,000000000000000000000
26251;859;1,000000000000000000000
27175;1220;0,250000000000000000000
27175;9430;0,250000000000000000000
27175;373677;0,500000000000000000000
27349;2098;1,000000000000000000000
27416;2130;1,000000000000000000000
27557;3292;1,000000000000000000000
27619;27626;1,000000000000000000000
27763;26502;1,000000000000000000000
27861;585;1,000000000000000000000
27965;9350;1,000000000000000000000
28210;1220;1,000000000000000000000
28822;25264;1,000000000000000000000
31343;3857;0,500000000000000000000
31343;5628;0,500000000000000000000
31885;3176;0,500000000000000000000
31885;184987;0,500000000000000000000
37812;1483;0,200000000000000000000
37812;3608;0,200000000000000000000
37812;9668;0,200000000000000000000
37812;10507;0,200000000000000000000
37812;37814;0,200000000000000000000
37814;1124;1,000000000000000000000
41565;688;0,500000000000000000000
41565;1069;0,500000000000000000000
47352;1471;0,700000000000000000000
47352;50959;0,300000000000000000000
48862;5470;1,000000000000000000000
50332;8910;1,000000000000000000000
57838;911;0,500000000000000000000
57838;5629;0,500000000000000000000
59745;1169;0,500000000000000000000
59745;2863;0,033333333333333333333
59745;3256;0,066666666666666666666
59745;4274;0,033333333333333333333
59745;131383;0,066666666666666666666
59745;189452;0,033333333333333333333
59745;366089;0,200000000000000000000
59745;408414;0,066666666666666666666
59841;283;0,011363636363636363636
59841;293;0,011363636363636363636
59841;419;0,011363636363636363636
59841;846;0,056818181818181818181
59841;1065;0,011363636363636363636
59841;1066;0,011363636363636363636
59841;1142;0,011363636363636363636
59841;1169;0,011363636363636363636
59841;1250;0,011363636363636363636
59841;1432;0,011363636363636363636
59841;1563;0,011363636363636363636
59841;2083;0,011363636363636363636
59841;2863;0,011363636363636363636
59841;3256;0,011363636363636363636
59841;5245;0,011363636363636363636
59841;5789;0,011363636363636363636
59841;6497;0,011363636363636363636
59841;7030;0,011363636363636363636
59841;7322;0,011363636363636363636
59841;7660;0,011363636363636363636
59841;8268;0,011363636363636363636
59841;9019;0,011363636363636363636
59841;13502;0,011363636363636363636
59841;59745;0,011363636363636363636
59841;192866;0,034090909090909090909
59841;764124;0,647727272727272727272
63981;1278;1,000000000000000000000
65998;538;0,043478260869565217391
65998;2175;0,152173913043478260869
65998;3197;0,021739130434782608695
65998;4145;0,152173913043478260869
65998;5852;0,021739130434782608695
65998;7072;0,021739130434782608695
65998;8373;0,043478260869565217391
65998;17280;0,065217391304347826086
65998;17281;0,043478260869565217391
65998;66075;0,304347826086956521739
65998;373924;0,021739130434782608695
65998;547708;0,108695652173913043478
66075;17281;1,000000000000000000000
67275;237;1,000000000000000000000
71411;748;0,250000000000000000000
71411;75827;0,250000000000000000000
71411;76428;0,250000000000000000000
71411;325599;0,250000000000000000000
76428;748;0,333333333333333333333
76428;28517;0,333333333333333333333
76428;81648;0,333333333333333333333
81648;76428;1,000000000000000000000
94073;4309;1,000000000000000000000
112062;826;1,000000000000000000000
113392;131;0,300000000000000000000
113392;864;0,200000000000000000000
113392;1263;0,100000000000000000000
113392;1974;0,300000000000000000000
113392;2350;0,100000000000000000000
116140;1117;0,250000000000000000000
116140;2277;0,125000000000000000000
116140;8253;0,125000000000000000000
116140;704910;0,500000000000000000000
118796;237;0,500000000000000000000
118796;1364;0,250000000000000000000
118796;10175;0,250000000000000000000
131383;7780;1,000000000000000000000
135016;3122;1,000000000000000000000
136664;5148;0,500000000000000000000
136664;7577;0,500000000000000000000
140014;19176;1,000000000000000000000
140271;644;0,333333333333333333333
140271;645;0,333333333333333333333
140271;4695;0,333333333333333333333
146462;168;0,166666666666666666666
146462;1156;0,166666666666666666666
146462;4825;0,333333333333333333333
146462;4881;0,166666666666666666666
146462;370126;0,166666666666666666666
157662;302;0,200000000000000000000
157662;2834;0,800000000000000000000
160268;1778;1,000000000000000000000
163510;11;0,500000000000000000000
163510;4777;0,500000000000000000000
184987;379;0,333333333333333333333
184987;898;0,333333333333333333333
184987;2467;0,333333333333333333333
189452;288;0,200000000000000000000
189452;119973;0,200000000000000000000
189452;190971;0,600000000000000000000
190971;189452;1,000000000000000000000
192866;846;0,333333333333333333333
192866;59841;0,666666666666666666666
193005;934;1,000000000000000000000
229072;1988;0,333333333333333333333
229072;4881;0,333333333333333333333
229072;1130242;0,333333333333333333333
248832;347540;1,000000000000000000000
248834;3586;0,500000000000000000000
248834;5012;0,500000000000000000000
255740;5054;1,000000000000000000000
278351;706;0,666666666666666666666
278351;771;0,333333333333333333333
279623;367121;1,000000000000000000000
281170;2523;1,000000000000000000000
282900;3395;1,000000000000000000000
283633;2302;1,000000000000000000000
283635;28763;1,000000000000000000000
284854;977;0,500000000000000000000
284854;5691;0,500000000000000000000
326192;4;0,333333333333333333333
326192;4372;0,333333333333333333333
326192;24536;0,333333333333333333333
327099;1135;1,000000000000000000000
329272;2834;1,000000000000000000000
333184;9395;1,000000000000000000000
335189;115;1,000000000000000000000
336063;3340;1,000000000000000000000
336640;1637;1,000000000000000000000
347540;66;0,666666666666666666666
347540;248832;0,333333333333333333333
352262;7278;1,000000000000000000000
355594;379234;1,000000000000000000000
365532;1892;1,000000000000000000000
366089;1169;0,500000000000000000000
366089;59745;0,500000000000000000000
368117;7748;1,000000000000000000000
373677;1042;0,666666666666666666666
373677;27175;0,333333333333333333333
374246;520;0,111111111111111111111
374246;1340;0,111111111111111111111
374246;38738;0,111111111111111111111
374246;95084;0,111111111111111111111
374246;653504;0,555555555555555555555
377520;100;1,000000000000000000000
383069;6918;1,000000000000000000000
389498;585;0,500000000000000000000
389498;8156;0,500000000000000000000
393418;37;0,315789473684210526315
393418;148;0,052631578947368421052
393418;660;0,105263157894736842105
393418;891;0,052631578947368421052
393418;1940;0,052631578947368421052
393418;2350;0,052631578947368421052
393418;6461;0,263157894736842105263
393418;113392;0,105263157894736842105
398787;398786;1,000000000000000000000
403195;213;1,000000000000000000000
408414;1169;0,666666666666666666666
408414;6567;0,166666666666666666666
408414;23749;0,166666666666666666666
432293;1596;0,600000000000000000000
432293;3465;0,200000000000000000000
432293;56282;0,200000000000000000000
442813;13814;0,666666666666666666666
442813;442814;0,333333333333333333333
453859;837;1,000000000000000000000
474028;982;0,200000000000000000000
474028;3395;0,400000000000000000000
474028;5640;0,200000000000000000000
474028;1080816;0,200000000000000000000
484680;115;1,000000000000000000000
507180;530;0,285714285714285714285
507180;4173;0,428571428571428571428
507180;20307;0,285714285714285714285
525330;2214;0,500000000000000000000
525330;12798;0,500000000000000000000
533247;846;1,000000000000000000000
547708;3515;0,500000000000000000000
547708;8109;0,500000000000000000000
589508;407;0,250000000000000000000
589508;3779;0,250000000000000000000
589508;5626;0,500000000000000000000
623129;845;0,571428571428571428571
623129;846;0,214285714285714285714
623129;982;0,071428571428571428571
623129;1041;0,071428571428571428571
623129;1437;0,071428571428571428571
642255;452;1,000000000000000000000
653504;1262;0,142857142857142857142
653504;1864;0,571428571428571428571
653504;3235;0,142857142857142857142
653504;374246;0,142857142857142857142
666007;3222;1,000000000000000000000
704910;1117;1,000000000000000000000
743909;865;0,142857142857142857142
743909;1946;0,142857142857142857142
743909;7975;0,142857142857142857142
743909;12333;0,142857142857142857142
743909;12959;0,142857142857142857142
743909;792462;0,142857142857142857142
743909;851827;0,142857142857142857142
744171;283;1,000000000000000000000
764124;59841;1,000000000000000000000
791903;281;0,583333333333333333333
791903;876;0,083333333333333333333
791903;1129;0,083333333333333333333
791903;1370;0,083333333333333333333
791903;23720;0,083333333333333333333
791903;693032;0,083333333333333333333
813240;249;0,142857142857142857142
813240;472;0,333333333333333333333
813240;1342;0,095238095238095238095
813240;1526;0,095238095238095238095
813240;1898;0,047619047619047619047
813240;2133;0,047619047619047619047
813240;4313;0,047619047619047619047
813240;4747;0,047619047619047619047
813240;4777;0,047619047619047619047
813240;329272;0,095238095238095238095
851827;659899;1,000000000000000000000
896624;1080900;1,000000000000000000000
906176;829;0,333333333333333333333
906176;940328;0,666666666666666666666
931417;1609;0,500000000000000000000
931417;27693;0,500000000000000000000
959966;1574;1,000000000000000000000
985164;9391;1,000000000000000000000
1036379;1940;0,823529411764705882352
1036379;349041;0,176470588235294117647
1048032;2164;0,285714285714285714285
1048032;2166;0,142857142857142857142
1048032;2396;0,285714285714285714285
1048032;4719;0,142857142857142857142
1048032;1107479;0,142857142857142857142
1063091;934;1,000000000000000000000
1071327;263;1,000000000000000000000
1080816;2364;0,333333333333333333333
1080816;431565;0,333333333333333333333
1080816;474028;0,333333333333333333333
1096171;2204;1,000000000000000000000
1096588;6461;1,000000000000000000000
1107578;4821;0,500000000000000000000
1107578;5212;0,500000000000000000000
1122255;1117;0,500000000000000000000
1122255;8253;0,500000000000000000000
1128679;179;0,166666666666666666666
1128679;257158;0,166666666666666666666
1128679;747808;0,666666666666666666666
1140570;13692;1,000000000000000000000
1142431;420;0,500000000000000000000
1142431;1071327;0,500000000000000000000
1142847;2555;1,000000000000000000000
