26;1495;1,000000000000000000000
54;541;0,250000000000000000000
54;1116;0,250000000000000000000
54;2792;0,250000000000000000000
54;3523;0,250000000000000000000
71;194;0,047619047619047619047
71;240;0,047619047619047619047
71;628;0,047619047619047619047
71;695;0,047619047619047619047
71;1143;0,142857142857142857142
71;1276;0,047619047619047619047
71;1754;0,047619047619047619047
71;1941;0,190476190476190476190
71;1948;0,047619047619047619047
71;2731;0,047619047619047619047
71;3607;0,047619047619047619047
71;8229;0,047619047619047619047
71;13074;0,142857142857142857142
71;15643;0,047619047619047619047
72;830;0,333333333333333333333
72;1361;0,666666666666666666666
73;550;0,250000000000000000000
73;576;0,250000000000000000000
73;596;0,250000000000000000000
73;5789;0,250000000000000000000
77;468;0,500000000000000000000
77;1263;0,500000000000000000000
80;502;0,166666666666666666666
80;1129;0,166666666666666666666
80;2518;0,333333333333333333333
80;3515;0,166666666666666666666
80;3625;0,166666666666666666666
83;5239;0,500000000000000000000
83;5591;0,500000000000000000000
90;69;0,050000000000000000000
90;135;0,050000000000000000000
90;151;0,050000000000000000000
90;695;0,050000000000000000000
90;749;0,050000000000000000000
90;1101;0,050000000000000000000
90;1200;0,050000000000000000000
90;1475;0,050000000000000000000
90;2146;0,050000000000000000000
90;2149;0,050000000000000000000
90;2223;0,050000000000000000000
90;2998;0,050000000000000000000
90;3085;0,050000000000000000000
90;4232;0,050000000000000000000
90;5437;0,050000000000000000000
90;5564;0,050000000000000000000
90;8156;0,050000000000000000000
90;9393;0,050000000000000000000
90;9807;0,050000000000000000000
90;17323;0,050000000000000000000
96;131;0,142857142857142857142
96;420;0,142857142857142857142
96;845;0,142857142857142857142
96;846;0,142857142857142857142
96;1513;0,142857142857142857142
96;4313;0,285714285714285714285
99;326;1,000000000000000000000
101;251;0,125000000000000000000
101;1513;0,062500000000000000000
101;2252;0,062500000000000000000
101;2390;0,062500000000000000000
101;2972;0,062500000000000000000
101;3045;0,062500000000000000000
101;3867;0,062500000000000000000
101;3869;0,062500000000000000000
101;5174;0,062500000000000000000
101;6105;0,062500000000000000000
101;7160;0,062500000000000000000
101;7334;0,062500000000000000000
101;9330;0,062500000000000000000
101;12817;0,062500000000000000000
101;13674;0,062500000000000000000
115;490;0,333333333333333333333
115;1941;0,333333333333333333333
115;3523;0,333333333333333333333
127;1946;0,333333333333333333333
127;3748;0,333333333333333333333
127;5441;0,333333333333333333333
132;109;0,025000000000000000000
132;320;0,025000000000000000000
132;435;0,025000000000000000000
132;486;0,025000000000000000000
132;550;0,050000000000000000000
132;596;0,025000000000000000000
132;648;0,025000000000000000000
132;689;0,050000000000000000000
132;1068;0,025000000000000000000
132;1089;0,025000000000000000000
132;1265;0,025000000000000000000
132;1319;0,025000000000000000000
132;1348;0,025000000000000000000
132;1867;0,025000000000000000000
132;2021;0,025000000000000000000
132;2509;0,025000000000000000000
132;2792;0,025000000000000000000
132;2882;0,025000000000000000000
132;3104;0,025000000000000000000
132;3105;0,025000000000000000000
132;3135;0,025000000000000000000
132;3230;0,050000000000000000000
132;3372;0,025000000000000000000
132;3433;0,025000000000000000000
132;4150;0,025000000000000000000
132;4244;0,050000000000000000000
132;5415;0,025000000000000000000
132;7653;0,025000000000000000000
132;8081;0,025000000000000000000
132;8510;0,025000000000000000000
132;9226;0,025000000000000000000
132;12247;0,025000000000000000000
132;12572;0,025000000000000000000
132;13720;0,025000000000000000000
132;13721;0,025000000000000000000
132;15863;0,025000000000000000000
135;13;0,071428571428571428571
135;240;0,071428571428571428571
135;983;0,071428571428571428571
135;995;0,071428571428571428571
135;999;0,071428571428571428571
135;1092;0,214285714285714285714
135;1815;0,142857142857142857142
135;1939;0,071428571428571428571
135;2175;0,071428571428571428571
135;2684;0,071428571428571428571
135;3436;0,071428571428571428571
138;6349;1,000000000000000000000
155;983;0,500000000000000000000
155;3446;0,500000000000000000000
174;437;0,100000000000000000000
174;846;0,100000000000000000000
174;1454;0,100000000000000000000
174;1735;0,100000000000000000000
174;3427;0,200000000000000000000
174;4085;0,100000000000000000000
174;8212;0,100000000000000000000
174;8213;0,100000000000000000000
174;114536;0,100000000000000000000
190;5441;1,000000000000000000000
194;71;1,000000000000000000000
213;747;1,000000000000000000000
224;80;1,000000000000000000000
226;3429;1,000000000000000000000
247;85;0,333333333333333333333
247;1154;0,333333333333333333333
247;1983;0,333333333333333333333
249;688;0,500000000000000000000
249;6755;0,500000000000000000000
266;2383;0,333333333333333333333
266;8648;0,333333333333333333333
266;13814;0,333333333333333333333
268;7116;1,000000000000000000000
282;334;1,000000000000000000000
291;13;1,000000000000000000000
306;1840;0,333333333333333333333
306;4257;0,333333333333333333333
306;5613;0,333333333333333333333
315;295;1,000000000000000000000
317;318;0,500000000000000000000
317;4728;0,500000000000000000000
320;8912;1,000000000000000000000
332;452;0,285714285714285714285
332;531;0,142857142857142857142
332;754;0,285714285714285714285
332;5071;0,285714285714285714285
352;353;0,142857142857142857142
352;354;0,142857142857142857142
352;355;0,142857142857142857142
352;356;0,142857142857142857142
352;423;0,142857142857142857142
352;1372;0,285714285714285714285
355;352;1,000000000000000000000
380;174;0,500000000000000000000
380;1769;0,500000000000000000000
387;978;0,250000000000000000000
387;1162;0,500000000000000000000
387;5449;0,250000000000000000000
391;3465;0,500000000000000000000
391;6430;0,500000000000000000000
398;12660;1,000000000000000000000
404;945;1,000000000000000000000
407;1085;0,166666666666666666666
407;1295;0,333333333333333333333
407;1941;0,166666666666666666666
407;2127;0,166666666666666666666
407;10926;0,166666666666666666666
414;1459;0,142857142857142857142
414;1941;0,285714285714285714285
414;2470;0,142857142857142857142
414;2877;0,142857142857142857142
414;3446;0,142857142857142857142
414;10020;0,142857142857142857142
419;621;1,000000000000000000000
420;96;0,333333333333333333333
420;983;0,333333333333333333333
420;999;0,333333333333333333333
424;3394;0,200000000000000000000
424;4443;0,200000000000000000000
424;5619;0,200000000000000000000
424;12817;0,200000000000000000000
424;29667;0,200000000000000000000
425;72;0,250000000000000000000
425;423;0,250000000000000000000
425;4510;0,250000000000000000000
425;99667;0,250000000000000000000
426;12817;1,000000000000000000000
441;7135;1,000000000000000000000
466;3591;1,000000000000000000000
468;6755;1,000000000000000000000
470;10080;1,000000000000000000000
479;240;0,142857142857142857142
479;1171;0,142857142857142857142
479;1314;0,142857142857142857142
479;3587;0,142857142857142857142
479;5013;0,142857142857142857142
479;8460;0,142857142857142857142
479;8473;0,142857142857142857142
485;10783;1,000000000000000000000
488;1142;1,000000000000000000000
490;115;1,000000000000000000000
498;74;0,111111111111111111111
498;499;0,333333333333333333333
498;983;0,333333333333333333333
498;4486;0,111111111111111111111
498;12670;0,111111111111111111111
502;2436;0,500000000000000000000
502;3515;0,500000000000000000000
517;72;0,333333333333333333333
517;2203;0,333333333333333333333
517;3395;0,333333333333333333333
519;945;1,000000000000000000000
520;362;0,500000000000000000000
520;527;0,250000000000000000000
520;1234;0,250000000000000000000
521;1938;0,500000000000000000000
521;3800;0,500000000000000000000
526;611;1,000000000000000000000
527;1897;1,000000000000000000000
529;3523;0,250000000000000000000
529;9110;0,500000000000000000000
529;9431;0,250000000000000000000
543;13122;1,000000000000000000000
545;4486;1,000000000000000000000
550;73;0,083333333333333333333
550;132;0,250000000000000000000
550;523;0,166666666666666666666
550;541;0,083333333333333333333
550;658;0,083333333333333333333
550;3230;0,250000000000000000000
550;5149;0,083333333333333333333
594;242;0,083333333333333333333
594;423;0,083333333333333333333
594;977;0,083333333333333333333
594;2825;0,083333333333333333333
594;2826;0,083333333333333333333
594;3696;0,083333333333333333333
594;3697;0,083333333333333333333
594;3852;0,083333333333333333333
594;3876;0,166666666666666666666
594;4510;0,083333333333333333333
594;8902;0,083333333333333333333
600;7130;1,000000000000000000000
605;885;0,200000000000000000000
605;1210;0,200000000000000000000
605;1949;0,200000000000000000000
605;3235;0,200000000000000000000
605;13158;0,200000000000000000000
611;9434;1,000000000000000000000
612;39;0,250000000000000000000
612;9762;0,500000000000000000000
612;14151;0,250000000000000000000
621;763;0,333333333333333333333
621;1150;0,333333333333333333333
621;5438;0,333333333333333333333
632;5679;1,000000000000000000000
645;1321;1,000000000000000000000
662;529;1,000000000000000000000
667;668;0,500000000000000000000
667;1288;0,500000000000000000000
668;667;0,500000000000000000000
668;1129;0,500000000000000000000
678;268;0,058823529411764705882
678;279;0,058823529411764705882
678;698;0,058823529411764705882
678;787;0,058823529411764705882
678;1271;0,058823529411764705882
678;1310;0,058823529411764705882
678;1499;0,058823529411764705882
678;1526;0,058823529411764705882
678;1868;0,058823529411764705882
678;1889;0,058823529411764705882
678;2706;0,058823529411764705882
678;3045;0,058823529411764705882
678;3429;0,058823529411764705882
678;5174;0,058823529411764705882
678;5289;0,058823529411764705882
678;5564;0,058823529411764705882
678;7116;0,058823529411764705882
683;440;1,000000000000000000000
688;37;0,500000000000000000000
688;249;0,500000000000000000000
695;65;0,125000000000000000000
695;90;0,125000000000000000000
695;1290;0,125000000000000000000
695;1650;0,125000000000000000000
695;8225;0,125000000000000000000
695;112062;0,375000000000000000000
713;3475;1,000000000000000000000
731;12938;1,000000000000000000000
747;213;0,200000000000000000000
747;1988;0,200000000000000000000
747;75827;0,200000000000000000000
747;81648;0,400000000000000000000
749;90;0,500000000000000000000
749;826;0,500000000000000000000
763;1234;0,142857142857142857142
763;1236;0,142857142857142857142
763;1237;0,428571428571428571428
763;1277;0,142857142857142857142
763;14151;0,142857142857142857142
768;1864;1,000000000000000000000
779;2500;0,600000000000000000000
779;3395;0,200000000000000000000
779;5640;0,200000000000000000000
785;140;0,200000000000000000000
785;176;0,200000000000000000000
785;218;0,200000000000000000000
785;2887;0,200000000000000000000
785;7911;0,200000000000000000000
815;497;0,076923076923076923076
815;1780;0,153846153846153846153
815;4364;0,076923076923076923076
815;4500;0,076923076923076923076
815;5219;0,076923076923076923076
815;6234;0,076923076923076923076
815;7759;0,307692307692307692307
815;9208;0,076923076923076923076
815;9389;0,076923076923076923076
819;332;0,166666666666666666666
819;452;0,166666666666666666666
819;820;0,166666666666666666666
819;1370;0,333333333333333333333
819;1391;0,166666666666666666666
833;109;1,000000000000000000000
837;700;0,500000000000000000000
837;1771;0,500000000000000000000
839;4432;1,000000000000000000000
841;878;0,142857142857142857142
841;1109;0,142857142857142857142
841;1122;0,142857142857142857142
841;1401;0,142857142857142857142
841;2054;0,142857142857142857142
841;4765;0,142857142857142857142
841;5632;0,142857142857142857142
844;360;0,500000000000000000000
844;1719;0,500000000000000000000
845;96;0,333333333333333333333
845;249;0,333333333333333333333
845;1724;0,333333333333333333333
846;96;0,076923076923076923076
846;131;0,076923076923076923076
846;263;0,076923076923076923076
846;277;0,076923076923076923076
846;420;0,076923076923076923076
846;425;0,076923076923076923076
846;845;0,076923076923076923076
846;982;0,076923076923076923076
846;1065;0,076923076923076923076
846;2435;0,076923076923076923076
846;2834;0,076923076923076923076
846;3683;0,076923076923076923076
846;5638;0,076923076923076923076
853;4104;1,000000000000000000000
861;360;0,400000000000000000000
861;2714;0,400000000000000000000
861;3045;0,200000000000000000000
869;1862;0,500000000000000000000
869;6755;0,500000000000000000000
925;132;0,083333333333333333333
925;1319;0,083333333333333333333
925;1710;0,083333333333333333333
925;2318;0,083333333333333333333
925;2509;0,083333333333333333333
925;3372;0,083333333333333333333
925;4380;0,083333333333333333333
925;5438;0,083333333333333333333
925;8723;0,083333333333333333333
925;9481;0,083333333333333333333
925;33843;0,083333333333333333333
925;57838;0,083333333333333333333
933;2518;1,000000000000000000000
941;285;0,500000000000000000000
941;2990;0,500000000000000000000
970;5441;1,000000000000000000000
980;7907;1,000000000000000000000
990;8666;0,666666666666666666666
990;106888;0,333333333333333333333
995;74;0,250000000000000000000
995;135;0,750000000000000000000
1032;644;0,090909090909090909090
1032;2498;0,090909090909090909090
1032;3876;0,090909090909090909090
1032;4159;0,090909090909090909090
1032;4160;0,090909090909090909090
1032;4695;0,090909090909090909090
1032;6504;0,090909090909090909090
1032;6509;0,090909090909090909090
1032;6511;0,090909090909090909090
1032;6517;0,090909090909090909090
1032;6518;0,090909090909090909090
1042;454;0,250000000000000000000
1042;1444;0,250000000000000000000
1042;1724;0,500000000000000000000
1044;877;0,166666666666666666666
1044;887;0,166666666666666666666
1044;2215;0,166666666666666666666
1044;3403;0,166666666666666666666
1044;10740;0,166666666666666666666
1044;12798;0,166666666666666666666
1048;2390;1,000000000000000000000
1054;1055;0,142857142857142857142
1054;2745;0,142857142857142857142
1054;4430;0,285714285714285714285
1054;4435;0,142857142857142857142
1054;4451;0,142857142857142857142
1054;4455;0,142857142857142857142
1055;1054;0,333333333333333333333
1055;3429;0,333333333333333333333
1055;4451;0,333333333333333333333
1060;17323;1,000000000000000000000
1064;174;0,181818181818181818181
1064;232;0,090909090909090909090
1064;313;0,090909090909090909090
1064;577;0,090909090909090909090
1064;1321;0,090909090909090909090
1064;1455;0,090909090909090909090
1064;1693;0,090909090909090909090
1064;1694;0,090909090909090909090
1064;2825;0,090909090909090909090
1064;4518;0,090909090909090909090
1066;5564;1,000000000000000000000
1069;2961;1,000000000000000000000
1082;6991;0,500000000000000000000
1082;6992;0,500000000000000000000
1085;66;0,071428571428571428571
1085;85;0,071428571428571428571
1085;407;0,071428571428571428571
1085;1154;0,071428571428571428571
1085;1313;0,071428571428571428571
1085;1513;0,071428571428571428571
1085;1556;0,071428571428571428571
1085;1864;0,071428571428571428571
1085;2464;0,071428571428571428571
1085;3870;0,071428571428571428571
1085;5012;0,071428571428571428571
1085;5016;0,071428571428571428571
1085;5042;0,071428571428571428571
1085;5626;0,071428571428571428571
1094;25264;1,000000000000000000000
1109;545;0,500000000000000000000
1109;1122;0,500000000000000000000
1117;3394;0,500000000000000000000
1117;116140;0,500000000000000000000
1127;967;0,500000000000000000000
1127;5262;0,500000000000000000000
1135;7;1,000000000000000000000
1142;283;0,500000000000000000000
1142;8350;0,500000000000000000000
1143;71;0,333333333333333333333
1143;3399;0,333333333333333333333
1143;6505;0,333333333333333333333
1149;248;0,052631578947368421052
1149;250;0,052631578947368421052
1149;251;0,052631578947368421052
1149;285;0,052631578947368421052
1149;861;0,052631578947368421052
1149;937;0,052631578947368421052
1149;1118;0,052631578947368421052
1149;1448;0,052631578947368421052
1149;1513;0,052631578947368421052
1149;1591;0,052631578947368421052
1149;2661;0,052631578947368421052
1149;2714;0,052631578947368421052
1149;3429;0,052631578947368421052
1149;3873;0,052631578947368421052
1149;4592;0,052631578947368421052
1149;4613;0,052631578947368421052
1149;6609;0,052631578947368421052
1149;7160;0,052631578947368421052
1149;8630;0,052631578947368421052
1160;1513;1,000000000000000000000
1169;1941;1,000000000000000000000
1174;1361;1,000000000000000000000
1186;1187;0,666666666666666666666
1186;1709;0,333333333333333333333
1187;1186;1,000000000000000000000
1190;1220;0,166666666666666666666
1190;1771;0,666666666666666666666
1190;6641;0,166666666666666666666
1192;28517;1,000000000000000000000
1198;17266;1,000000000000000000000
1220;1771;1,000000000000000000000
1234;1237;1,000000000000000000000
1237;1815;1,000000000000000000000
1261;13;0,500000000000000000000
1261;1262;0,500000000000000000000
1286;621;0,142857142857142857142
1286;1754;0,142857142857142857142
1286;2054;0,142857142857142857142
1286;2127;0,142857142857142857142
1286;2434;0,142857142857142857142
1286;4901;0,142857142857142857142
1286;28686;0,142857142857142857142
1295;407;1,000000000000000000000
1310;1868;1,000000000000000000000
1321;645;1,000000000000000000000
1322;863;0,500000000000000000000
1322;1243;0,500000000000000000000
1324;1326;0,500000000000000000000
1324;1337;0,500000000000000000000
1333;1332;1,000000000000000000000
1335;749;1,000000000000000000000
1340;108;1,000000000000000000000
1370;452;0,166666666666666666666
1370;819;0,166666666666666666666
1370;1025;0,166666666666666666666
1370;1129;0,166666666666666666666
1370;1710;0,166666666666666666666
1370;2237;0,166666666666666666666
1424;1703;1,000000000000000000000
1429;826;1,000000000000000000000
1444;1042;0,500000000000000000000
1444;2425;0,500000000000000000000
1445;3269;1,000000000000000000000
1451;930;0,125000000000000000000
1451;1218;0,125000000000000000000
1451;1613;0,125000000000000000000
1451;3697;0,125000000000000000000
1451;5536;0,125000000000000000000
1451;9340;0,125000000000000000000
1451;11527;0,125000000000000000000
1451;27079;0,125000000000000000000
1455;1064;1,000000000000000000000
1477;1301;1,000000000000000000000
1498;4472;1,000000000000000000000
1501;3260;1,000000000000000000000
1513;101;1,000000000000000000000
1521;12534;1,000000000000000000000
1544;1979;1,000000000000000000000
1554;1845;1,000000000000000000000
1598;839;1,000000000000000000000
1606;5360;1,000000000000000000000
1637;635;1,000000000000000000000
1644;407;0,500000000000000000000
1644;1822;0,500000000000000000000
1663;1344;0,333333333333333333333
1663;1462;0,666666666666666666666
1667;5564;1,000000000000000000000
1676;5214;0,333333333333333333333
1676;5922;0,333333333333333333333
1676;29061;0,333333333333333333333
1696;277;0,333333333333333333333
1696;628;0,333333333333333333333
1696;1724;0,333333333333333333333
1710;1370;1,000000000000000000000
1717;77;0,250000000000000000000
1717;768;0,250000000000000000000
1717;1613;0,250000000000000000000
1717;6781;0,250000000000000000000
1727;189;0,111111111111111111111
1727;388;0,111111111111111111111
1727;390;0,111111111111111111111
1727;402;0,111111111111111111111
1727;419;0,111111111111111111111
1727;1840;0,111111111111111111111
1727;3446;0,111111111111111111111
1727;12563;0,111111111111111111111
1727;34604;0,111111111111111111111
1754;71;0,181818181818181818181
1754;194;0,090909090909090909090
1754;628;0,181818181818181818181
1754;700;0,090909090909090909090
1754;837;0,090909090909090909090
1754;1762;0,090909090909090909090
1754;1940;0,090909090909090909090
1754;3891;0,090909090909090909090
1754;4613;0,090909090909090909090
1759;1344;1,000000000000000000000
1769;2318;1,000000000000000000000
1771;1190;0,200000000000000000000
1771;1220;0,200000000000000000000
1771;2287;0,100000000000000000000
1771;2419;0,100000000000000000000
1771;3145;0,100000000000000000000
1771;6641;0,100000000000000000000
1771;7478;0,100000000000000000000
1771;9068;0,100000000000000000000
1779;13510;1,000000000000000000000
1780;815;1,000000000000000000000
1799;310;0,071428571428571428571
1799;2851;0,928571428571428571428
1815;135;0,111111111111111111111
1815;763;0,111111111111111111111
1815;1234;0,111111111111111111111
1815;1237;0,111111111111111111111
1815;1277;0,222222222222222222222
1815;1278;0,111111111111111111111
1815;3802;0,111111111111111111111
1815;21154;0,111111111111111111111
1838;1263;1,000000000000000000000
1864;768;1,000000000000000000000
1877;37;0,076923076923076923076
1877;38;0,076923076923076923076
1877;179;0,076923076923076923076
1877;609;0,076923076923076923076
1877;920;0,076923076923076923076
1877;1724;0,076923076923076923076
1877;1892;0,076923076923076923076
1877;2576;0,076923076923076923076
1877;3518;0,076923076923076923076
1877;7215;0,076923076923076923076
1877;12755;0,153846153846153846153
1877;13141;0,076923076923076923076
1879;346;0,083333333333333333333
1879;403;0,083333333333333333333
1879;411;0,083333333333333333333
1879;529;0,083333333333333333333
1879;945;0,083333333333333333333
1879;1762;0,083333333333333333333
1879;3022;0,083333333333333333333
1879;4430;0,083333333333333333333
1879;5005;0,083333333333333333333
1879;6883;0,083333333333333333333
1879;12563;0,083333333333333333333
1879;17449;0,083333333333333333333
1889;279;0,166666666666666666666
1889;678;0,166666666666666666666
1889;2713;0,166666666666666666666
1889;3045;0,166666666666666666666
1889;3429;0,166666666666666666666
1889;7116;0,166666666666666666666
1941;414;0,200000000000000000000
1941;1316;0,200000000000000000000
1941;1892;0,200000000000000000000
1941;1967;0,200000000000000000000
1941;3523;0,200000000000000000000
1945;359;1,000000000000000000000
1946;4205;1,000000000000000000000
1949;652;0,250000000000000000000
1949;3141;0,500000000000000000000
1949;4101;0,250000000000000000000
1956;4240;0,500000000000000000000
1956;4268;0,500000000000000000000
1967;96;0,090909090909090909090
1967;249;0,090909090909090909090
1967;277;0,090909090909090909090
1967;703;0,181818181818181818181
1967;983;0,090909090909090909090
1967;1372;0,090909090909090909090
1967;1941;0,090909090909090909090
1967;2009;0,181818181818181818181
1967;2091;0,090909090909090909090
1974;2390;1,000000000000000000000
1983;247;0,333333333333333333333
1983;2742;0,666666666666666666666
1988;63;0,038461538461538461538
1988;96;0,038461538461538461538
1988;237;0,038461538461538461538
1988;249;0,038461538461538461538
1988;261;0,038461538461538461538
1988;287;0,038461538461538461538
1988;472;0,038461538461538461538
1988;747;0,038461538461538461538
1988;846;0,038461538461538461538
1988;995;0,038461538461538461538
1988;1340;0,038461538461538461538
1988;1829;0,038461538461538461538
1988;2293;0,038461538461538461538
1988;2464;0,038461538461538461538
1988;2515;0,038461538461538461538
1988;3503;0,038461538461538461538
1988;3870;0,038461538461538461538
1988;4323;0,076923076923076923076
1988;4825;0,038461538461538461538
1988;4881;0,076923076923076923076
1988;6570;0,038461538461538461538
1988;6666;0,076923076923076923076
1988;9668;0,038461538461538461538
1991;2239;0,250000000000000000000
1991;3985;0,250000000000000000000
1991;4427;0,250000000000000000000
1991;4431;0,250000000000000000000
1997;3334;1,000000000000000000000
2015;1719;1,000000000000000000000
2021;11330;1,000000000000000000000
2037;192;0,500000000000000000000
2037;1443;0,500000000000000000000
2098;318;1,000000000000000000000
2146;90;1,000000000000000000000
2147;622;1,000000000000000000000
2164;2428;1,000000000000000000000
2175;135;0,200000000000000000000
2175;1278;0,100000000000000000000
2175;1814;0,100000000000000000000
2175;2087;0,100000000000000000000
2175;3408;0,100000000000000000000
2175;4020;0,100000000000000000000
2175;4592;0,100000000000000000000
2175;65998;0,200000000000000000000
2191;1096;0,500000000000000000000
2191;6250;0,500000000000000000000
2199;14013;1,000000000000000000000
2223;90;1,000000000000000000000
2237;1370;0,571428571428571428571
2237;23720;0,428571428571428571428
2269;2133;0,500000000000000000000
2269;2742;0,500000000000000000000
2275;2425;0,500000000000000000000
2275;8820;0,250000000000000000000
2275;25220;0,250000000000000000000
2287;1771;0,333333333333333333333
2287;2422;0,666666666666666666666
2293;1988;1,000000000000000000000
2318;1254;0,500000000000000000000
2318;1769;0,500000000000000000000
2326;545;1,000000000000000000000
2330;3393;1,000000000000000000000
2335;999;1,000000000000000000000
2355;71;1,000000000000000000000
2374;793;1,000000000000000000000
2379;283;0,125000000000000000000
2379;2293;0,125000000000000000000
2379;2714;0,375000000000000000000
2379;3045;0,250000000000000000000
2379;3234;0,125000000000000000000
2383;266;0,333333333333333333333
2383;4885;0,333333333333333333333
2383;13398;0,333333333333333333333
2390;101;0,038461538461538461538
2390;251;0,038461538461538461538
2390;285;0,038461538461538461538
2390;787;0,038461538461538461538
2390;1048;0,076923076923076923076
2390;1515;0,038461538461538461538
2390;1520;0,038461538461538461538
2390;1583;0,038461538461538461538
2390;1974;0,038461538461538461538
2390;2009;0,038461538461538461538
2390;2713;0,038461538461538461538
2390;2962;0,038461538461538461538
2390;3234;0,038461538461538461538
2390;3459;0,038461538461538461538
2390;4213;0,076923076923076923076
2390;4313;0,038461538461538461538
2390;4398;0,038461538461538461538
2390;4592;0,076923076923076923076
2390;4713;0,192307692307692307692
2414;2479;1,000000000000000000000
2422;2287;0,500000000000000000000
2422;2425;0,250000000000000000000
2422;12375;0,250000000000000000000
2428;2164;1,000000000000000000000
2434;419;0,333333333333333333333
2434;1286;0,333333333333333333333
2434;2127;0,333333333333333333333
2445;427;0,500000000000000000000
2445;3802;0,500000000000000000000
2464;85;0,333333333333333333333
2464;1085;0,333333333333333333333
2464;30415;0,333333333333333333333
2479;57;0,250000000000000000000
2479;2739;0,250000000000000000000
2479;3145;0,250000000000000000000
2479;3996;0,250000000000000000000
2511;3911;1,000000000000000000000
2516;12333;1,000000000000000000000
2518;933;1,000000000000000000000
2544;983;1,000000000000000000000
2554;2498;0,142857142857142857142
2554;3446;0,142857142857142857142
2554;3564;0,142857142857142857142
2554;3876;0,428571428571428571428
2554;15862;0,142857142857142857142
2555;3876;1,000000000000000000000
2569;119973;1,000000000000000000000
2607;1563;1,000000000000000000000
2647;317;0,333333333333333333333
2647;999;0,333333333333333333333
2647;13141;0,333333333333333333333
2652;4497;0,500000000000000000000
2652;8464;0,500000000000000000000
2655;3429;1,000000000000000000000
2684;135;0,076923076923076923076
2684;763;0,076923076923076923076
2684;992;0,076923076923076923076
2684;1235;0,076923076923076923076
2684;1236;0,076923076923076923076
2684;1237;0,076923076923076923076
2684;1278;0,076923076923076923076
2684;1931;0,153846153846153846153
2684;2111;0,076923076923076923076
2684;10188;0,076923076923076923076
2684;21154;0,076923076923076923076
2684;115105;0,076923076923076923076
2694;3141;1,000000000000000000000
2706;279;0,250000000000000000000
2706;678;0,250000000000000000000
2706;3429;0,500000000000000000000
2714;283;0,111111111111111111111
2714;861;0,222222222222222222222
2714;2379;0,333333333333333333333
2714;2661;0,111111111111111111111
2714;3234;0,222222222222222222222
2716;1710;1,000000000000000000000
2739;2479;1,000000000000000000000
2802;2736;1,000000000000000000000
2825;405;0,166666666666666666666
2825;594;0,166666666666666666666
2825;1064;0,166666666666666666666
2825;1234;0,166666666666666666666
2825;2826;0,166666666666666666666
2825;7873;0,166666666666666666666
2826;594;0,500000000000000000000
2826;2825;0,500000000000000000000
2865;59;0,125000000000000000000
2865;854;0,125000000000000000000
2865;990;0,125000000000000000000
2865;1225;0,125000000000000000000
2865;3292;0,125000000000000000000
2865;5245;0,125000000000000000000
2865;5682;0,125000000000000000000
2865;5783;0,125000000000000000000
2897;1246;0,285714285714285714285
2897;3222;0,285714285714285714285
2897;6442;0,142857142857142857142
2897;12159;0,285714285714285714285
2914;733;1,000000000000000000000
2940;733;1,000000000000000000000
3000;42;1,000000000000000000000
3045;678;0,500000000000000000000
3045;861;0,500000000000000000000
3087;38;1,000000000000000000000
3103;5624;0,142857142857142857142
3103;9258;0,571428571428571428571
3103;13599;0,142857142857142857142
3103;20813;0,142857142857142857142
3141;24;0,062500000000000000000
3141;1231;0,062500000000000000000
3141;1949;0,125000000000000000000
3141;2694;0,062500000000000000000
3141;3145;0,187500000000000000000
3141;3268;0,062500000000000000000
3141;3996;0,062500000000000000000
3141;4159;0,062500000000000000000
3141;4232;0,125000000000000000000
3141;6213;0,062500000000000000000
3141;6527;0,062500000000000000000
3141;57838;0,062500000000000000000
3145;71;0,200000000000000000000
3145;2479;0,200000000000000000000
3145;3141;0,200000000000000000000
3145;5481;0,200000000000000000000
3145;6500;0,200000000000000000000
3178;2494;1,000000000000000000000
3189;1293;1,000000000000000000000
3204;3998;0,500000000000000000000
3204;8381;0,500000000000000000000
3222;1092;0,666666666666666666666
3222;12159;0,333333333333333333333
3251;59;1,000000000000000000000
3268;5219;1,000000000000000000000
3334;428;0,100000000000000000000
3334;470;0,100000000000000000000
3334;1588;0,100000000000000000000
3334;1997;0,100000000000000000000
3334;2274;0,100000000000000000000
3334;2600;0,100000000000000000000
3334;3548;0,200000000000000000000
3334;4345;0,100000000000000000000
3334;8383;0,100000000000000000000
3344;277;1,000000000000000000000
3347;8708;1,000000000000000000000
3393;122;0,222222222222222222222
3393;285;0,111111111111111111111
3393;1276;0,111111111111111111111
3393;2330;0,111111111111111111111
3393;2472;0,111111111111111111111
3393;2741;0,111111111111111111111
3393;2990;0,111111111111111111111
3393;3838;0,111111111111111111111
3394;9430;1,000000000000000000000
3395;1565;1,000000000000000000000
3414;4262;1,000000000000000000000
3417;2264;0,500000000000000000000
3417;28464;0,500000000000000000000
3427;174;0,166666666666666666666
3427;846;0,083333333333333333333
3427;1402;0,083333333333333333333
3427;1405;0,083333333333333333333
3427;1563;0,083333333333333333333
3427;3359;0,083333333333333333333
3427;6413;0,083333333333333333333
3427;8071;0,083333333333333333333
3427;8212;0,250000000000000000000
3429;1149;0,142857142857142857142
3429;1889;0,142857142857142857142
3429;2655;0,142857142857142857142
3429;2706;0,285714285714285714285
3429;9258;0,142857142857142857142
3429;10020;0,142857142857142857142
3431;1221;1,000000000000000000000
3443;6765;1,000000000000000000000
3457;3230;0,200000000000000000000
3457;3458;0,800000000000000000000
3475;184;0,083333333333333333333
3475;363;0,166666666666666666666
3475;761;0,083333333333333333333
3475;918;0,083333333333333333333
3475;1466;0,083333333333333333333
3475;2131;0,083333333333333333333
3475;3477;0,083333333333333333333
3475;6151;0,083333333333333333333
3475;6326;0,083333333333333333333
3475;7574;0,083333333333333333333
3475;13006;0,083333333333333333333
3477;3475;0,500000000000000000000
3477;6151;0,500000000000000000000
3515;324;0,250000000000000000000
3515;876;0,250000000000000000000
3515;2516;0,250000000000000000000
3515;2518;0,250000000000000000000
3518;37;1,000000000000000000000
3523;54;0,333333333333333333333
3523;529;0,333333333333333333333
3523;1941;0,333333333333333333333
3528;1684;1,000000000000000000000
3587;479;1,000000000000000000000
3590;706;1,000000000000000000000
3591;466;0,142857142857142857142
3591;2272;0,142857142857142857142
3591;3296;0,142857142857142857142
3591;5564;0,428571428571428571428
3591;9418;0,142857142857142857142
3601;27588;1,000000000000000000000
3619;937;1,000000000000000000000
3625;876;0,333333333333333333333
3625;1248;0,333333333333333333333
3625;2436;0,333333333333333333333
3657;11330;1,000000000000000000000
3665;4497;0,333333333333333333333
3665;5886;0,333333333333333333333
3665;8466;0,333333333333333333333
3667;396;1,000000000000000000000
3675;4486;1,000000000000000000000
3697;8566;1,000000000000000000000
3701;279;0,333333333333333333333
3701;66075;0,666666666666666666666
3738;643;1,000000000000000000000
3748;127;1,000000000000000000000
3791;90123;1,000000000000000000000
3802;59745;1,000000000000000000000
3811;9762;1,000000000000000000000
3842;770;0,142857142857142857142
3842;3940;0,142857142857142857142
3842;5010;0,142857142857142857142
3842;5392;0,142857142857142857142
3842;6433;0,142857142857142857142
3842;8523;0,142857142857142857142
3842;12441;0,142857142857142857142
3872;4350;1,000000000000000000000
3876;13;0,083333333333333333333
3876;423;0,083333333333333333333
3876;594;0,083333333333333333333
3876;1032;0,083333333333333333333
3876;2554;0,166666666666666666666
3876;2555;0,083333333333333333333
3876;5092;0,250000000000000000000
3876;9352;0,083333333333333333333
3876;12269;0,083333333333333333333
3970;700;1,000000000000000000000
4004;3235;0,500000000000000000000
4004;9468;0,500000000000000000000
4020;678;0,200000000000000000000
4020;737;0,200000000000000000000
4020;1591;0,200000000000000000000
4020;2237;0,200000000000000000000
4020;2252;0,200000000000000000000
4070;206;1,000000000000000000000
4089;4349;1,000000000000000000000
4099;937;1,000000000000000000000
4145;2175;1,000000000000000000000
4148;4993;1,000000000000000000000
4159;3141;1,000000000000000000000
4187;241;0,200000000000000000000
4187;274;0,200000000000000000000
4187;1513;0,200000000000000000000
4187;6007;0,200000000000000000000
4187;6008;0,200000000000000000000
4205;194;0,066666666666666666666
4205;454;0,066666666666666666666
4205;613;0,066666666666666666666
4205;983;0,066666666666666666666
4205;1588;0,066666666666666666666
4205;1844;0,066666666666666666666
4205;1946;0,066666666666666666666
4205;2445;0,066666666666666666666
4205;2504;0,066666666666666666666
4205;2596;0,066666666666666666666
4205;4837;0,066666666666666666666
4205;6349;0,133333333333333333333
4205;9729;0,066666666666666666666
4205;9907;0,066666666666666666666
4215;3029;1,000000000000000000000
4232;2216;1,000000000000000000000
4238;39;1,000000000000000000000
4257;306;0,333333333333333333333
4257;2442;0,666666666666666666666
4262;3414;1,000000000000000000000
4268;13141;1,000000000000000000000
4299;10020;1,000000000000000000000
4313;96;0,666666666666666666666
4313;251;0,333333333333333333333
4337;3473;0,500000000000000000000
4337;17190;0,500000000000000000000
4349;4089;1,000000000000000000000
4355;23930;1,000000000000000000000
4364;190;0,500000000000000000000
4364;5564;0,500000000000000000000
4376;452;0,142857142857142857142
4376;1448;0,285714285714285714285
4376;1513;0,142857142857142857142
4376;1741;0,142857142857142857142
4376;3234;0,142857142857142857142
4376;4117;0,142857142857142857142
4398;2390;1,000000000000000000000
4401;59;0,500000000000000000000
4401;7275;0,500000000000000000000
4421;216;1,000000000000000000000
4430;4299;1,000000000000000000000
4433;163;1,000000000000000000000
4439;768;1,000000000000000000000
4450;4451;0,500000000000000000000
4450;27675;0,500000000000000000000
4451;1613;0,333333333333333333333
4451;3429;0,333333333333333333333
4451;4450;0,333333333333333333333
4461;8081;1,000000000000000000000
4486;545;0,333333333333333333333
4486;3675;0,666666666666666666666
4501;13074;1,000000000000000000000
4510;2086;1,000000000000000000000
4552;1130;1,000000000000000000000
4613;1754;1,000000000000000000000
4627;397;0,125000000000000000000
4627;399;0,125000000000000000000
4627;621;0,250000000000000000000
4627;945;0,125000000000000000000
4627;2200;0,125000000000000000000
4627;6008;0,125000000000000000000
4627;7341;0,125000000000000000000
4752;282;1,000000000000000000000
4837;1853;0,142857142857142857142
4837;3607;0,142857142857142857142
4837;4205;0,142857142857142857142
4837;5089;0,142857142857142857142
4837;5719;0,142857142857142857142
4837;10612;0,142857142857142857142
4837;10613;0,142857142857142857142
4844;1669;1,000000000000000000000
4853;3355;0,500000000000000000000
4853;3574;0,500000000000000000000
4885;28058;1,000000000000000000000
4901;2280;1,000000000000000000000
4919;3682;0,142857142857142857142
4919;9513;0,142857142857142857142
4919;9651;0,571428571428571428571
4919;29028;0,142857142857142857142
4935;918;0,333333333333333333333
4935;4860;0,333333333333333333333
4935;10602;0,333333333333333333333
4976;999;0,125000000000000000000
4976;1002;0,125000000000000000000
4976;1016;0,125000000000000000000
4976;1077;0,125000000000000000000
4976;3347;0,125000000000000000000
4976;9376;0,125000000000000000000
4976;17773;0,125000000000000000000
4976;28488;0,125000000000000000000
4989;2972;0,500000000000000000000
4989;125861;0,500000000000000000000
5089;2198;1,000000000000000000000
5092;3876;1,000000000000000000000
5097;18247;1,000000000000000000000
5174;101;0,500000000000000000000
5174;1868;0,500000000000000000000
5289;1868;0,500000000000000000000
5289;14151;0,500000000000000000000
5329;885;1,000000000000000000000
5338;696;0,500000000000000000000
5338;3143;0,500000000000000000000
5360;8566;1,000000000000000000000
5449;387;1,000000000000000000000
5470;5635;1,000000000000000000000
5519;1231;0,500000000000000000000
5519;5564;0,500000000000000000000
5536;4498;1,000000000000000000000
5557;12;0,166666666666666666666
5557;127;0,166666666666666666666
5557;1109;0,166666666666666666666
5557;4765;0,166666666666666666666
5557;5445;0,166666666666666666666
5557;5921;0,166666666666666666666
5564;192;0,041666666666666666666
5564;496;0,041666666666666666666
5564;1066;0,041666666666666666666
5564;1667;0,041666666666666666666
5564;2037;0,041666666666666666666
5564;2041;0,041666666666666666666
5564;2271;0,041666666666666666666
5564;2272;0,041666666666666666666
5564;2359;0,041666666666666666666
5564;3296;0,041666666666666666666
5564;3591;0,166666666666666666666
5564;4364;0,041666666666666666666
5564;4561;0,041666666666666666666
5564;5214;0,041666666666666666666
5564;5519;0,041666666666666666666
5564;7762;0,041666666666666666666
5564;9387;0,041666666666666666666
5564;9413;0,041666666666666666666
5564;9432;0,041666666666666666666
5564;10946;0,041666666666666666666
5564;13372;0,041666666666666666666
5591;254;1,000000000000000000000
5601;1454;1,000000000000000000000
5626;363;0,166666666666666666666
5626;458;0,166666666666666666666
5626;713;0,166666666666666666666
5626;1295;0,166666666666666666666
5626;2551;0,333333333333333333333
5638;846;1,000000000000000000000
5852;10084;1,000000000000000000000
5886;3665;1,000000000000000000000
6007;1513;0,500000000000000000000
6007;4187;0,500000000000000000000
6151;346;0,500000000000000000000
6151;3477;0,500000000000000000000
6262;391;0,142857142857142857142
6262;416;0,142857142857142857142
6262;504;0,142857142857142857142
6262;4881;0,142857142857142857142
6262;6430;0,142857142857142857142
6262;10067;0,142857142857142857142
6262;12356;0,142857142857142857142
6297;9309;1,000000000000000000000
6316;9806;1,000000000000000000000
6349;4205;1,000000000000000000000
6353;6354;1,000000000000000000000
6354;1096;1,000000000000000000000
6406;1262;1,000000000000000000000
6430;410;0,200000000000000000000
6430;504;0,200000000000000000000
6430;1123;0,200000000000000000000
6430;6151;0,200000000000000000000
6430;6262;0,200000000000000000000
6440;1406;1,000000000000000000000
6461;1372;0,500000000000000000000
6461;1967;0,500000000000000000000
6483;1180;0,333333333333333333333
6483;3905;0,333333333333333333333
6483;4292;0,333333333333333333333
6498;6503;1,000000000000000000000
6509;71;1,000000000000000000000
6524;4729;1,000000000000000000000
6567;4039;0,500000000000000000000
6567;13476;0,500000000000000000000
6630;1220;1,000000000000000000000
6641;1771;1,000000000000000000000
6666;1988;1,000000000000000000000
6694;3304;0,500000000000000000000
6694;5915;0,500000000000000000000
7049;1583;1,000000000000000000000
7095;2175;1,000000000000000000000
7116;268;0,125000000000000000000
7116;279;0,125000000000000000000
7116;285;0,125000000000000000000
7116;678;0,125000000000000000000
7116;1271;0,125000000000000000000
7116;1868;0,125000000000000000000
7116;9258;0,125000000000000000000
7116;24370;0,125000000000000000000
7142;85;1,000000000000000000000
7160;768;0,250000000000000000000
7160;2661;0,250000000000000000000
7160;15586;0,500000000000000000000
7377;990;1,000000000000000000000
7759;815;0,500000000000000000000
7759;6548;0,500000000000000000000
7907;980;1,000000000000000000000
7994;46;0,500000000000000000000
7994;983;0,250000000000000000000
7994;3427;0,250000000000000000000
8381;3204;1,000000000000000000000
8440;1182;1,000000000000000000000
8459;35;1,000000000000000000000
8493;891;1,000000000000000000000
8648;266;1,000000000000000000000
8912;320;1,000000000000000000000
9208;7759;1,000000000000000000000
9356;1439;0,333333333333333333333
9356;1440;0,333333333333333333333
9356;13510;0,333333333333333333333
9385;2503;1,000000000000000000000
9483;928;1,000000000000000000000
9624;3991;1,000000000000000000000
9651;24875;0,333333333333333333333
9651;27141;0,166666666666666666666
9651;28686;0,166666666666666666666
9651;29028;0,333333333333333333333
9720;3237;1,000000000000000000000
9762;162;0,166666666666666666666
9762;612;0,166666666666666666666
9762;3811;0,166666666666666666666
9762;4238;0,166666666666666666666
9762;6788;0,166666666666666666666
9762;12159;0,166666666666666666666
10020;414;0,200000000000000000000
10020;1234;0,200000000000000000000
10020;2498;0,200000000000000000000
10020;3429;0,200000000000000000000
10020;4299;0,200000000000000000000
10080;470;0,166666666666666666666
10080;2438;0,166666666666666666666
10080;5506;0,166666666666666666666
10080;5852;0,166666666666666666666
10080;6045;0,166666666666666666666
10080;10084;0,166666666666666666666
10084;180;0,090909090909090909090
10084;573;0,090909090909090909090
10084;1018;0,090909090909090909090
10084;1293;0,090909090909090909090
10084;2438;0,090909090909090909090
10084;2484;0,090909090909090909090
10084;3809;0,090909090909090909090
10084;5506;0,090909090909090909090
10084;5852;0,090909090909090909090
10084;6045;0,090909090909090909090
10084;10080;0,090909090909090909090
10499;1839;1,000000000000000000000
10602;2015;0,500000000000000000000
10602;4935;0,500000000000000000000
10783;485;1,000000000000000000000
11235;410;0,333333333333333333333
11235;945;0,333333333333333333333
11235;2127;0,333333333333333333333
11248;865;0,333333333333333333333
11248;945;0,333333333333333333333
11248;2596;0,333333333333333333333
11330;2021;0,100000000000000000000
11330;3230;0,100000000000000000000
11330;3301;0,100000000000000000000
11330;3457;0,100000000000000000000
11330;3458;0,100000000000000000000
11330;3657;0,100000000000000000000
11330;3968;0,100000000000000000000
11330;6986;0,100000000000000000000
11330;13369;0,100000000000000000000
11330;13796;0,100000000000000000000
11552;38738;1,000000000000000000000
11734;7686;1,000000000000000000000
11826;7478;1,000000000000000000000
12159;14151;1,000000000000000000000
12333;2516;1,000000000000000000000
12362;1600;1,000000000000000000000
12430;192;0,500000000000000000000
12430;8698;0,250000000000000000000
12430;48255;0,250000000000000000000
12433;4821;0,500000000000000000000
12433;21697;0,500000000000000000000
12528;5395;1,000000000000000000000
12534;1497;0,250000000000000000000
12534;1521;0,250000000000000000000
12534;1894;0,250000000000000000000
12534;7565;0,250000000000000000000
12817;426;1,000000000000000000000
13122;543;0,500000000000000000000
13122;21005;0,500000000000000000000
13141;61;0,166666666666666666666
13141;66;0,166666666666666666666
13141;999;0,166666666666666666666
13141;1623;0,166666666666666666666
13141;2647;0,166666666666666666666
13141;4268;0,166666666666666666666
13187;375;1,000000000000000000000
13236;1206;1,000000000000000000000
13239;689;1,000000000000000000000
13291;1609;0,500000000000000000000
13291;3647;0,500000000000000000000
13369;11330;1,000000000000000000000
13398;266;0,500000000000000000000
13398;2383;0,500000000000000000000
13545;9806;1,000000000000000000000
13814;266;1,000000000000000000000
15586;7160;1,000000000000000000000
16665;7941;1,000000000000000000000
16786;71;1,000000000000000000000
16845;26354;1,000000000000000000000
16880;1569;0,500000000000000000000
16880;1913;0,500000000000000000000
17047;1324;1,000000000000000000000
17261;351;1,000000000000000000000
17272;119973;1,000000000000000000000
17773;13074;1,000000000000000000000
18525;1703;1,000000000000000000000
19198;1104;1,000000000000000000000
19419;2488;1,000000000000000000000
20307;6150;1,000000000000000000000
21268;3108;1,000000000000000000000
21396;14151;1,000000000000000000000
21697;4821;0,666666666666666666666
21697;12433;0,333333333333333333333
26354;16845;1,000000000000000000000
27588;615;1,000000000000000000000
27779;27763;1,000000000000000000000
28397;4137;1,000000000000000000000
30415;387;0,500000000000000000000
30415;2464;0,500000000000000000000
38738;22298;0,500000000000000000000
38738;50959;0,500000000000000000000
50959;18641;0,333333333333333333333
50959;28818;0,666666666666666666666
59745;983;0,142857142857142857142
59745;1941;0,285714285714285714285
59745;3802;0,142857142857142857142
59745;106888;0,428571428571428571428
59841;846;1,000000000000000000000
65193;452;1,000000000000000000000
66075;3178;0,333333333333333333333
66075;119973;0,666666666666666666666
75827;747;1,000000000000000000000
81648;747;0,500000000000000000000
81648;5523;0,500000000000000000000
99667;71;0,055555555555555555555
99667;100;0,055555555555555555555
99667;276;0,055555555555555555555
99667;695;0,055555555555555555555
99667;696;0,055555555555555555555
99667;1169;0,055555555555555555555
99667;1940;0,055555555555555555555
99667;1941;0,055555555555555555555
99667;1942;0,055555555555555555555
99667;1943;0,055555555555555555555
99667;1944;0,055555555555555555555
99667;1945;0,055555555555555555555
99667;1946;0,055555555555555555555
99667;3523;0,055555555555555555555
99667;4512;0,055555555555555555555
99667;12516;0,055555555555555555555
99667;59745;0,055555555555555555555
99667;98841;0,055555555555555555555
106888;522;1,000000000000000000000
112062;452;0,333333333333333333333
112062;695;0,166666666666666666666
112062;826;0,333333333333333333333
112062;27870;0,166666666666666666666
116140;517;0,500000000000000000000
116140;632;0,500000000000000000000
119973;2569;0,500000000000000000000
119973;66075;0,500000000000000000000
