2;6622;1,000000000000000000000
7;6635;1,000000000000000000000
32;19;0,333333333333333333333
32;826;0,333333333333333333333
32;191508;0,333333333333333333333
46;48;0,076923076923076923076
46;1445;0,153846153846153846153
46;1910;0,076923076923076923076
46;2367;0,076923076923076923076
46;3323;0,076923076923076923076
46;3418;0,076923076923076923076
46;8580;0,076923076923076923076
46;8590;0,076923076923076923076
46;8899;0,076923076923076923076
46;8902;0,076923076923076923076
46;9261;0,153846153846153846153
65;1109;0,333333333333333333333
65;1122;0,333333333333333333333
65;2071;0,333333333333333333333
71;194;0,058823529411764705882
71;644;0,058823529411764705882
71;695;0,117647058823529411764
71;845;0,235294117647058823529
71;1276;0,058823529411764705882
71;1724;0,117647058823529411764
71;192866;0,352941176470588235294
72;135;0,111111111111111111111
72;517;0,111111111111111111111
72;829;0,333333333333333333333
72;830;0,111111111111111111111
72;2203;0,111111111111111111111
72;3395;0,222222222222222222222
74;2591;0,333333333333333333333
74;3096;0,333333333333333333333
74;50332;0,333333333333333333333
77;528;1,000000000000000000000
80;219;0,035087719298245614035
80;531;0,052631578947368421052
80;668;0,122807017543859649122
80;718;0,070175438596491228070
80;754;0,017543859649122807017
80;876;0,157894736842105263157
80;933;0,017543859649122807017
80;1129;0,052631578947368421052
80;1130;0,017543859649122807017
80;1131;0,070175438596491228070
80;1174;0,017543859649122807017
80;1361;0,157894736842105263157
80;1391;0,017543859649122807017
80;1893;0,017543859649122807017
80;2516;0,035087719298245614035
80;2518;0,035087719298245614035
80;3443;0,017543859649122807017
80;3515;0,017543859649122807017
80;3625;0,017543859649122807017
80;4173;0,052631578947368421052
83;5591;1,000000000000000000000
96;210;0,036363636363636363636
96;248;0,036363636363636363636
96;249;0,072727272727272727272
96;250;0,018181818181818181818
96;251;0,072727272727272727272
96;615;0,127272727272727272727
96;626;0,072727272727272727272
96;781;0,018181818181818181818
96;937;0,018181818181818181818
96;1085;0,018181818181818181818
96;1154;0,036363636363636363636
96;1364;0,018181818181818181818
96;1547;0,018181818181818181818
96;1988;0,036363636363636363636
96;2139;0,018181818181818181818
96;2252;0,018181818181818181818
96;2293;0,054545454545454545454
96;2464;0,018181818181818181818
96;2515;0,090909090909090909090
96;3045;0,018181818181818181818
96;3219;0,018181818181818181818
96;3636;0,018181818181818181818
96;3867;0,018181818181818181818
96;3869;0,018181818181818181818
96;3873;0,018181818181818181818
96;5042;0,036363636363636363636
96;7130;0,036363636363636363636
96;137801;0,018181818181818181818
100;71;0,333333333333333333333
100;837;0,333333333333333333333
100;4512;0,333333333333333333333
104;1771;0,333333333333333333333
104;4453;0,333333333333333333333
104;9090;0,333333333333333333333
115;490;0,333333333333333333333
115;6468;0,333333333333333333333
115;259636;0,333333333333333333333
127;2826;1,000000000000000000000
132;689;1,000000000000000000000
135;72;0,090909090909090909090
135;992;0,090909090909090909090
135;1495;0,181818181818181818181
135;1931;0,090909090909090909090
135;1939;0,090909090909090909090
135;3176;0,090909090909090909090
135;9468;0,272727272727272727272
135;184987;0,090909090909090909090
138;13;0,333333333333333333333
138;1326;0,333333333333333333333
138;4206;0,333333333333333333333
162;4108;1,000000000000000000000
166;1055;0,200000000000000000000
166;3773;0,400000000000000000000
166;3774;0,400000000000000000000
174;846;1,000000000000000000000
179;37;0,250000000000000000000
179;211;0,750000000000000000000
183;261;0,333333333333333333333
183;1129;0,666666666666666666666
187;182;0,166666666666666666666
187;226;0,166666666666666666666
187;772;0,333333333333333333333
187;1591;0,166666666666666666666
187;6105;0,166666666666666666666
190;61;0,083333333333333333333
190;878;0,083333333333333333333
190;1326;0,083333333333333333333
190;1335;0,166666666666666666666
190;1443;0,083333333333333333333
190;2071;0,166666666666666666666
190;3116;0,083333333333333333333
190;9416;0,083333333333333333333
190;9424;0,166666666666666666666
194;71;0,111111111111111111111
194;435;0,111111111111111111111
194;628;0,333333333333333333333
194;695;0,111111111111111111111
194;1754;0,111111111111111111111
194;1940;0,222222222222222222222
199;2182;0,333333333333333333333
199;2206;0,333333333333333333333
199;5457;0,333333333333333333333
211;179;0,571428571428571428571
211;212;0,285714285714285714285
211;2275;0,142857142857142857142
213;747;0,714285714285714285714
213;75827;0,285714285714285714285
219;224;0,500000000000000000000
219;324;0,500000000000000000000
220;1563;1,000000000000000000000
224;219;1,000000000000000000000
228;20474;1,000000000000000000000
232;19176;1,000000000000000000000
248;96;0,200000000000000000000
248;250;0,200000000000000000000
248;2474;0,400000000000000000000
248;2962;0,200000000000000000000
249;96;0,142857142857142857142
249;251;0,285714285714285714285
249;1988;0,142857142857142857142
249;245879;0,428571428571428571428
250;248;0,500000000000000000000
250;2713;0,500000000000000000000
253;85;0,500000000000000000000
253;4179;0,500000000000000000000
261;237;0,400000000000000000000
261;1364;0,200000000000000000000
261;2375;0,200000000000000000000
261;2461;0,200000000000000000000
263;131;0,200000000000000000000
263;845;0,200000000000000000000
263;1117;0,200000000000000000000
263;2203;0,400000000000000000000
266;8648;0,333333333333333333333
266;13814;0,666666666666666666666
269;1967;1,000000000000000000000
271;15867;1,000000000000000000000
276;354;1,000000000000000000000
282;731;1,000000000000000000000
284;285;1,000000000000000000000
289;492;0,250000000000000000000
289;1690;0,250000000000000000000
289;9401;0,250000000000000000000
289;23886;0,250000000000000000000
292;26070;1,000000000000000000000
296;660;0,166666666666666666666
296;891;0,333333333333333333333
296;2512;0,500000000000000000000
297;5679;1,000000000000000000000
306;1719;0,250000000000000000000
306;6788;0,750000000000000000000
307;1327;1,000000000000000000000
313;4697;1,000000000000000000000
317;318;0,900000000000000000000
317;3836;0,100000000000000000000
318;317;1,000000000000000000000
320;2792;1,000000000000000000000
324;219;0,500000000000000000000
324;455;0,500000000000000000000
332;135;0,250000000000000000000
332;452;0,500000000000000000000
332;1130;0,250000000000000000000
341;742;0,700000000000000000000
341;3519;0,300000000000000000000
349;1027;0,666666666666666666666
349;1893;0,333333333333333333333
354;184646;1,000000000000000000000
355;352;0,333333333333333333333
355;353;0,333333333333333333333
355;2203;0,333333333333333333333
380;1282;0,777777777777777777777
380;5530;0,222222222222222222222
385;2374;1,000000000000000000000
391;10067;1,000000000000000000000
393;1178;1,000000000000000000000
407;2585;0,500000000000000000000
407;5626;0,500000000000000000000
412;983;1,000000000000000000000
420;131;0,100000000000000000000
420;845;0,200000000000000000000
420;1713;0,200000000000000000000
420;2803;0,200000000000000000000
420;6499;0,300000000000000000000
425;291;0,071428571428571428571
425;423;0,071428571428571428571
425;1293;0,071428571428571428571
425;2246;0,071428571428571428571
425;3007;0,071428571428571428571
425;3394;0,071428571428571428571
425;3664;0,071428571428571428571
425;4510;0,071428571428571428571
425;5679;0,071428571428571428571
425;6627;0,214285714285714285714
425;17521;0,071428571428571428571
425;157749;0,071428571428571428571
426;4510;1,000000000000000000000
441;2500;0,500000000000000000000
441;4510;0,500000000000000000000
442;184646;1,000000000000000000000
453;937;1,000000000000000000000
454;689;1,000000000000000000000
455;324;1,000000000000000000000
467;5167;1,000000000000000000000
468;4268;1,000000000000000000000
469;468;1,000000000000000000000
472;984;0,428571428571428571428
472;3503;0,571428571428571428571
479;520;0,500000000000000000000
479;8466;0,500000000000000000000
484;1831;1,000000000000000000000
485;54;0,166666666666666666666
485;551;0,166666666666666666666
485;1663;0,166666666666666666666
485;2817;0,166666666666666666666
485;12572;0,166666666666666666666
485;28602;0,166666666666666666666
490;115;0,500000000000000000000
490;899;0,500000000000000000000
498;74;0,333333333333333333333
498;404;0,333333333333333333333
498;4421;0,333333333333333333333
502;1131;0,250000000000000000000
502;3515;0,250000000000000000000
502;18885;0,250000000000000000000
502;321395;0,250000000000000000000
518;765;0,125000000000000000000
518;1684;0,250000000000000000000
518;2203;0,625000000000000000000
521;1150;0,500000000000000000000
521;1866;0,500000000000000000000
523;259636;1,000000000000000000000
524;1121;0,333333333333333333333
524;3355;0,333333333333333333333
524;3356;0,333333333333333333333
527;2596;0,500000000000000000000
527;89874;0,500000000000000000000
541;485;0,166666666666666666666
541;550;0,166666666666666666666
541;551;0,166666666666666666666
541;3694;0,166666666666666666666
541;5148;0,166666666666666666666
541;12572;0,166666666666666666666
545;3304;0,800000000000000000000
545;6694;0,200000000000000000000
546;7660;1,000000000000000000000
550;551;0,250000000000000000000
550;596;0,333333333333333333333
550;658;0,250000000000000000000
550;3694;0,083333333333333333333
550;259636;0,083333333333333333333
551;435;0,250000000000000000000
551;550;0,250000000000000000000
551;2021;0,500000000000000000000
558;794;0,100000000000000000000
558;851;0,100000000000000000000
558;1029;0,100000000000000000000
558;1035;0,100000000000000000000
558;1596;0,100000000000000000000
558;2657;0,100000000000000000000
558;2825;0,100000000000000000000
558;5440;0,100000000000000000000
558;7132;0,100000000000000000000
558;7866;0,100000000000000000000
568;7648;1,000000000000000000000
571;3548;1,000000000000000000000
600;7130;1,000000000000000000000
608;609;1,000000000000000000000
612;9762;1,000000000000000000000
615;96;0,750000000000000000000
615;2515;0,250000000000000000000
617;3417;1,000000000000000000000
625;2741;1,000000000000000000000
626;96;0,200000000000000000000
626;122;0,066666666666666666666
626;625;0,066666666666666666666
626;700;0,266666666666666666666
626;1154;0,400000000000000000000
632;125861;1,000000000000000000000
644;645;1,000000000000000000000
645;4206;1,000000000000000000000
652;829;1,000000000000000000000
660;2834;1,000000000000000000000
662;3095;0,111111111111111111111
662;3523;0,222222222222222222222
662;78108;0,666666666666666666666
667;668;1,000000000000000000000
668;80;0,090909090909090909090
668;876;0,363636363636363636363
668;1129;0,454545454545454545454
668;4173;0,090909090909090909090
669;689;0,090909090909090909090
669;1500;0,181818181818181818181
669;1939;0,090909090909090909090
669;1956;0,090909090909090909090
669;2191;0,181818181818181818181
669;4268;0,090909090909090909090
669;7975;0,090909090909090909090
669;59745;0,090909090909090909090
669;179346;0,090909090909090909090
671;119973;1,000000000000000000000
675;281;0,300000000000000000000
675;718;0,100000000000000000000
675;719;0,100000000000000000000
675;1129;0,100000000000000000000
675;1174;0,200000000000000000000
675;1370;0,200000000000000000000
678;737;0,333333333333333333333
678;1889;0,166666666666666666666
678;2661;0,500000000000000000000
682;681;1,000000000000000000000
689;132;1,000000000000000000000
695;1169;0,250000000000000000000
695;9693;0,125000000000000000000
695;41776;0,125000000000000000000
695;59841;0,125000000000000000000
695;112062;0,375000000000000000000
700;626;0,230769230769230769230
700;837;0,461538461538461538461
700;1754;0,153846153846153846153
700;1940;0,153846153846153846153
708;2991;1,000000000000000000000
731;275;0,437500000000000000000
731;282;0,312500000000000000000
731;15471;0,187500000000000000000
731;173893;0,062500000000000000000
740;1352;1,000000000000000000000
744;845;1,000000000000000000000
747;213;0,259259259259259259259
747;748;0,111111111111111111111
747;1988;0,111111111111111111111
747;71411;0,148148148148148148148
747;75827;0,296296296296296296296
747;75828;0,074074074074074074074
748;747;1,000000000000000000000
749;853;0,090909090909090909090
749;983;0,090909090909090909090
749;1121;0,090909090909090909090
749;1168;0,090909090909090909090
749;1939;0,090909090909090909090
749;2054;0,181818181818181818181
749;5679;0,090909090909090909090
749;6979;0,090909090909090909090
749;59841;0,090909090909090909090
749;308238;0,090909090909090909090
750;3401;1,000000000000000000000
752;2607;1,000000000000000000000
761;12596;1,000000000000000000000
765;518;1,000000000000000000000
772;187;1,000000000000000000000
779;830;0,500000000000000000000
779;5643;0,500000000000000000000
784;5643;1,000000000000000000000
819;111;0,100000000000000000000
819;332;0,300000000000000000000
819;452;0,200000000000000000000
819;718;0,200000000000000000000
819;933;0,100000000000000000000
819;1391;0,100000000000000000000
827;6517;0,500000000000000000000
827;259636;0,500000000000000000000
829;72;0,750000000000000000000
829;3664;0,250000000000000000000
830;263;0,200000000000000000000
830;779;0,400000000000000000000
830;3395;0,400000000000000000000
837;100;0,400000000000000000000
837;194;0,400000000000000000000
837;4512;0,200000000000000000000
839;1498;1,000000000000000000000
842;59841;1,000000000000000000000
844;1719;0,750000000000000000000
844;3891;0,250000000000000000000
845;71;0,083333333333333333333
845;263;0,016666666666666666666
845;420;0,033333333333333333333
845;744;0,050000000000000000000
845;846;0,216666666666666666666
845;1041;0,033333333333333333333
845;1437;0,050000000000000000000
845;1724;0,083333333333333333333
845;4440;0,033333333333333333333
845;9693;0,016666666666666666666
845;131383;0,033333333333333333333
845;192866;0,316666666666666666666
845;193005;0,033333333333333333333
846;174;0,055555555555555555555
846;277;0,027777777777777777777
846;283;0,027777777777777777777
846;744;0,083333333333333333333
846;845;0,222222222222222222222
846;1437;0,166666666666666666666
846;2697;0,027777777777777777777
846;2744;0,027777777777777777777
846;3123;0,027777777777777777777
846;3256;0,027777777777777777777
846;3427;0,027777777777777777777
846;3683;0,027777777777777777777
846;5149;0,027777777777777777777
846;7030;0,027777777777777777777
846;17549;0,027777777777777777777
846;59841;0,027777777777777777777
846;192866;0,138888888888888888888
849;4510;1,000000000000000000000
854;4512;1,000000000000000000000
861;873;0,500000000000000000000
861;3045;0,500000000000000000000
863;6664;1,000000000000000000000
865;26070;1,000000000000000000000
866;4755;0,500000000000000000000
866;27316;0,500000000000000000000
873;241;0,285714285714285714285
873;274;0,142857142857142857142
873;2379;0,285714285714285714285
873;3234;0,142857142857142857142
873;3838;0,142857142857142857142
877;1044;0,200000000000000000000
877;5679;0,800000000000000000000
882;1637;1,000000000000000000000
885;3235;1,000000000000000000000
890;3141;1,000000000000000000000
899;490;0,500000000000000000000
899;1307;0,500000000000000000000
904;1723;0,500000000000000000000
904;2127;0,500000000000000000000
911;4262;1,000000000000000000000
920;37;0,333333333333333333333
920;609;0,333333333333333333333
920;1083;0,333333333333333333333
925;4518;0,500000000000000000000
925;5967;0,500000000000000000000
930;9340;1,000000000000000000000
933;80;0,111111111111111111111
933;819;0,111111111111111111111
933;992;0,111111111111111111111
933;2436;0,111111111111111111111
933;2516;0,111111111111111111111
933;2518;0,111111111111111111111
933;65193;0,333333333333333333333
937;96;0,250000000000000000000
937;453;0,250000000000000000000
937;772;0,500000000000000000000
941;251573;1,000000000000000000000
955;1751;0,333333333333333333333
955;4681;0,666666666666666666666
956;1751;1,000000000000000000000
970;1286;1,000000000000000000000
977;235;0,166666666666666666666
977;866;0,166666666666666666666
977;5691;0,166666666666666666666
977;7747;0,333333333333333333333
977;8090;0,166666666666666666666
982;1042;0,500000000000000000000
982;131383;0,500000000000000000000
983;920;0,333333333333333333333
983;2591;0,066666666666666666666
983;3246;0,400000000000000000000
983;4821;0,066666666666666666666
983;78108;0,133333333333333333333
984;472;0,571428571428571428571
984;3503;0,428571428571428571428
990;565;1,000000000000000000000
992;113;0,111111111111111111111
992;933;0,111111111111111111111
992;1931;0,222222222222222222222
992;2111;0,111111111111111111111
992;2684;0,333333333333333333333
992;115105;0,111111111111111111111
995;520;0,125000000000000000000
995;528;0,062500000000000000000
995;609;0,062500000000000000000
995;793;0,125000000000000000000
995;887;0,062500000000000000000
995;1018;0,062500000000000000000
995;1044;0,062500000000000000000
995;1778;0,062500000000000000000
995;2117;0,125000000000000000000
995;2375;0,125000000000000000000
995;3100;0,062500000000000000000
995;4374;0,062500000000000000000
1010;2001;0,250000000000000000000
1010;2484;0,250000000000000000000
1010;3551;0,250000000000000000000
1010;20770;0,250000000000000000000
1018;2001;0,500000000000000000000
1018;24076;0,500000000000000000000
1024;12817;0,666666666666666666666
1024;28752;0,333333333333333333333
1034;12;0,100000000000000000000
1034;13;0,100000000000000000000
1034;14;0,100000000000000000000
1034;161;0,100000000000000000000
1034;440;0,100000000000000000000
1034;1033;0,100000000000000000000
1034;1620;0,100000000000000000000
1034;5751;0,100000000000000000000
1034;8489;0,100000000000000000000
1034;9714;0,100000000000000000000
1041;845;0,190476190476190476190
1041;982;0,619047619047619047619
1041;4440;0,047619047619047619047
1041;6302;0,047619047619047619047
1041;26251;0,047619047619047619047
1041;193005;0,047619047619047619047
1042;2287;0,600000000000000000000
1042;2421;0,200000000000000000000
1042;102129;0,200000000000000000000
1048;3332;1,000000000000000000000
1055;166;1,000000000000000000000
1058;3188;0,500000000000000000000
1058;10682;0,500000000000000000000
1077;4976;1,000000000000000000000
1079;1321;1,000000000000000000000
1083;38;0,076923076923076923076
1083;609;0,153846153846153846153
1083;920;0,076923076923076923076
1083;1082;0,076923076923076923076
1083;2433;0,230769230769230769230
1083;9707;0,076923076923076923076
1083;13452;0,076923076923076923076
1083;13482;0,230769230769230769230
1085;464;0,153846153846153846153
1085;2559;0,153846153846153846153
1085;2591;0,153846153846153846153
1085;3610;0,153846153846153846153
1085;8756;0,076923076923076923076
1085;9296;0,153846153846153846153
1085;29376;0,076923076923076923076
1085;50332;0,076923076923076923076
1094;5177;1,000000000000000000000
1109;5441;1,000000000000000000000
1114;1324;1,000000000000000000000
1117;131;0,200000000000000000000
1117;263;0,200000000000000000000
1117;2203;0,200000000000000000000
1117;8253;0,400000000000000000000
1118;352;0,250000000000000000000
1118;354;0,500000000000000000000
1118;4530;0,250000000000000000000
1121;77;0,083333333333333333333
1121;190;0,083333333333333333333
1121;749;0,166666666666666666666
1121;2054;0,083333333333333333333
1121;2216;0,166666666666666666666
1121;5082;0,166666666666666666666
1121;8730;0,083333333333333333333
1121;140271;0,083333333333333333333
1121;219255;0,083333333333333333333
1123;405;1,000000000000000000000
1124;22123;1,000000000000000000000
1131;80;0,125000000000000000000
1131;876;0,250000000000000000000
1131;3443;0,125000000000000000000
1131;3515;0,375000000000000000000
1131;18885;0,125000000000000000000
1135;17269;1,000000000000000000000
1142;8363;1,000000000000000000000
1150;24;0,333333333333333333333
1150;521;0,333333333333333333333
1150;1286;0,333333333333333333333
1153;1154;1,000000000000000000000
1154;96;0,200000000000000000000
1154;626;0,600000000000000000000
1154;1153;0,200000000000000000000
1164;1831;1,000000000000000000000
1165;21360;0,500000000000000000000
1165;81648;0,250000000000000000000
1165;116409;0,250000000000000000000
1169;71;0,121951219512195121951
1169;100;0,073170731707317073170
1169;276;0,073170731707317073170
1169;695;0,170731707317073170731
1169;696;0,073170731707317073170
1169;1939;0,024390243902439024390
1169;1942;0,048780487804878048780
1169;1944;0,073170731707317073170
1169;3523;0,073170731707317073170
1169;4512;0,073170731707317073170
1169;59745;0,121951219512195121951
1169;98841;0,073170731707317073170
1173;12805;0,500000000000000000000
1173;259636;0,500000000000000000000
1174;80;0,033333333333333333333
1174;111;0,033333333333333333333
1174;281;0,033333333333333333333
1174;332;0,033333333333333333333
1174;452;0,033333333333333333333
1174;530;0,033333333333333333333
1174;531;0,066666666666666666666
1174;668;0,033333333333333333333
1174;675;0,100000000000000000000
1174;719;0,033333333333333333333
1174;754;0,033333333333333333333
1174;819;0,033333333333333333333
1174;876;0,033333333333333333333
1174;933;0,033333333333333333333
1174;1025;0,033333333333333333333
1174;1116;0,033333333333333333333
1174;1129;0,033333333333333333333
1174;1130;0,033333333333333333333
1174;1361;0,066666666666666666666
1174;1370;0,066666666666666666666
1174;1391;0,033333333333333333333
1174;1647;0,033333333333333333333
1174;1745;0,033333333333333333333
1174;4173;0,033333333333333333333
1174;65193;0,033333333333333333333
1181;1527;0,142857142857142857142
1181;3374;0,142857142857142857142
1181;4219;0,142857142857142857142
1181;5007;0,142857142857142857142
1181;5886;0,142857142857142857142
1181;6169;0,142857142857142857142
1181;21268;0,142857142857142857142
1190;1771;1,000000000000000000000
1196;4059;0,500000000000000000000
1196;5005;0,500000000000000000000
1198;2343;1,000000000000000000000
1216;287;1,000000000000000000000
1221;59841;1,000000000000000000000
1225;2659;1,000000000000000000000
1231;3141;1,000000000000000000000
1234;1122;0,100000000000000000000
1234;1235;0,200000000000000000000
1234;1277;0,200000000000000000000
1234;1278;0,100000000000000000000
1234;8623;0,300000000000000000000
1234;9442;0,100000000000000000000
1235;1942;0,500000000000000000000
1235;3235;0,500000000000000000000
1237;1234;0,428571428571428571428
1237;1277;0,428571428571428571428
1237;115105;0,142857142857142857142
1246;2897;0,600000000000000000000
1246;3222;0,400000000000000000000
1248;1129;0,500000000000000000000
1248;3443;0,500000000000000000000
1254;2512;0,166666666666666666666
1254;3433;0,166666666666666666666
1254;7111;0,166666666666666666666
1254;7713;0,166666666666666666666
1254;9226;0,333333333333333333333
1261;41;0,250000000000000000000
1261;649;0,500000000000000000000
1261;4552;0,250000000000000000000
1265;1348;0,166666666666666666666
1265;1462;0,166666666666666666666
1265;2792;0,166666666666666666666
1265;4172;0,166666666666666666666
1265;5212;0,166666666666666666666
1265;8805;0,166666666666666666666
1277;72;0,058823529411764705882
1277;763;0,117647058823529411764
1277;1234;0,235294117647058823529
1277;1235;0,176470588235294117647
1277;1236;0,058823529411764705882
1277;1237;0,176470588235294117647
1277;1815;0,058823529411764705882
1277;2111;0,058823529411764705882
1277;21154;0,058823529411764705882
1278;135;0,100000000000000000000
1278;183;0,200000000000000000000
1278;277;0,100000000000000000000
1278;826;0,100000000000000000000
1278;1234;0,100000000000000000000
1278;1815;0,100000000000000000000
1278;1925;0,100000000000000000000
1278;6962;0,200000000000000000000
1282;380;0,875000000000000000000
1282;2543;0,125000000000000000000
1286;190;0,083333333333333333333
1286;524;0,083333333333333333333
1286;621;0,083333333333333333333
1286;877;0,083333333333333333333
1286;938;0,083333333333333333333
1286;970;0,083333333333333333333
1286;2054;0,083333333333333333333
1286;2434;0,083333333333333333333
1286;4020;0,083333333333333333333
1286;4146;0,083333333333333333333
1286;7759;0,083333333333333333333
1286;9402;0,083333333333333333333
1290;385;0,500000000000000000000
1290;706;0,250000000000000000000
1290;1314;0,250000000000000000000
1303;2195;1,000000000000000000000
1307;899;0,333333333333333333333
1307;2117;0,333333333333333333333
1307;3235;0,333333333333333333333
1316;352;0,200000000000000000000
1316;1653;0,400000000000000000000
1316;7577;0,200000000000000000000
1316;8163;0,200000000000000000000
1319;2509;1,000000000000000000000
1321;1079;1,000000000000000000000
1324;1326;1,000000000000000000000
1326;138;0,250000000000000000000
1326;1121;0,250000000000000000000
1326;1324;0,250000000000000000000
1326;8730;0,250000000000000000000
1327;307;0,125000000000000000000
1327;1332;0,500000000000000000000
1327;1333;0,375000000000000000000
1329;1333;0,500000000000000000000
1329;13496;0,500000000000000000000
1330;5679;1,000000000000000000000
1332;1327;1,000000000000000000000
1333;307;0,333333333333333333333
1333;1329;0,333333333333333333333
1333;259636;0,333333333333333333333
1340;349;0,250000000000000000000
1340;351;0,250000000000000000000
1340;1027;0,500000000000000000000
1342;1898;0,333333333333333333333
1342;4313;0,333333333333333333333
1342;4747;0,333333333333333333333
1348;658;0,166666666666666666666
1348;1265;0,333333333333333333333
1348;2882;0,333333333333333333333
1348;23730;0,166666666666666666666
1364;96;1,000000000000000000000
1370;452;0,666666666666666666666
1370;675;0,111111111111111111111
1370;1174;0,111111111111111111111
1370;1361;0,111111111111111111111
1393;1263;1,000000000000000000000
1419;7586;0,142857142857142857142
1419;8623;0,857142857142857142857
1432;1482;1,000000000000000000000
1434;288;0,035714285714285714285
1434;568;0,071428571428571428571
1434;1082;0,107142857142857142857
1434;1083;0,035714285714285714285
1434;3212;0,071428571428571428571
1434;3968;0,071428571428571428571
1434;5037;0,107142857142857142857
1434;6461;0,035714285714285714285
1434;6991;0,071428571428571428571
1434;6992;0,071428571428571428571
1434;7701;0,107142857142857142857
1434;11656;0,071428571428571428571
1434;17677;0,071428571428571428571
1434;17678;0,071428571428571428571
1437;744;0,076923076923076923076
1437;845;0,230769230769230769230
1437;846;0,307692307692307692307
1437;192866;0,384615384615384615384
1439;1440;1,000000000000000000000
1440;2863;1,000000000000000000000
1443;190;0,200000000000000000000
1443;622;0,200000000000000000000
1443;2146;0,200000000000000000000
1443;2147;0,200000000000000000000
1443;5691;0,200000000000000000000
1445;46;0,500000000000000000000
1445;1632;0,500000000000000000000
1446;2112;1,000000000000000000000
1454;437;0,500000000000000000000
1454;865;0,500000000000000000000
1457;109;1,000000000000000000000
1458;2520;1,000000000000000000000
1462;435;0,200000000000000000000
1462;1867;0,200000000000000000000
1462;5415;0,200000000000000000000
1462;13721;0,200000000000000000000
1462;14179;0,200000000000000000000
1464;1162;0,076923076923076923076
1464;1637;0,923076923076923076923
1471;50332;1,000000000000000000000
1480;157662;1,000000000000000000000
1513;1570;0,500000000000000000000
1513;6008;0,500000000000000000000
1515;4592;1,000000000000000000000
1517;2624;1,000000000000000000000
1521;12534;1,000000000000000000000
1544;520;0,090909090909090909090
1544;859;0,181818181818181818181
1544;1065;0,090909090909090909090
1544;2435;0,181818181818181818181
1544;113459;0,454545454545454545454
1545;1967;0,666666666666666666666
1545;6723;0,333333333333333333333
1547;96;0,500000000000000000000
1547;678;0,500000000000000000000
1554;793;1,000000000000000000000
1556;66;0,500000000000000000000
1556;248836;0,500000000000000000000
1565;2890;1,000000000000000000000
1570;1513;1,000000000000000000000
1574;443;0,500000000000000000000
1574;1024;0,500000000000000000000
1581;891;1,000000000000000000000
1591;135;0,142857142857142857142
1591;281;0,142857142857142857142
1591;1310;0,428571428571428571428
1591;2291;0,142857142857142857142
1591;10020;0,142857142857142857142
1596;794;0,500000000000000000000
1596;7866;0,500000000000000000000
1616;113;1,000000000000000000000
1629;1763;1,000000000000000000000
1632;1445;1,000000000000000000000
1637;635;0,023255813953488372093
1637;882;0,023255813953488372093
1637;1085;0,023255813953488372093
1637;1165;0,023255813953488372093
1637;1464;0,348837209302325581395
1637;1471;0,023255813953488372093
1637;2080;0,046511627906976744186
1637;2712;0,116279069767441860465
1637;3096;0,046511627906976744186
1637;5449;0,023255813953488372093
1637;7259;0,093023255813953488372
1637;14151;0,046511627906976744186
1637;42210;0,023255813953488372093
1637;47352;0,046511627906976744186
1637;50332;0,023255813953488372093
1637;50959;0,023255813953488372093
1637;76428;0,023255813953488372093
1637;259636;0,023255813953488372093
1663;485;0,333333333333333333333
1663;1664;0,333333333333333333333
1663;3135;0,333333333333333333333
1667;2216;0,500000000000000000000
1667;5158;0,500000000000000000000
1676;5922;1,000000000000000000000
1684;518;0,500000000000000000000
1684;3834;0,500000000000000000000
1685;2607;1,000000000000000000000
1696;71;0,250000000000000000000
1696;194;0,250000000000000000000
1696;277;0,250000000000000000000
1696;1724;0,250000000000000000000
1703;289;0,083333333333333333333
1703;1014;0,083333333333333333333
1703;1173;0,083333333333333333333
1703;2254;0,083333333333333333333
1703;2506;0,333333333333333333333
1703;8590;0,083333333333333333333
1703;8957;0,083333333333333333333
1703;18525;0,083333333333333333333
1703;27708;0,083333333333333333333
1725;2659;1,000000000000000000000
1727;2127;1,000000000000000000000
1731;8873;1,000000000000000000000
1745;65193;1,000000000000000000000
1751;956;1,000000000000000000000
1754;1762;0,333333333333333333333
1754;2844;0,333333333333333333333
1754;7630;0,333333333333333333333
1759;59841;1,000000000000000000000
1763;1629;1,000000000000000000000
1769;380;1,000000000000000000000
1771;1190;1,000000000000000000000
1778;520;1,000000000000000000000
1824;9114;1,000000000000000000000
1831;24;0,250000000000000000000
1831;484;0,250000000000000000000
1831;1164;0,500000000000000000000
1840;4576;1,000000000000000000000
1853;37814;1,000000000000000000000
1855;5613;0,909090909090909090909
1855;8062;0,090909090909090909090
1866;521;0,090909090909090909090
1866;3680;0,272727272727272727272
1866;3800;0,181818181818181818181
1866;4755;0,090909090909090909090
1866;6320;0,181818181818181818181
1866;8156;0,181818181818181818181
1868;285;1,000000000000000000000
1877;609;1,000000000000000000000
1887;232;1,000000000000000000000
1889;678;0,250000000000000000000
1889;2661;0,500000000000000000000
1889;2713;0,250000000000000000000
1897;39;0,142857142857142857142
1897;528;0,285714285714285714285
1897;571;0,142857142857142857142
1897;3548;0,285714285714285714285
1897;6788;0,142857142857142857142
1910;6234;1,000000000000000000000
1945;359;1,000000000000000000000
1948;57;0,166666666666666666666
1948;2355;0,333333333333333333333
1948;3123;0,333333333333333333333
1948;4159;0,166666666666666666666
1967;1545;0,400000000000000000000
1967;2009;0,200000000000000000000
1967;8139;0,200000000000000000000
1967;84925;0,200000000000000000000
1988;96;0,166666666666666666666
1988;249;0,333333333333333333333
1988;2515;0,333333333333333333333
1988;229072;0,166666666666666666666
1991;5640;1,000000000000000000000
1997;4435;1,000000000000000000000
2015;1719;0,500000000000000000000
2015;2884;0,250000000000000000000
2015;3891;0,250000000000000000000
2017;2050;0,333333333333333333333
2017;2064;0,666666666666666666666
2021;551;0,200000000000000000000
2021;2115;0,200000000000000000000
2021;4498;0,400000000000000000000
2021;5657;0,200000000000000000000
2050;2017;1,000000000000000000000
2052;190;0,500000000000000000000
2052;8090;0,500000000000000000000
2064;65;0,250000000000000000000
2064;2017;0,750000000000000000000
2070;5632;1,000000000000000000000
2080;1637;0,333333333333333333333
2080;2614;0,333333333333333333333
2080;259636;0,333333333333333333333
2087;4359;1,000000000000000000000
2098;356;0,500000000000000000000
2098;7755;0,500000000000000000000
2112;2509;1,000000000000000000000
2117;995;0,500000000000000000000
2117;1307;0,500000000000000000000
2137;3431;1,000000000000000000000
2156;970;1,000000000000000000000
2164;1111;0,500000000000000000000
2164;2428;0,250000000000000000000
2164;4699;0,250000000000000000000
2176;2591;1,000000000000000000000
2181;6472;1,000000000000000000000
2184;259636;1,000000000000000000000
2195;2196;1,000000000000000000000
2196;2195;0,600000000000000000000
2196;5478;0,400000000000000000000
2203;632;0,090909090909090909090
2203;1182;0,181818181818181818181
2203;2972;0,090909090909090909090
2203;3395;0,090909090909090909090
2203;8253;0,090909090909090909090
2203;8440;0,090909090909090909090
2203;12825;0,181818181818181818181
2203;125861;0,090909090909090909090
2203;184646;0,090909090909090909090
2215;2214;1,000000000000000000000
2216;497;0,090909090909090909090
2216;1667;0,090909090909090909090
2216;2271;0,090909090909090909090
2216;2503;0,090909090909090909090
2216;5082;0,181818181818181818181
2216;5632;0,090909090909090909090
2216;7759;0,090909090909090909090
2216;8623;0,090909090909090909090
2216;9389;0,090909090909090909090
2216;9399;0,090909090909090909090
2218;1402;0,500000000000000000000
2218;12098;0,500000000000000000000
2223;24;1,000000000000000000000
2227;2678;0,500000000000000000000
2227;13452;0,500000000000000000000
2239;2578;1,000000000000000000000
2245;1033;1,000000000000000000000
2246;3007;1,000000000000000000000
2269;237;0,400000000000000000000
2269;2742;0,200000000000000000000
2269;2847;0,400000000000000000000
2271;7759;1,000000000000000000000
2275;6918;0,333333333333333333333
2275;7713;0,666666666666666666666
2287;1042;0,666666666666666666666
2287;25205;0,333333333333333333333
2293;96;0,333333333333333333333
2293;1141;0,333333333333333333333
2293;2461;0,333333333333333333333
2326;3233;1,000000000000000000000
2335;2198;1,000000000000000000000
2343;1198;1,000000000000000000000
2355;827;0,166666666666666666666
2355;1143;0,083333333333333333333
2355;1948;0,333333333333333333333
2355;3098;0,083333333333333333333
2355;3141;0,083333333333333333333
2355;3399;0,083333333333333333333
2355;4853;0,166666666666666666666
2359;169356;1,000000000000000000000
2364;4989;1,000000000000000000000
2369;6213;1,000000000000000000000
2374;1314;0,333333333333333333333
2374;1650;0,333333333333333333333
2374;1845;0,333333333333333333333
2379;3234;1,000000000000000000000
2383;706;1,000000000000000000000
2398;24;1,000000000000000000000
2421;1042;0,600000000000000000000
2421;2830;0,200000000000000000000
2421;259636;0,200000000000000000000
2425;8820;1,000000000000000000000
2428;2164;0,666666666666666666666
2428;2296;0,333333333333333333333
2433;1082;0,500000000000000000000
2433;1083;0,500000000000000000000
2438;3304;0,500000000000000000000
2438;6694;0,500000000000000000000
2445;2099;0,125000000000000000000
2445;2962;0,125000000000000000000
2445;2972;0,125000000000000000000
2445;3802;0,375000000000000000000
2445;125861;0,250000000000000000000
2448;151;1,000000000000000000000
2461;261;0,500000000000000000000
2461;2293;0,500000000000000000000
2474;2523;1,000000000000000000000
2479;2657;0,500000000000000000000
2479;3145;0,500000000000000000000
2484;37;1,000000000000000000000
2500;7135;1,000000000000000000000
2509;550;0,250000000000000000000
2509;1319;0,250000000000000000000
2509;2112;0,500000000000000000000
2515;96;0,363636363636363636363
2515;249;0,090909090909090909090
2515;1988;0,181818181818181818181
2515;2661;0,090909090909090909090
2515;3601;0,090909090909090909090
2515;4821;0,181818181818181818181
2516;219;0,250000000000000000000
2516;876;0,750000000000000000000
2543;891;0,200000000000000000000
2543;1282;0,400000000000000000000
2543;1545;0,200000000000000000000
2543;2778;0,200000000000000000000
2544;983;1,000000000000000000000
2551;4621;1,000000000000000000000
2561;184646;1,000000000000000000000
2578;5861;1,000000000000000000000
2585;5626;1,000000000000000000000
2586;1180;1,000000000000000000000
2591;74;0,142857142857142857142
2591;1085;0,142857142857142857142
2591;1192;0,142857142857142857142
2591;2176;0,142857142857142857142
2591;5029;0,285714285714285714285
2591;50332;0,142857142857142857142
2600;266;1,000000000000000000000
2607;1685;0,500000000000000000000
2607;1763;0,500000000000000000000
2647;484;0,250000000000000000000
2647;658;0,250000000000000000000
2647;2882;0,500000000000000000000
2652;5005;0,500000000000000000000
2652;6883;0,250000000000000000000
2652;28397;0,250000000000000000000
2655;3429;1,000000000000000000000
2657;558;0,250000000000000000000
2657;1035;0,500000000000000000000
2657;2479;0,250000000000000000000
2661;85;0,058823529411764705882
2661;625;0,058823529411764705882
2661;678;0,235294117647058823529
2661;912;0,058823529411764705882
2661;1889;0,176470588235294117647
2661;2087;0,058823529411764705882
2661;2515;0,058823529411764705882
2661;2713;0,058823529411764705882
2661;2716;0,058823529411764705882
2661;2741;0,058823529411764705882
2661;3392;0,058823529411764705882
2661;15586;0,058823529411764705882
2678;2227;1,000000000000000000000
2684;992;0,250000000000000000000
2684;1235;0,041666666666666666666
2684;1236;0,041666666666666666666
2684;1237;0,041666666666666666666
2684;1931;0,250000000000000000000
2684;21154;0,083333333333333333333
2684;115105;0,291666666666666666666
2712;1637;1,000000000000000000000
2713;250;0,500000000000000000000
2713;1889;0,250000000000000000000
2713;4821;0,250000000000000000000
2737;5530;0,666666666666666666666
2737;14465;0,333333333333333333333
2739;2736;1,000000000000000000000
2779;3714;1,000000000000000000000
2786;13795;1,000000000000000000000
2788;24;1,000000000000000000000
2792;54;0,083333333333333333333
2792;320;0,583333333333333333333
2792;658;0,083333333333333333333
2792;1265;0,166666666666666666666
2792;23730;0,083333333333333333333
2796;2741;0,500000000000000000000
2796;4553;0,500000000000000000000
2803;420;0,018181818181818181818
2803;2739;0,218181818181818181818
2803;3996;0,018181818181818181818
2803;4852;0,472727272727272727272
2803;5306;0,254545454545454545454
2803;6499;0,018181818181818181818
2830;841;0,500000000000000000000
2830;2421;0,500000000000000000000
2832;4580;1,000000000000000000000
2834;468;0,500000000000000000000
2834;4777;0,166666666666666666666
2834;14376;0,333333333333333333333
2838;2884;1,000000000000000000000
2865;3233;0,333333333333333333333
2865;255740;0,333333333333333333333
2865;259636;0,333333333333333333333
2882;658;0,500000000000000000000
2882;1348;0,250000000000000000000
2882;2647;0,250000000000000000000
2884;2015;1,000000000000000000000
2897;1246;1,000000000000000000000
2962;1967;0,500000000000000000000
2962;2445;0,500000000000000000000
2991;4020;1,000000000000000000000
3005;3601;1,000000000000000000000
3007;708;0,500000000000000000000
3007;6721;0,500000000000000000000
3033;975;0,500000000000000000000
3033;1866;0,500000000000000000000
3045;861;0,666666666666666666666
3045;1547;0,333333333333333333333
3123;846;0,153846153846153846153
3123;1948;0,076923076923076923076
3123;3141;0,076923076923076923076
3123;5136;0,615384615384615384615
3123;6525;0,076923076923076923076
3141;890;0,250000000000000000000
3141;1231;0,250000000000000000000
3141;6503;0,250000000000000000000
3141;140271;0,250000000000000000000
3142;259636;1,000000000000000000000
3145;2479;0,333333333333333333333
3145;4697;0,666666666666666666666
3169;35;1,000000000000000000000
3176;2467;0,250000000000000000000
3176;17278;0,250000000000000000000
3176;184987;0,500000000000000000000
3178;7072;0,500000000000000000000
3178;9960;0,500000000000000000000
3180;259636;1,000000000000000000000
3203;7135;1,000000000000000000000
3214;18577;1,000000000000000000000
3222;1092;0,500000000000000000000
3222;1246;0,500000000000000000000
3233;2865;0,500000000000000000000
3233;5000;0,500000000000000000000
3235;9360;1,000000000000000000000
3245;3633;1,000000000000000000000
3256;846;0,500000000000000000000
3256;27852;0,250000000000000000000
3256;189452;0,250000000000000000000
3301;6986;0,333333333333333333333
3301;12176;0,666666666666666666666
3304;545;1,000000000000000000000
3323;46;1,000000000000000000000
3344;2731;1,000000000000000000000
3345;3993;1,000000000000000000000
3350;8454;1,000000000000000000000
3356;524;1,000000000000000000000
3394;296;0,500000000000000000000
3394;184646;0,500000000000000000000
3395;72;0,142857142857142857142
3395;517;0,142857142857142857142
3395;829;0,142857142857142857142
3395;2972;0,142857142857142857142
3395;3203;0,142857142857142857142
3395;4989;0,142857142857142857142
3395;27615;0,142857142857142857142
3414;4262;0,928571428571428571428
3414;4901;0,071428571428571428571
3426;4293;1,000000000000000000000
3443;224;0,200000000000000000000
3443;876;0,200000000000000000000
3443;1131;0,200000000000000000000
3443;1248;0,200000000000000000000
3443;3515;0,200000000000000000000
3465;391;1,000000000000000000000
3499;12572;1,000000000000000000000
3515;80;0,600000000000000000000
3515;502;0,200000000000000000000
3515;1248;0,200000000000000000000
3523;71;0,066666666666666666666
3523;135;0,066666666666666666666
3523;360;0,066666666666666666666
3523;662;0,200000000000000000000
3523;1724;0,066666666666666666666
3523;3235;0,066666666666666666666
3523;12432;0,066666666666666666666
3523;78108;0,400000000000000000000
3551;37;0,333333333333333333333
3551;2484;0,333333333333333333333
3551;3809;0,333333333333333333333
3560;2884;0,333333333333333333333
3560;5125;0,333333333333333333333
3560;7478;0,333333333333333333333
3587;1938;1,000000000000000000000
3601;4881;1,000000000000000000000
3625;80;0,666666666666666666666
3625;1248;0,333333333333333333333
3633;2293;0,166666666666666666666
3633;3245;0,500000000000000000000
3633;253384;0,333333333333333333333
3678;13178;1,000000000000000000000
3680;194;0,250000000000000000000
3680;1866;0,250000000000000000000
3680;1940;0,500000000000000000000
3753;10491;1,000000000000000000000
3766;612;0,500000000000000000000
3766;1512;0,500000000000000000000
3779;5626;1,000000000000000000000
3800;1866;1,000000000000000000000
3809;3551;0,500000000000000000000
3809;13504;0,500000000000000000000
3811;4307;1,000000000000000000000
3825;2494;1,000000000000000000000
3834;1684;1,000000000000000000000
3836;4;0,023809523809523809523
3836;37;0,023809523809523809523
3836;38;0,023809523809523809523
3836;189;0,023809523809523809523
3836;317;0,023809523809523809523
3836;609;0,023809523809523809523
3836;891;0,023809523809523809523
3836;1082;0,023809523809523809523
3836;1434;0,023809523809523809523
3836;1724;0,023809523809523809523
3836;1768;0,023809523809523809523
3836;1840;0,023809523809523809523
3836;1854;0,023809523809523809523
3836;1892;0,023809523809523809523
3836;1959;0,023809523809523809523
3836;2433;0,023809523809523809523
3836;3278;0,023809523809523809523
3836;3705;0,023809523809523809523
3836;3980;0,023809523809523809523
3836;4100;0,023809523809523809523
3836;4372;0,023809523809523809523
3836;4374;0,023809523809523809523
3836;4522;0,023809523809523809523
3836;4609;0,023809523809523809523
3836;5481;0,023809523809523809523
3836;6461;0,023809523809523809523
3836;6701;0,023809523809523809523
3836;7215;0,023809523809523809523
3836;7756;0,023809523809523809523
3836;10255;0,023809523809523809523
3836;11004;0,023809523809523809523
3836;11695;0,023809523809523809523
3836;11734;0,023809523809523809523
3836;13141;0,023809523809523809523
3836;13642;0,023809523809523809523
3836;13899;0,023809523809523809523
3836;18622;0,023809523809523809523
3836;19402;0,023809523809523809523
3836;21541;0,023809523809523809523
3836;21542;0,023809523809523809523
3836;28568;0,023809523809523809523
3836;28635;0,023809523809523809523
3844;669;1,000000000000000000000
3876;5092;1,000000000000000000000
3877;39;1,000000000000000000000
3891;201;0,500000000000000000000
3891;3678;0,500000000000000000000
3970;3683;1,000000000000000000000
3993;3345;1,000000000000000000000
4020;1286;0,333333333333333333333
4020;1316;0,166666666666666666666
4020;2991;0,166666666666666666666
4020;5679;0,333333333333333333333
4039;173893;1,000000000000000000000
4041;54;1,000000000000000000000
4059;5005;1,000000000000000000000
4081;10175;0,500000000000000000000
4081;259636;0,500000000000000000000
4085;4518;0,500000000000000000000
4085;21396;0,500000000000000000000
4099;4453;0,500000000000000000000
4099;122436;0,500000000000000000000
4101;89874;1,000000000000000000000
4147;2697;1,000000000000000000000
4159;8238;1,000000000000000000000
4160;4695;1,000000000000000000000
4173;332;0,500000000000000000000
4173;876;0,250000000000000000000
4173;1174;0,250000000000000000000
4205;138;1,000000000000000000000
4217;273;0,500000000000000000000
4217;8281;0,500000000000000000000
4225;793;0,500000000000000000000
4225;7578;0,500000000000000000000
4240;6892;1,000000000000000000000
4262;911;0,111111111111111111111
4262;3414;0,888888888888888888888
4268;1180;0,166666666666666666666
4268;1949;0,333333333333333333333
4268;7920;0,166666666666666666666
4268;38738;0,166666666666666666666
4268;259636;0,166666666666666666666
4281;4280;0,500000000000000000000
4281;5097;0,500000000000000000000
4307;4345;0,500000000000000000000
4307;4435;0,250000000000000000000
4307;5093;0,250000000000000000000
4313;11;0,500000000000000000000
4313;1156;0,500000000000000000000
4359;11;0,125000000000000000000
4359;1142;0,125000000000000000000
4359;1156;0,187500000000000000000
4359;1898;0,062500000000000000000
4359;2087;0,062500000000000000000
4359;2962;0,062500000000000000000
4359;3219;0,062500000000000000000
4359;3381;0,125000000000000000000
4359;4313;0,125000000000000000000
4359;8489;0,062500000000000000000
4377;652;1,000000000000000000000
4414;4146;1,000000000000000000000
4421;1018;0,333333333333333333333
4421;10740;0,666666666666666666666
4435;1997;0,200000000000000000000
4435;4307;0,400000000000000000000
4435;9106;0,200000000000000000000
4435;12466;0,200000000000000000000
4440;845;0,500000000000000000000
4440;1041;0,500000000000000000000
4453;104;0,500000000000000000000
4453;4099;0,250000000000000000000
4453;4299;0,250000000000000000000
4483;979;0,500000000000000000000
4483;9686;0,500000000000000000000
4498;5536;1,000000000000000000000
4501;140271;1,000000000000000000000
4507;101;1,000000000000000000000
4510;849;1,000000000000000000000
4512;695;1,000000000000000000000
4518;4085;1,000000000000000000000
4530;65193;0,500000000000000000000
4530;184646;0,500000000000000000000
4552;41;0,500000000000000000000
4552;1261;0,500000000000000000000
4553;2741;0,500000000000000000000
4553;2796;0,500000000000000000000
4572;8489;1,000000000000000000000
4592;1515;1,000000000000000000000
4621;2551;1,000000000000000000000
4636;854;1,000000000000000000000
4639;1089;1,000000000000000000000
4681;955;1,000000000000000000000
4686;1027;0,500000000000000000000
4686;1340;0,500000000000000000000
4692;1041;1,000000000000000000000
4695;4160;1,000000000000000000000
4697;313;0,125000000000000000000
4697;3145;0,125000000000000000000
4697;3418;0,750000000000000000000
4755;1066;0,500000000000000000000
4755;1866;0,500000000000000000000
4821;528;0,500000000000000000000
4821;2515;0,250000000000000000000
4821;2713;0,250000000000000000000
4852;5392;0,500000000000000000000
4852;8590;0,500000000000000000000
4853;1948;0,500000000000000000000
4853;2355;0,500000000000000000000
4861;23;0,666666666666666666666
4861;2511;0,166666666666666666666
4861;9230;0,166666666666666666666
4876;1516;1,000000000000000000000
4901;3414;1,000000000000000000000
4989;779;1,000000000000000000000
5016;4976;1,000000000000000000000
5029;2591;1,000000000000000000000
5077;441;1,000000000000000000000
5082;1121;0,500000000000000000000
5082;2216;0,500000000000000000000
5083;1180;0,500000000000000000000
5083;1192;0,500000000000000000000
5089;3975;1,000000000000000000000
5092;3876;0,500000000000000000000
5092;12269;0,500000000000000000000
5097;4281;1,000000000000000000000
5117;779;1,000000000000000000000
5125;3560;1,000000000000000000000
5136;846;1,000000000000000000000
5148;356;1,000000000000000000000
5167;467;1,000000000000000000000
5177;1094;1,000000000000000000000
5219;1101;0,333333333333333333333
5219;5564;0,333333333333333333333
5219;9402;0,333333333333333333333
5264;8933;1,000000000000000000000
5351;18247;1,000000000000000000000
5392;7015;1,000000000000000000000
5457;199;1,000000000000000000000
5478;2196;1,000000000000000000000
5506;5915;1,000000000000000000000
5519;5922;1,000000000000000000000
5530;380;0,333333333333333333333
5530;2737;0,666666666666666666666
5536;4498;1,000000000000000000000
5543;7701;1,000000000000000000000
5564;5219;1,000000000000000000000
5610;6622;1,000000000000000000000
5613;23;0,111111111111111111111
5613;1855;0,111111111111111111111
5613;2851;0,444444444444444444444
5613;5061;0,111111111111111111111
5613;8062;0,222222222222222222222
5626;407;0,500000000000000000000
5626;458;0,333333333333333333333
5626;3779;0,166666666666666666666
5628;2293;0,500000000000000000000
5628;3633;0,500000000000000000000
5629;4720;1,000000000000000000000
5640;829;0,333333333333333333333
5640;2203;0,666666666666666666666
5643;779;1,000000000000000000000
5651;2491;1,000000000000000000000
5691;977;0,666666666666666666666
5691;9208;0,333333333333333333333
5751;1034;1,000000000000000000000
5753;1321;0,500000000000000000000
5753;10093;0,500000000000000000000
5783;259636;1,000000000000000000000
5790;1462;1,000000000000000000000
5831;1335;1,000000000000000000000
5861;2578;0,500000000000000000000
5861;2713;0,500000000000000000000
5915;24;0,500000000000000000000
5915;8348;0,500000000000000000000
5922;5519;1,000000000000000000000
5967;925;1,000000000000000000000
6010;173893;1,000000000000000000000
6048;4228;1,000000000000000000000
6072;9694;1,000000000000000000000
6169;1938;1,000000000000000000000
6320;1866;1,000000000000000000000
6347;250;1,000000000000000000000
6353;6354;1,000000000000000000000
6433;1946;0,500000000000000000000
6433;5037;0,500000000000000000000
6468;115;1,000000000000000000000
6483;1180;0,250000000000000000000
6483;3905;0,250000000000000000000
6483;4292;0,500000000000000000000
6499;420;1,000000000000000000000
6503;3141;1,000000000000000000000
6505;1143;1,000000000000000000000
6511;5640;1,000000000000000000000
6570;4890;1,000000000000000000000
6622;5610;0,500000000000000000000
6622;5909;0,500000000000000000000
6627;72;0,333333333333333333333
6627;291;0,333333333333333333333
6627;425;0,333333333333333333333
6635;7;1,000000000000000000000
6664;863;0,500000000000000000000
6664;6132;0,500000000000000000000
6694;545;1,000000000000000000000
6721;983;1,000000000000000000000
6723;1545;0,833333333333333333333
6723;75230;0,166666666666666666666
6788;306;1,000000000000000000000
6792;12964;1,000000000000000000000
6883;5013;1,000000000000000000000
6892;4240;0,500000000000000000000
6892;9722;0,500000000000000000000
6930;17268;1,000000000000000000000
6962;1278;1,000000000000000000000
6979;251;0,500000000000000000000
6979;749;0,500000000000000000000
6981;251;1,000000000000000000000
6986;1487;1,000000000000000000000
7030;784;1,000000000000000000000
7049;1570;0,200000000000000000000
7049;1583;0,800000000000000000000
7072;3178;1,000000000000000000000
7080;1171;1,000000000000000000000
7130;96;1,000000000000000000000
7135;441;0,500000000000000000000
7135;2500;0,500000000000000000000
7142;85;0,600000000000000000000
7142;254;0,400000000000000000000
7259;1162;0,142857142857142857142
7259;1637;0,857142857142857142857
7278;1326;0,500000000000000000000
7278;2054;0,500000000000000000000
7418;3499;1,000000000000000000000
7543;152027;1,000000000000000000000
7564;2066;1,000000000000000000000
7578;4225;1,000000000000000000000
7626;975;1,000000000000000000000
7701;21096;1,000000000000000000000
7713;63;0,021739130434782608695
7713;283;0,021739130434782608695
7713;288;0,021739130434782608695
7713;296;0,021739130434782608695
7713;568;0,021739130434782608695
7713;671;0,021739130434782608695
7713;865;0,021739130434782608695
7713;978;0,021739130434782608695
7713;1100;0,021739130434782608695
7713;1171;0,021739130434782608695
7713;1254;0,021739130434782608695
7713;1293;0,021739130434782608695
7713;1405;0,021739130434782608695
7713;1443;0,021739130434782608695
7713;1598;0,021739130434782608695
7713;1735;0,021739130434782608695
7713;2275;0,043478260869565217391
7713;2489;0,021739130434782608695
7713;2512;0,021739130434782608695
7713;2743;0,021739130434782608695
7713;2744;0,021739130434782608695
7713;2916;0,021739130434782608695
7713;3123;0,021739130434782608695
7713;3256;0,021739130434782608695
7713;3381;0,021739130434782608695
7713;3683;0,021739130434782608695
7713;4085;0,021739130434782608695
7713;4159;0,021739130434782608695
7713;5149;0,021739130434782608695
7713;5617;0,021739130434782608695
7713;5624;0,021739130434782608695
7713;8165;0,021739130434782608695
7713;8489;0,021739130434782608695
7713;8715;0,021739130434782608695
7713;8909;0,021739130434782608695
7713;8910;0,021739130434782608695
7713;9898;0,021739130434782608695
7713;12563;0,021739130434782608695
7713;12745;0,021739130434782608695
7713;26786;0,021739130434782608695
7713;28818;0,021739130434782608695
7713;28821;0,021739130434782608695
7713;189452;0,043478260869565217391
7713;190971;0,021739130434782608695
7739;256951;1,000000000000000000000
7747;7759;0,800000000000000000000
7747;9208;0,200000000000000000000
7755;354;0,500000000000000000000
7755;2098;0,500000000000000000000
7756;1082;1,000000000000000000000
7759;7747;1,000000000000000000000
7767;2212;1,000000000000000000000
7906;4145;0,500000000000000000000
7906;5125;0,500000000000000000000
7920;652;0,500000000000000000000
7920;4268;0,500000000000000000000
7968;826;0,500000000000000000000
7968;191508;0,500000000000000000000
7975;419;0,200000000000000000000
7975;2993;0,200000000000000000000
7975;12959;0,400000000000000000000
7975;17611;0,200000000000000000000
7994;1705;1,000000000000000000000
8090;1330;1,000000000000000000000
8139;1967;1,000000000000000000000
8164;1073;0,285714285714285714285
8164;1315;0,095238095238095238095
8164;1985;0,285714285714285714285
8164;4918;0,047619047619047619047
8164;4919;0,095238095238095238095
8164;9513;0,190476190476190476190
8238;4159;1,000000000000000000000
8268;4091;0,500000000000000000000
8268;113392;0,500000000000000000000
8281;59;1,000000000000000000000
8306;148;1,000000000000000000000
8348;545;0,166666666666666666666
8348;1497;0,166666666666666666666
8348;3304;0,166666666666666666666
8348;3618;0,166666666666666666666
8348;4794;0,166666666666666666666
8348;5915;0,166666666666666666666
8440;1182;0,111111111111111111111
8440;2203;0,111111111111111111111
8440;248334;0,222222222222222222222
8440;248831;0,111111111111111111111
8440;248837;0,222222222222222222222
8440;256951;0,222222222222222222222
8441;35;0,166666666666666666666
8441;4991;0,166666666666666666666
8441;8459;0,666666666666666666666
8442;479;0,250000000000000000000
8442;520;0,250000000000000000000
8442;1748;0,250000000000000000000
8442;4225;0,250000000000000000000
8447;525;0,666666666666666666666
8447;248334;0,333333333333333333333
8449;706;0,500000000000000000000
8449;74054;0,500000000000000000000
8459;35;0,285714285714285714285
8459;8441;0,714285714285714285714
8465;1181;1,000000000000000000000
8493;891;1,000000000000000000000
8513;4860;1,000000000000000000000
8590;46;0,181818181818181818181
8590;48;0,090909090909090909090
8590;1910;0,090909090909090909090
8590;2367;0,090909090909090909090
8590;3323;0,090909090909090909090
8590;3418;0,090909090909090909090
8590;8580;0,090909090909090909090
8590;8899;0,090909090909090909090
8590;8902;0,090909090909090909090
8590;9261;0,090909090909090909090
8623;1234;0,125000000000000000000
8623;1419;0,625000000000000000000
8623;2027;0,062500000000000000000
8623;10946;0,062500000000000000000
8623;25849;0,062500000000000000000
8623;259636;0,062500000000000000000
8648;8976;1,000000000000000000000
8666;5700;1,000000000000000000000
8730;1121;0,500000000000000000000
8730;1326;0,500000000000000000000
8749;3457;1,000000000000000000000
8752;2435;1,000000000000000000000
8786;2741;1,000000000000000000000
8805;1265;1,000000000000000000000
8820;2425;1,000000000000000000000
8843;5660;1,000000000000000000000
8862;8827;1,000000000000000000000
8865;8827;1,000000000000000000000
8869;5660;1,000000000000000000000
8902;46;0,100000000000000000000
8902;48;0,100000000000000000000
8902;1910;0,100000000000000000000
8902;2367;0,100000000000000000000
8902;3323;0,100000000000000000000
8902;3418;0,100000000000000000000
8902;8580;0,100000000000000000000
8902;8590;0,100000000000000000000
8902;8899;0,100000000000000000000
8902;9261;0,100000000000000000000
8910;189452;1,000000000000000000000
8928;1477;1,000000000000000000000
8985;22123;1,000000000000000000000
9026;2779;1,000000000000000000000
9067;12826;1,000000000000000000000
9068;1220;1,000000000000000000000
9090;104;0,250000000000000000000
9090;777;0,750000000000000000000
9098;6930;1,000000000000000000000
9114;1824;1,000000000000000000000
9208;977;0,250000000000000000000
9208;5691;0,250000000000000000000
9208;7759;0,500000000000000000000
9230;4269;0,333333333333333333333
9230;4861;0,666666666666666666666
9393;2998;1,000000000000000000000
9402;5219;1,000000000000000000000
9431;77;1,000000000000000000000
9433;622;1,000000000000000000000
9441;1443;1,000000000000000000000
9542;1719;1,000000000000000000000
9657;122;1,000000000000000000000
9681;4262;0,500000000000000000000
9681;28598;0,500000000000000000000
9686;4435;1,000000000000000000000
9693;695;1,000000000000000000000
9694;6072;1,000000000000000000000
9762;612;1,000000000000000000000
9941;747;1,000000000000000000000
9951;1608;1,000000000000000000000
9960;3178;1,000000000000000000000
10020;1591;1,000000000000000000000
10067;391;1,000000000000000000000
10682;1058;1,000000000000000000000
10740;4421;1,000000000000000000000
10860;2678;1,000000000000000000000
10946;77;0,333333333333333333333
10946;8623;0,666666666666666666666
11014;2678;1,000000000000000000000
11213;190;1,000000000000000000000
11427;1454;0,333333333333333333333
11427;2195;0,333333333333333333333
11427;2506;0,333333333333333333333
11476;19176;1,000000000000000000000
11680;9158;1,000000000000000000000
11734;9707;1,000000000000000000000
11863;979;1,000000000000000000000
12176;3301;1,000000000000000000000
12257;37;0,500000000000000000000
12257;609;0,500000000000000000000
12269;5092;1,000000000000000000000
12387;2921;1,000000000000000000000
12430;2865;1,000000000000000000000
12432;2235;0,166666666666666666666
12432;3155;0,166666666666666666666
12432;3378;0,166666666666666666666
12432;7624;0,166666666666666666666
12432;12433;0,166666666666666666666
12432;12436;0,166666666666666666666
12497;9686;1,000000000000000000000
12534;1521;1,000000000000000000000
12563;119973;1,000000000000000000000
12596;761;1,000000000000000000000
12805;8762;1,000000000000000000000
12817;1024;1,000000000000000000000
12876;1364;1,000000000000000000000
12938;59522;1,000000000000000000000
12964;3251;0,333333333333333333333
12964;4751;0,333333333333333333333
12964;6792;0,333333333333333333333
13006;16644;1,000000000000000000000
13158;3678;0,333333333333333333333
13158;8909;0,333333333333333333333
13158;13178;0,333333333333333333333
13236;1949;1,000000000000000000000
13396;779;0,333333333333333333333
13396;4989;0,666666666666666666666
13452;1083;0,250000000000000000000
13452;2227;0,750000000000000000000
13545;275;0,500000000000000000000
13545;826;0,500000000000000000000
13721;1462;1,000000000000000000000
14151;96;0,028169014084507042253
14151;115;0,014084507042253521126
14151;251;0,028169014084507042253
14151;883;0,014084507042253521126
14151;911;0,014084507042253521126
14151;1085;0,028169014084507042253
14151;1326;0,042253521126760563380
14151;1464;0,014084507042253521126
14151;1637;0,042253521126760563380
14151;2039;0,028169014084507042253
14151;2041;0,028169014084507042253
14151;2054;0,028169014084507042253
14151;2080;0,056338028169014084507
14151;2293;0,014084507042253521126
14151;2461;0,014084507042253521126
14151;2614;0,014084507042253521126
14151;2736;0,014084507042253521126
14151;2800;0,014084507042253521126
14151;2830;0,014084507042253521126
14151;3141;0,014084507042253521126
14151;3235;0,014084507042253521126
14151;3891;0,014084507042253521126
14151;4269;0,014084507042253521126
14151;5289;0,014084507042253521126
14151;5329;0,014084507042253521126
14151;5526;0,014084507042253521126
14151;5543;0,014084507042253521126
14151;6468;0,014084507042253521126
14151;6503;0,014084507042253521126
14151;6979;0,028169014084507042253
14151;7259;0,014084507042253521126
14151;7278;0,014084507042253521126
14151;8869;0,014084507042253521126
14151;8933;0,014084507042253521126
14151;9409;0,014084507042253521126
14151;12820;0,014084507042253521126
14151;14184;0,014084507042253521126
14151;16815;0,014084507042253521126
14151;18979;0,014084507042253521126
14151;23419;0,014084507042253521126
14151;27938;0,028169014084507042253
14151;29014;0,014084507042253521126
14151;76428;0,014084507042253521126
14151;83231;0,154929577464788732394
14151;173893;0,014084507042253521126
14151;219255;0,014084507042253521126
14323;228;0,500000000000000000000
14323;284853;0,500000000000000000000
14465;2737;0,666666666666666666666
14465;3142;0,333333333333333333333
14841;784;1,000000000000000000000
15471;275;0,125000000000000000000
15471;282;0,250000000000000000000
15471;731;0,625000000000000000000
15586;2661;0,500000000000000000000
15586;48255;0,500000000000000000000
16497;1220;1,000000000000000000000
16644;911;1,000000000000000000000
16921;1250;1,000000000000000000000
17047;1334;1,000000000000000000000
17268;6930;1,000000000000000000000
17269;3176;0,500000000000000000000
17269;184987;0,500000000000000000000
18641;277;0,157894736842105263157
18641;283;0,052631578947368421052
18641;296;0,052631578947368421052
18641;749;0,052631578947368421052
18641;2697;0,052631578947368421052
18641;2863;0,052631578947368421052
18641;3123;0,052631578947368421052
18641;3427;0,052631578947368421052
18641;3683;0,052631578947368421052
18641;5149;0,052631578947368421052
18641;5638;0,052631578947368421052
18641;7713;0,052631578947368421052
18641;7975;0,052631578947368421052
18641;8715;0,052631578947368421052
18641;14481;0,052631578947368421052
18641;59745;0,052631578947368421052
18641;131383;0,052631578947368421052
18695;3256;1,000000000000000000000
19176;232;1,000000000000000000000
20307;1220;0,200000000000000000000
20307;11369;0,200000000000000000000
20307;14069;0,200000000000000000000
20307;21159;0,200000000000000000000
20307;27175;0,200000000000000000000
20853;1462;1,000000000000000000000
21154;2111;1,000000000000000000000
21268;4998;1,000000000000000000000
21360;1165;0,250000000000000000000
21360;2275;0,250000000000000000000
21360;173893;0,500000000000000000000
21396;4085;1,000000000000000000000
21697;2021;1,000000000000000000000
23720;281;0,200000000000000000000
23720;675;0,200000000000000000000
23720;719;0,200000000000000000000
23720;1129;0,200000000000000000000
23720;1370;0,200000000000000000000
23730;1265;1,000000000000000000000
23932;885;1,000000000000000000000
24076;1018;1,000000000000000000000
24113;1574;1,000000000000000000000
26070;865;1,000000000000000000000
27645;4587;0,500000000000000000000
27645;27613;0,500000000000000000000
27674;4777;1,000000000000000000000
27826;19582;1,000000000000000000000
28118;129892;1,000000000000000000000
28405;615;1,000000000000000000000
28598;1827;0,333333333333333333333
28598;4376;0,333333333333333333333
28598;9681;0,333333333333333333333
28676;27141;1,000000000000000000000
28683;24875;1,000000000000000000000
28914;749;1,000000000000000000000
28930;1898;0,066666666666666666666
28930;2743;0,066666666666666666666
28930;2786;0,033333333333333333333
28930;3256;0,033333333333333333333
28930;3420;0,100000000000000000000
28930;3685;0,033333333333333333333
28930;7717;0,033333333333333333333
28930;7975;0,066666666666666666666
28930;12959;0,066666666666666666666
28930;15737;0,033333333333333333333
28930;23759;0,033333333333333333333
28930;24259;0,066666666666666666666
28930;152027;0,366666666666666666666
29376;1085;0,500000000000000000000
29376;1162;0,500000000000000000000
29796;796;1,000000000000000000000
38738;4268;1,000000000000000000000
41776;354;0,250000000000000000000
41776;1169;0,250000000000000000000
41776;1946;0,250000000000000000000
41776;4919;0,250000000000000000000
47352;1637;1,000000000000000000000
48255;240;0,133333333333333333333
48255;452;0,066666666666666666666
48255;768;0,066666666666666666666
48255;1703;0,066666666666666666666
48255;2287;0,066666666666666666666
48255;2661;0,066666666666666666666
48255;3996;0,066666666666666666666
48255;4058;0,066666666666666666666
48255;7160;0,066666666666666666666
48255;8460;0,133333333333333333333
48255;12430;0,066666666666666666666
48255;15586;0,066666666666666666666
48255;28538;0,066666666666666666666
48826;423;0,500000000000000000000
48826;28130;0,500000000000000000000
50332;74;0,333333333333333333333
50332;2591;0,666666666666666666666
54440;1891;0,500000000000000000000
54440;4041;0,500000000000000000000
56282;2588;0,500000000000000000000
56282;4852;0,500000000000000000000
58138;1253;1,000000000000000000000
59522;12938;1,000000000000000000000
59745;1169;1,000000000000000000000
59841;71;0,057142857142857142857
59841;283;0,028571428571428571428
59841;296;0,028571428571428571428
59841;602;0,085714285714285714285
59841;695;0,085714285714285714285
59841;749;0,028571428571428571428
59841;845;0,057142857142857142857
59841;846;0,142857142857142857142
59841;1169;0,028571428571428571428
59841;1759;0,028571428571428571428
59841;2697;0,028571428571428571428
59841;2731;0,028571428571428571428
59841;2863;0,028571428571428571428
59841;3123;0,028571428571428571428
59841;3256;0,028571428571428571428
59841;3683;0,028571428571428571428
59841;5149;0,028571428571428571428
59841;7030;0,028571428571428571428
59841;7975;0,028571428571428571428
59841;8715;0,085714285714285714285
59841;14481;0,057142857142857142857
59841;59745;0,028571428571428571428
65193;111;0,166666666666666666666
65193;352;0,083333333333333333333
65193;754;0,083333333333333333333
65193;933;0,333333333333333333333
65193;1116;0,083333333333333333333
65193;1361;0,166666666666666666666
65193;1745;0,083333333333333333333
65998;119973;1,000000000000000000000
71411;748;1,000000000000000000000
73134;1574;1,000000000000000000000
75827;213;0,181818181818181818181
75827;747;0,454545454545454545454
75827;748;0,090909090909090909090
75827;71411;0,136363636363636363636
75827;75828;0,045454545454545454545
75827;76428;0,090909090909090909090
75828;747;0,500000000000000000000
75828;71411;0,500000000000000000000
78108;826;0,181818181818181818181
78108;983;0,272727272727272727272
78108;3523;0,545454545454545454545
84925;26980;0,500000000000000000000
84925;240182;0,500000000000000000000
89874;39;0,032258064516129032258
89874;240;0,032258064516129032258
89874;520;0,032258064516129032258
89874;521;0,032258064516129032258
89874;527;0,032258064516129032258
89874;612;0,032258064516129032258
89874;955;0,032258064516129032258
89874;1053;0,032258064516129032258
89874;1182;0,032258064516129032258
89874;1227;0,032258064516129032258
89874;1653;0,032258064516129032258
89874;1745;0,032258064516129032258
89874;3038;0,032258064516129032258
89874;3563;0,096774193548387096774
89874;3586;0,032258064516129032258
89874;3811;0,032258064516129032258
89874;4101;0,064516129032258064516
89874;4225;0,129032258064516129032
89874;4622;0,032258064516129032258
89874;4681;0,032258064516129032258
89874;5012;0,032258064516129032258
89874;21268;0,096774193548387096774
89874;160268;0,032258064516129032258
102129;1042;1,000000000000000000000
112062;695;0,333333333333333333333
112062;826;0,666666666666666666666
113459;1544;1,000000000000000000000
115105;275;0,111111111111111111111
115105;826;0,333333333333333333333
115105;992;0,222222222222222222222
115105;1169;0,111111111111111111111
115105;2684;0,222222222222222222222
122436;777;1,000000000000000000000
125861;2445;1,000000000000000000000
131383;277;0,500000000000000000000
131383;1827;0,500000000000000000000
135566;17278;1,000000000000000000000
137801;96;1,000000000000000000000
140014;1910;1,000000000000000000000
140271;1121;0,500000000000000000000
140271;4501;0,500000000000000000000
157662;1480;1,000000000000000000000
169356;192;1,000000000000000000000
173893;6010;0,500000000000000000000
173893;6221;0,250000000000000000000
173893;21360;0,250000000000000000000
179346;1759;1,000000000000000000000
184646;352;0,285714285714285714285
184646;354;0,142857142857142857142
184646;442;0,142857142857142857142
184646;3394;0,142857142857142857142
184646;4530;0,285714285714285714285
189452;1171;0,071428571428571428571
189452;3256;0,142857142857142857142
189452;4020;0,071428571428571428571
189452;7713;0,357142857142857142857
189452;8489;0,142857142857142857142
189452;8909;0,071428571428571428571
189452;8910;0,071428571428571428571
189452;190971;0,071428571428571428571
190971;189452;1,000000000000000000000
192866;71;0,200000000000000000000
192866;845;0,450000000000000000000
192866;846;0,200000000000000000000
192866;982;0,050000000000000000000
192866;1437;0,100000000000000000000
193005;845;0,666666666666666666666
193005;1041;0,333333333333333333333
229072;1988;1,000000000000000000000
237304;2825;1,000000000000000000000
239963;796;1,000000000000000000000
239968;2512;1,000000000000000000000
239969;5869;1,000000000000000000000
240182;84925;1,000000000000000000000
245879;1342;0,357142857142857142857
245879;1898;0,428571428571428571428
245879;4313;0,071428571428571428571
245879;12391;0,142857142857142857142
248334;8440;0,333333333333333333333
248334;8447;0,666666666666666666666
248831;8440;1,000000000000000000000
248836;1556;0,333333333333333333333
248836;6006;0,333333333333333333333
248836;248835;0,333333333333333333333
251238;85;0,666666666666666666666
251238;267368;0,333333333333333333333
251573;122;0,500000000000000000000
251573;941;0,500000000000000000000
255463;5042;1,000000000000000000000
255740;2865;1,000000000000000000000
256951;2435;0,500000000000000000000
256951;7739;0,250000000000000000000
256951;8440;0,250000000000000000000
259636;251;1,000000000000000000000
267368;85;0,666666666666666666666
267368;14151;0,166666666666666666666
267368;251238;0,166666666666666666666
280033;1459;0,666666666666666666666
280033;284853;0,333333333333333333333
282773;731;1,000000000000000000000
283636;1566;0,500000000000000000000
283636;5042;0,500000000000000000000
284853;14323;1,000000000000000000000
284856;1064;1,000000000000000000000
308968;453;1,000000000000000000000
313473;5660;0,500000000000000000000
313473;13580;0,500000000000000000000
321112;749;1,000000000000000000000
