48;447;0,200000000000000000000
48;2709;0,100000000000000000000
48;2798;0,100000000000000000000
48;4831;0,100000000000000000000
48;5576;0,100000000000000000000
48;7037;0,100000000000000000000
48;15507;0,300000000000000000000
54;551;0,166666666666666666666
54;1116;0,333333333333333333333
54;4041;0,333333333333333333333
54;7111;0,166666666666666666666
65;529;0,200000000000000000000
65;1122;0,200000000000000000000
65;3085;0,600000000000000000000
72;351;0,090909090909090909090
72;854;0,090909090909090909090
72;1117;0,090909090909090909090
72;1340;0,090909090909090909090
72;1946;0,181818181818181818181
72;2972;0,090909090909090909090
72;3395;0,090909090909090909090
72;26980;0,090909090909090909090
72;116140;0,090909090909090909090
72;184646;0,090909090909090909090
74;3096;1,000000000000000000000
83;4472;1,000000000000000000000
96;85;0,142857142857142857142
96;249;0,071428571428571428571
96;980;0,071428571428571428571
96;2515;0,142857142857142857142
96;3096;0,214285714285714285714
96;5628;0,071428571428571428571
96;13253;0,071428571428571428571
96;137801;0,071428571428571428571
96;245879;0,071428571428571428571
96;281170;0,071428571428571428571
101;279;0,250000000000000000000
101;4507;0,250000000000000000000
101;4787;0,500000000000000000000
115;392;0,055555555555555555555
115;490;0,500000000000000000000
115;1949;0,111111111111111111111
115;4268;0,055555555555555555555
115;7920;0,055555555555555555555
115;136664;0,222222222222222222222
120;394;1,000000000000000000000
135;13;0,052631578947368421052
135;183;0,052631578947368421052
135;411;0,052631578947368421052
135;748;0,052631578947368421052
135;1234;0,052631578947368421052
135;1262;0,052631578947368421052
135;1939;0,105263157894736842105
135;1967;0,105263157894736842105
135;2204;0,052631578947368421052
135;2850;0,052631578947368421052
135;3176;0,105263157894736842105
135;4020;0,052631578947368421052
135;21396;0,105263157894736842105
135;184987;0,105263157894736842105
138;4205;0,333333333333333333333
138;4206;0,333333333333333333333
138;17629;0,333333333333333333333
148;113392;1,000000000000000000000
162;4108;1,000000000000000000000
174;437;0,666666666666666666666
174;846;0,333333333333333333333
183;3457;1,000000000000000000000
187;2291;1,000000000000000000000
189;4576;1,000000000000000000000
190;61;0,250000000000000000000
190;1263;0,500000000000000000000
190;3864;0,250000000000000000000
192;2272;0,333333333333333333333
192;3591;0,333333333333333333333
192;5564;0,333333333333333333333
199;1344;0,250000000000000000000
199;1759;0,750000000000000000000
211;1162;1,000000000000000000000
213;747;0,375000000000000000000
213;71411;0,125000000000000000000
213;75827;0,375000000000000000000
213;75828;0,125000000000000000000
220;2367;0,500000000000000000000
220;7874;0,500000000000000000000
232;1064;1,000000000000000000000
242;2736;1,000000000000000000000
244;990;1,000000000000000000000
248;2716;0,500000000000000000000
248;10018;0,500000000000000000000
249;96;0,333333333333333333333
249;1142;0,333333333333333333333
249;2515;0,333333333333333333333
250;2713;0,500000000000000000000
250;6347;0,500000000000000000000
253;85;0,500000000000000000000
253;4179;0,500000000000000000000
261;96;0,500000000000000000000
261;237;0,500000000000000000000
263;3395;0,333333333333333333333
263;5640;0,666666666666666666666
276;3523;0,666666666666666666666
276;245879;0,333333333333333333333
279;1271;0,333333333333333333333
279;3429;0,666666666666666666666
283;1342;0,500000000000000000000
283;4747;0,500000000000000000000
284;6981;1,000000000000000000000
287;14;0,625000000000000000000
287;1216;0,125000000000000000000
287;1262;0,125000000000000000000
287;2073;0,125000000000000000000
288;189452;1,000000000000000000000
292;458;0,666666666666666666666
292;2834;0,333333333333333333333
293;2731;1,000000000000000000000
296;59841;1,000000000000000000000
304;5640;1,000000000000000000000
306;1840;0,500000000000000000000
306;6788;0,500000000000000000000
307;1324;0,500000000000000000000
307;1329;0,500000000000000000000
310;2851;1,000000000000000000000
313;4697;1,000000000000000000000
332;452;0,214285714285714285714
332;718;0,214285714285714285714
332;1116;0,357142857142857142857
332;5071;0,214285714285714285714
347;3836;1,000000000000000000000
349;219;0,250000000000000000000
349;502;0,250000000000000000000
349;1027;0,500000000000000000000
354;352;0,500000000000000000000
354;3523;0,500000000000000000000
379;380;1,000000000000000000000
380;379;0,111111111111111111111
380;1282;0,222222222222222222222
380;1769;0,333333333333333333333
380;1802;0,111111111111111111111
380;3029;0,111111111111111111111
380;8899;0,111111111111111111111
391;10067;1,000000000000000000000
407;904;1,000000000000000000000
412;7906;1,000000000000000000000
419;846;1,000000000000000000000
425;5679;0,500000000000000000000
425;6627;0,500000000000000000000
427;27198;1,000000000000000000000
444;424;0,333333333333333333333
444;28747;0,666666666666666666666
453;1498;0,333333333333333333333
453;4299;0,333333333333333333333
453;4677;0,333333333333333333333
464;8762;1,000000000000000000000
472;3503;1,000000000000000000000
479;1171;0,500000000000000000000
479;3038;0,500000000000000000000
484;1831;0,500000000000000000000
484;2647;0,500000000000000000000
485;1663;1,000000000000000000000
490;115;0,600000000000000000000
490;136664;0,400000000000000000000
498;155;0,333333333333333333333
498;1892;0,666666666666666666666
502;80;0,095238095238095238095
502;224;0,095238095238095238095
502;531;0,142857142857142857142
502;1131;0,095238095238095238095
502;1248;0,095238095238095238095
502;3443;0,190476190476190476190
502;3515;0,190476190476190476190
502;3625;0,095238095238095238095
521;1938;1,000000000000000000000
538;869;1,000000000000000000000
545;2371;1,000000000000000000000
546;547;1,000000000000000000000
547;546;1,000000000000000000000
558;2657;1,000000000000000000000
568;7713;0,500000000000000000000
568;189452;0,500000000000000000000
571;1897;1,000000000000000000000
588;3340;1,000000000000000000000
594;977;0,500000000000000000000
594;2586;0,500000000000000000000
600;3007;0,666666666666666666666
600;7130;0,333333333333333333333
607;886;0,500000000000000000000
607;2117;0,500000000000000000000
612;9762;1,000000000000000000000
613;17248;1,000000000000000000000
615;28993;1,000000000000000000000
625;96;0,142857142857142857142
625;122;0,428571428571428571428
625;1154;0,142857142857142857142
625;8786;0,142857142857142857142
625;12876;0,142857142857142857142
626;1639;1,000000000000000000000
628;360;0,428571428571428571428
628;1754;0,285714285714285714285
628;1940;0,285714285714285714285
641;36;0,125000000000000000000
641;196;0,125000000000000000000
641;334;0,125000000000000000000
641;756;0,125000000000000000000
641;3029;0,125000000000000000000
641;3557;0,125000000000000000000
641;4215;0,125000000000000000000
641;13041;0,125000000000000000000
657;846;0,250000000000000000000
657;2731;0,500000000000000000000
657;59841;0,250000000000000000000
662;78108;1,000000000000000000000
667;668;0,875000000000000000000
667;157749;0,125000000000000000000
668;667;0,769230769230769230769
668;876;0,076923076923076923076
668;1129;0,153846153846153846153
669;1513;0,500000000000000000000
669;2659;0,500000000000000000000
678;1889;0,500000000000000000000
678;2661;0,500000000000000000000
683;681;1,000000000000000000000
689;1250;1,000000000000000000000
694;189452;1,000000000000000000000
698;1814;1,000000000000000000000
733;899;0,026666666666666666666
733;2912;0,040000000000000000000
733;2913;0,040000000000000000000
733;2914;0,040000000000000000000
733;2916;0,040000000000000000000
733;2919;0,040000000000000000000
733;2920;0,040000000000000000000
733;2921;0,026666666666666666666
733;2924;0,040000000000000000000
733;2925;0,040000000000000000000
733;2927;0,040000000000000000000
733;2929;0,040000000000000000000
733;2931;0,040000000000000000000
733;2932;0,040000000000000000000
733;2933;0,040000000000000000000
733;2935;0,040000000000000000000
733;2938;0,040000000000000000000
733;2939;0,040000000000000000000
733;2940;0,040000000000000000000
733;2941;0,040000000000000000000
733;2942;0,040000000000000000000
733;2943;0,040000000000000000000
733;2946;0,026666666666666666666
733;2948;0,040000000000000000000
733;2950;0,040000000000000000000
733;49722;0,040000000000000000000
740;8858;1,000000000000000000000
744;845;1,000000000000000000000
747;213;0,378378378378378378378
747;748;0,081081081081081081081
747;886;0,027027027027027027027
747;2734;0,027027027027027027027
747;3436;0,027027027027027027027
747;3607;0,027027027027027027027
747;4667;0,027027027027027027027
747;5177;0,027027027027027027027
747;28517;0,027027027027027027027
747;75827;0,243243243243243243243
747;76428;0,081081081081081081081
747;81648;0,027027027027027027027
748;213;0,100000000000000000000
748;747;0,300000000000000000000
748;71411;0,100000000000000000000
748;75827;0,100000000000000000000
748;76428;0,400000000000000000000
749;1168;1,000000000000000000000
763;1237;1,000000000000000000000
779;1707;0,200000000000000000000
779;5643;0,200000000000000000000
779;13396;0,200000000000000000000
779;27615;0,400000000000000000000
781;25264;1,000000000000000000000
805;904;1,000000000000000000000
827;2355;1,000000000000000000000
829;304;0,333333333333333333333
829;2203;0,333333333333333333333
829;12850;0,333333333333333333333
830;72;0,250000000000000000000
830;1117;0,375000000000000000000
830;2203;0,187500000000000000000
830;2972;0,062500000000000000000
830;3395;0,062500000000000000000
830;8253;0,062500000000000000000
835;1152;0,538461538461538461538
835;5136;0,153846153846153846153
835;5679;0,307692307692307692307
845;744;0,153846153846153846153
845;846;0,230769230769230769230
845;1437;0,076923076923076923076
845;3636;0,076923076923076923076
845;192866;0,461538461538461538461
846;744;0,333333333333333333333
846;2731;0,333333333333333333333
846;7080;0,333333333333333333333
849;423;0,333333333333333333333
849;2561;0,333333333333333333333
849;3395;0,333333333333333333333
855;3395;1,000000000000000000000
863;180;1,000000000000000000000
866;9184;1,000000000000000000000
873;826;0,500000000000000000000
873;191508;0,500000000000000000000
882;1810;1,000000000000000000000
923;19419;1,000000000000000000000
925;3916;0,500000000000000000000
925;13476;0,500000000000000000000
938;866;0,750000000000000000000
938;2029;0,250000000000000000000
945;2127;0,666666666666666666666
945;3420;0,333333333333333333333
965;2147;1,000000000000000000000
977;5691;1,000000000000000000000
980;96;0,666666666666666666666
980;1277;0,333333333333333333333
982;845;1,000000000000000000000
983;59745;1,000000000000000000000
990;244;0,600000000000000000000
990;1310;0,200000000000000000000
990;8698;0,200000000000000000000
992;113;0,071428571428571428571
992;1236;0,071428571428571428571
992;1237;0,071428571428571428571
992;1647;0,071428571428571428571
992;1931;0,142857142857142857142
992;2684;0,428571428571428571428
992;115105;0,142857142857142857142
995;4374;0,500000000000000000000
995;8366;0,500000000000000000000
1010;38;0,100000000000000000000
1010;1018;0,100000000000000000000
1010;2001;0,800000000000000000000
1034;1154;1,000000000000000000000
1036;4526;1,000000000000000000000
1041;982;0,200000000000000000000
1041;1042;0,200000000000000000000
1041;2287;0,200000000000000000000
1041;2422;0,400000000000000000000
1042;982;1,000000000000000000000
1060;3271;1,000000000000000000000
1066;1169;0,250000000000000000000
1066;1667;0,250000000000000000000
1066;3085;0,250000000000000000000
1066;59745;0,250000000000000000000
1073;770;0,111111111111111111111
1073;1985;0,333333333333333333333
1073;4919;0,111111111111111111111
1073;8109;0,111111111111111111111
1073;8165;0,111111111111111111111
1073;9513;0,111111111111111111111
1073;12388;0,111111111111111111111
1083;4;0,200000000000000000000
1083;38;0,200000000000000000000
1083;7713;0,400000000000000000000
1083;28615;0,200000000000000000000
1094;7711;0,500000000000000000000
1094;45604;0,500000000000000000000
1114;1325;1,000000000000000000000
1117;263;0,083333333333333333333
1117;5640;0,166666666666666666666
1117;8253;0,500000000000000000000
1117;116140;0,083333333333333333333
1117;125861;0,166666666666666666666
1131;876;1,000000000000000000000
1135;3176;0,500000000000000000000
1135;184987;0,500000000000000000000
1138;275;0,500000000000000000000
1138;826;0,500000000000000000000
1139;945;0,500000000000000000000
1139;2585;0,500000000000000000000
1142;249;1,000000000000000000000
1149;285;0,666666666666666666666
1149;2112;0,333333333333333333333
1154;1034;0,200000000000000000000
1154;1981;0,200000000000000000000
1154;2302;0,200000000000000000000
1154;4553;0,200000000000000000000
1154;307900;0,200000000000000000000
1160;3332;1,000000000000000000000
1165;748;0,500000000000000000000
1165;9356;0,500000000000000000000
1168;643;0,142857142857142857142
1168;1939;0,142857142857142857142
1168;3234;0,142857142857142857142
1168;5666;0,142857142857142857142
1168;189452;0,285714285714285714285
1168;239963;0,142857142857142857142
1169;71;0,085714285714285714285
1169;100;0,085714285714285714285
1169;276;0,085714285714285714285
1169;695;0,085714285714285714285
1169;696;0,085714285714285714285
1169;1943;0,042857142857142857142
1169;1944;0,085714285714285714285
1169;1945;0,085714285714285714285
1169;1946;0,085714285714285714285
1169;3523;0,085714285714285714285
1169;4512;0,085714285714285714285
1169;59745;0,100000000000000000000
1184;8671;1,000000000000000000000
1196;137;0,083333333333333333333
1196;1264;0,166666666666666666666
1196;3722;0,083333333333333333333
1196;4059;0,083333333333333333333
1196;4293;0,083333333333333333333
1196;4395;0,333333333333333333333
1196;5005;0,083333333333333333333
1196;17487;0,083333333333333333333
1197;1030;0,500000000000000000000
1197;1198;0,500000000000000000000
1206;5329;1,000000000000000000000
1216;287;1,000000000000000000000
1221;2127;1,000000000000000000000
1231;3141;1,000000000000000000000
1234;135;0,035714285714285714285
1234;995;0,035714285714285714285
1234;1235;0,142857142857142857142
1234;1236;0,142857142857142857142
1234;1237;0,178571428571428571428
1234;1277;0,214285714285714285714
1234;1591;0,035714285714285714285
1234;2181;0,035714285714285714285
1234;3325;0,071428571428571428571
1234;8623;0,035714285714285714285
1234;9442;0,035714285714285714285
1234;21154;0,035714285714285714285
1235;1234;1,000000000000000000000
1236;190;0,173913043478260869565
1236;407;0,043478260869565217391
1236;621;0,043478260869565217391
1236;827;0,043478260869565217391
1236;992;0,043478260869565217391
1236;1277;0,130434782608695652173
1236;1326;0,086956521739130434782
1236;2071;0,086956521739130434782
1236;3188;0,130434782608695652173
1236;4086;0,043478260869565217391
1236;9424;0,086956521739130434782
1236;21154;0,086956521739130434782
1237;992;0,250000000000000000000
1237;1234;0,250000000000000000000
1237;1277;0,500000000000000000000
1248;3443;1,000000000000000000000
1250;59745;1,000000000000000000000
1254;1171;0,166666666666666666666
1254;1344;0,500000000000000000000
1254;3642;0,166666666666666666666
1254;190971;0,166666666666666666666
1261;14;1,000000000000000000000
1265;1089;0,333333333333333333333
1265;2822;0,333333333333333333333
1265;23730;0,333333333333333333333
1277;763;0,111111111111111111111
1277;826;0,037037037037037037037
1277;980;0,037037037037037037037
1277;1234;0,185185185185185185185
1277;1235;0,148148148148148148148
1277;1236;0,185185185185185185185
1277;1237;0,148148148148148148148
1277;10188;0,074074074074074074074
1277;21154;0,074074074074074074074
1282;380;1,000000000000000000000
1286;2054;0,750000000000000000000
1286;4146;0,250000000000000000000
1310;1868;0,571428571428571428571
1310;2991;0,142857142857142857142
1310;5289;0,285714285714285714285
1322;863;1,000000000000000000000
1324;307;0,333333333333333333333
1324;1329;0,333333333333333333333
1324;7278;0,333333333333333333333
1325;1114;0,068965517241379310344
1325;1240;0,068965517241379310344
1325;1327;0,103448275862068965517
1325;1328;0,068965517241379310344
1325;1329;0,068965517241379310344
1325;1331;0,068965517241379310344
1325;1334;0,068965517241379310344
1325;1336;0,068965517241379310344
1325;1337;0,068965517241379310344
1325;1338;0,068965517241379310344
1325;2152;0,068965517241379310344
1325;2153;0,068965517241379310344
1325;15437;0,068965517241379310344
1325;17047;0,068965517241379310344
1327;1325;0,666666666666666666666
1327;1328;0,333333333333333333333
1331;1337;1,000000000000000000000
1334;1336;1,000000000000000000000
1335;190;1,000000000000000000000
1336;1326;0,142857142857142857142
1336;1334;0,285714285714285714285
1336;1337;0,142857142857142857142
1336;7278;0,285714285714285714285
1336;15437;0,142857142857142857142
1338;1325;1,000000000000000000000
1340;351;1,000000000000000000000
1342;1141;0,166666666666666666666
1342;1142;0,166666666666666666666
1342;2293;0,166666666666666666666
1342;2731;0,166666666666666666666
1342;245879;0,333333333333333333333
1344;4931;0,200000000000000000000
1344;179346;0,800000000000000000000
1370;281;0,666666666666666666666
1370;675;0,333333333333333333333
1402;3427;1,000000000000000000000
1419;8623;1,000000000000000000000
1432;17549;1,000000000000000000000
1437;845;0,166666666666666666666
1437;192866;0,833333333333333333333
1447;1069;1,000000000000000000000
1454;1171;0,666666666666666666666
1454;2512;0,333333333333333333333
1462;2021;1,000000000000000000000
1464;1637;1,000000000000000000000
1473;2027;1,000000000000000000000
1483;937;0,500000000000000000000
1483;3648;0,500000000000000000000
1513;249;0,166666666666666666666
1513;669;0,166666666666666666666
1513;1160;0,333333333333333333333
1513;2139;0,166666666666666666666
1513;3045;0,166666666666666666666
1521;26354;1,000000000000000000000
1526;2991;1,000000000000000000000
1527;7578;1,000000000000000000000
1538;600;1,000000000000000000000
1545;1967;0,250000000000000000000
1545;6723;0,500000000000000000000
1545;9288;0,250000000000000000000
1554;2374;1,000000000000000000000
1556;2396;1,000000000000000000000
1567;4085;1,000000000000000000000
1591;1234;1,000000000000000000000
1598;2239;1,000000000000000000000
1606;5175;1,000000000000000000000
1609;1310;1,000000000000000000000
1637;1464;1,000000000000000000000
1639;2375;1,000000000000000000000
1644;407;1,000000000000000000000
1663;550;0,166666666666666666666
1663;658;0,166666666666666666666
1663;1089;0,166666666666666666666
1663;3694;0,166666666666666666666
1663;7111;0,166666666666666666666
1663;21161;0,166666666666666666666
1667;1066;0,500000000000000000000
1667;5158;0,500000000000000000000
1681;733;0,333333333333333333333
1681;2923;0,333333333333333333333
1681;282900;0,333333333333333333333
1696;3513;1,000000000000000000000
1706;1321;1,000000000000000000000
1717;4772;0,250000000000000000000
1717;6072;0,250000000000000000000
1717;9694;0,250000000000000000000
1717;12466;0,250000000000000000000
1731;24;1,000000000000000000000
1751;956;0,666666666666666666666
1751;1253;0,333333333333333333333
1759;199;0,600000000000000000000
1759;7671;0,400000000000000000000
1762;1728;0,500000000000000000000
1762;2127;0,500000000000000000000
1768;6723;1,000000000000000000000
1769;380;1,000000000000000000000
1810;882;1,000000000000000000000
1824;1596;0,500000000000000000000
1824;2678;0,500000000000000000000
1840;306;1,000000000000000000000
1866;8156;1,000000000000000000000
1868;1310;0,571428571428571428571
1868;5289;0,428571428571428571428
1889;678;0,500000000000000000000
1889;2661;0,500000000000000000000
1897;527;0,090909090909090909090
1897;528;0,272727272727272727272
1897;571;0,181818181818181818181
1897;3548;0,181818181818181818181
1897;4829;0,090909090909090909090
1897;9723;0,090909090909090909090
1897;22123;0,090909090909090909090
1898;4747;0,500000000000000000000
1898;24259;0,500000000000000000000
1902;5909;1,000000000000000000000
1913;7660;0,666666666666666666666
1913;16873;0,333333333333333333333
1933;1198;1,000000000000000000000
1949;115;0,166666666666666666666
1949;4268;0,166666666666666666666
1949;6991;0,166666666666666666666
1949;6992;0,166666666666666666666
1949;7920;0,333333333333333333333
1951;41;0,333333333333333333333
1951;1288;0,333333333333333333333
1951;3618;0,333333333333333333333
1967;135;0,125000000000000000000
1967;1545;0,125000000000000000000
1967;1768;0,250000000000000000000
1967;6723;0,125000000000000000000
1967;8139;0,375000000000000000000
1976;111;1,000000000000000000000
1983;3246;1,000000000000000000000
1988;2515;1,000000000000000000000
1991;5640;1,000000000000000000000
2008;1064;1,000000000000000000000
2017;2052;1,000000000000000000000
2021;1462;0,200000000000000000000
2021;2115;0,200000000000000000000
2021;3241;0,400000000000000000000
2021;7111;0,200000000000000000000
2039;2046;1,000000000000000000000
2052;3680;1,000000000000000000000
2075;1439;0,500000000000000000000
2075;1440;0,500000000000000000000
2112;1149;0,400000000000000000000
2112;1446;0,200000000000000000000
2112;3209;0,200000000000000000000
2112;4219;0,200000000000000000000
2115;2021;1,000000000000000000000
2117;607;1,000000000000000000000
2139;249;1,000000000000000000000
2140;2127;1,000000000000000000000
2147;1066;0,250000000000000000000
2147;2350;0,250000000000000000000
2147;2786;0,250000000000000000000
2147;190971;0,250000000000000000000
2149;826;0,500000000000000000000
2149;191508;0,500000000000000000000
2164;1111;1,000000000000000000000
2175;65998;1,000000000000000000000
2200;5089;1,000000000000000000000
2203;351;0,166666666666666666666
2203;779;0,166666666666666666666
2203;829;0,166666666666666666666
2203;3395;0,166666666666666666666
2203;8253;0,333333333333333333333
2210;3532;1,000000000000000000000
2249;990;1,000000000000000000000
2254;3564;1,000000000000000000000
2269;237;0,600000000000000000000
2269;2742;0,100000000000000000000
2269;4336;0,200000000000000000000
2269;5042;0,100000000000000000000
2280;4901;1,000000000000000000000
2330;3393;1,000000000000000000000
2343;2323;1,000000000000000000000
2350;37;0,333333333333333333333
2350;148;0,166666666666666666666
2350;4576;0,500000000000000000000
2352;543;1,000000000000000000000
2355;1948;0,500000000000000000000
2355;3399;0,500000000000000000000
2364;12817;1,000000000000000000000
2372;2678;1,000000000000000000000
2374;793;0,250000000000000000000
2374;1554;0,250000000000000000000
2374;3038;0,250000000000000000000
2374;5005;0,250000000000000000000
2379;3234;1,000000000000000000000
2421;6962;1,000000000000000000000
2422;1041;1,000000000000000000000
2445;2099;0,333333333333333333333
2445;3802;0,666666666666666666666
2464;5824;0,333333333333333333333
2464;30415;0,666666666666666666666
2474;248;0,666666666666666666666
2474;2716;0,333333333333333333333
2479;4852;1,000000000000000000000
2498;5309;1,000000000000000000000
2504;1625;0,333333333333333333333
2504;5440;0,333333333333333333333
2504;13265;0,333333333333333333333
2515;96;0,277777777777777777777
2515;249;0,222222222222222222222
2515;285;0,055555555555555555555
2515;1988;0,222222222222222222222
2515;2713;0,055555555555555555555
2515;3601;0,111111111111111111111
2515;281170;0,055555555555555555555
2551;700;1,000000000000000000000
2555;3876;0,600000000000000000000
2555;5679;0,400000000000000000000
2578;925;0,500000000000000000000
2578;2704;0,500000000000000000000
2586;373;0,500000000000000000000
2586;841;0,500000000000000000000
2596;3320;0,333333333333333333333
2596;4345;0,666666666666666666666
2607;802;0,166666666666666666666
2607;1064;0,333333333333333333333
2607;1563;0,500000000000000000000
2630;3477;1,000000000000000000000
2632;6701;1,000000000000000000000
2634;6739;1,000000000000000000000
2639;39;1,000000000000000000000
2644;8381;1,000000000000000000000
2647;484;1,000000000000000000000
2657;5440;1,000000000000000000000
2659;669;1,000000000000000000000
2661;678;0,200000000000000000000
2661;1889;0,200000000000000000000
2661;4355;0,200000000000000000000
2661;7160;0,200000000000000000000
2661;48255;0,200000000000000000000
2678;246;0,015625000000000000000
2678;271;0,015625000000000000000
2678;294;0,015625000000000000000
2678;545;0,031250000000000000000
2678;1497;0,031250000000000000000
2678;1824;0,031250000000000000000
2678;2323;0,015625000000000000000
2678;2337;0,031250000000000000000
2678;2343;0,031250000000000000000
2678;2371;0,015625000000000000000
2678;2372;0,015625000000000000000
2678;2438;0,015625000000000000000
2678;2679;0,015625000000000000000
2678;3304;0,015625000000000000000
2678;3360;0,015625000000000000000
2678;3618;0,046875000000000000000
2678;3731;0,015625000000000000000
2678;3844;0,031250000000000000000
2678;3916;0,015625000000000000000
2678;3978;0,031250000000000000000
2678;4657;0,031250000000000000000
2678;4728;0,015625000000000000000
2678;4750;0,015625000000000000000
2678;4794;0,031250000000000000000
2678;5506;0,015625000000000000000
2678;5915;0,031250000000000000000
2678;6694;0,015625000000000000000
2678;7859;0,046875000000000000000
2678;7968;0,015625000000000000000
2678;8635;0,015625000000000000000
2678;9114;0,015625000000000000000
2678;9376;0,015625000000000000000
2678;9462;0,015625000000000000000
2678;9992;0,015625000000000000000
2678;10085;0,015625000000000000000
2678;10860;0,031250000000000000000
2678;11014;0,015625000000000000000
2678;11458;0,031250000000000000000
2678;12385;0,031250000000000000000
2678;14652;0,015625000000000000000
2678;15867;0,015625000000000000000
2678;17677;0,015625000000000000000
2678;17773;0,015625000000000000000
2678;23561;0,015625000000000000000
2678;23562;0,015625000000000000000
2678;23563;0,015625000000000000000
2678;27527;0,015625000000000000000
2684;113;0,117647058823529411764
2684;992;0,470588235294117647058
2684;1278;0,058823529411764705882
2684;1931;0,176470588235294117647
2684;115105;0,176470588235294117647
2697;2786;1,000000000000000000000
2704;2578;1,000000000000000000000
2706;279;0,500000000000000000000
2706;1271;0,500000000000000000000
2713;250;0,500000000000000000000
2713;6347;0,500000000000000000000
2716;248;0,250000000000000000000
2716;2474;0,500000000000000000000
2716;10197;0,250000000000000000000
2786;846;0,250000000000000000000
2786;2697;0,250000000000000000000
2786;3704;0,250000000000000000000
2786;13795;0,250000000000000000000
2803;6514;1,000000000000000000000
2822;1265;1,000000000000000000000
2825;2826;1,000000000000000000000
2826;2825;0,600000000000000000000
2826;3268;0,200000000000000000000
2826;7874;0,200000000000000000000
2834;2863;0,500000000000000000000
2834;7080;0,500000000000000000000
2850;135;1,000000000000000000000
2865;244;1,000000000000000000000
2991;1310;0,400000000000000000000
2991;1526;0,200000000000000000000
2991;1868;0,200000000000000000000
2991;4020;0,200000000000000000000
3005;3601;1,000000000000000000000
3029;380;1,000000000000000000000
3085;65;0,021739130434782608695
3085;960;0,086956521739130434782
3085;1066;0,021739130434782608695
3085;1401;0,086956521739130434782
3085;1443;0,086956521739130434782
3085;2146;0,021739130434782608695
3085;2147;0,043478260869565217391
3085;2697;0,086956521739130434782
3085;4146;0,086956521739130434782
3085;4147;0,086956521739130434782
3085;5367;0,086956521739130434782
3085;5691;0,043478260869565217391
3085;10658;0,086956521739130434782
3085;14899;0,086956521739130434782
3085;17323;0,043478260869565217391
3085;169356;0,021739130434782608695
3087;4039;1,000000000000000000000
3096;74;0,250000000000000000000
3096;96;0,500000000000000000000
3096;885;0,250000000000000000000
3123;846;0,200000000000000000000
3123;1152;0,200000000000000000000
3123;140271;0,600000000000000000000
3141;1231;0,833333333333333333333
3141;2736;0,166666666666666666666
3147;2492;1,000000000000000000000
3169;35;0,250000000000000000000
3169;4991;0,250000000000000000000
3169;6929;0,250000000000000000000
3169;8441;0,250000000000000000000
3176;1135;0,090909090909090909090
3176;2467;0,090909090909090909090
3176;3986;0,090909090909090909090
3176;17278;0,727272727272727272727
3178;2877;1,000000000000000000000
3212;37;0,200000000000000000000
3212;3518;0,200000000000000000000
3212;7521;0,400000000000000000000
3212;17678;0,200000000000000000000
3241;2021;1,000000000000000000000
3251;59;0,333333333333333333333
3251;10892;0,666666666666666666666
3268;2826;1,000000000000000000000
3271;1060;1,000000000000000000000
3318;419;0,500000000000000000000
3318;3417;0,500000000000000000000
3320;3089;1,000000000000000000000
3325;1234;1,000000000000000000000
3340;2128;0,333333333333333333333
3340;9924;0,666666666666666666666
3359;1402;0,666666666666666666666
3359;1708;0,333333333333333333333
3393;2330;1,000000000000000000000
3394;423;1,000000000000000000000
3395;263;0,062500000000000000000
3395;517;0,062500000000000000000
3395;829;0,125000000000000000000
3395;830;0,187500000000000000000
3395;849;0,062500000000000000000
3395;2203;0,187500000000000000000
3395;3212;0,062500000000000000000
3395;4989;0,125000000000000000000
3395;6723;0,125000000000000000000
3403;2214;1,000000000000000000000
3414;4262;1,000000000000000000000
3427;174;0,090909090909090909090
3427;1169;0,090909090909090909090
3427;1454;0,090909090909090909090
3427;2826;0,090909090909090909090
3427;8212;0,545454545454545454545
3427;59841;0,090909090909090909090
3429;279;0,500000000000000000000
3429;4613;0,250000000000000000000
3429;9258;0,250000000000000000000
3450;3359;0,500000000000000000000
3450;140271;0,500000000000000000000
3458;576;0,500000000000000000000
3458;1265;0,166666666666666666666
3458;12572;0,333333333333333333333
3477;2630;1,000000000000000000000
3499;4639;1,000000000000000000000
3518;1082;0,500000000000000000000
3518;3212;0,500000000000000000000
3523;276;0,500000000000000000000
3523;354;0,250000000000000000000
3523;529;0,250000000000000000000
3575;8878;1,000000000000000000000
3587;643;0,600000000000000000000
3587;1938;0,200000000000000000000
3587;8464;0,200000000000000000000
3601;2515;0,571428571428571428571
3601;3005;0,428571428571428571428
3608;3429;1,000000000000000000000
3618;1951;0,066666666666666666666
3618;2678;0,133333333333333333333
3618;3978;0,133333333333333333333
3618;5915;0,066666666666666666666
3618;9992;0,600000000000000000000
3665;7578;0,666666666666666666666
3665;256951;0,333333333333333333333
3680;2052;1,000000000000000000000
3685;891;0,500000000000000000000
3685;2350;0,500000000000000000000
3738;475;1,000000000000000000000
3748;2832;1,000000000000000000000
3790;27707;1,000000000000000000000
3802;2445;1,000000000000000000000
3836;347;1,000000000000000000000
3842;5037;0,272727272727272727272
3842;5392;0,363636363636363636363
3842;6433;0,181818181818181818181
3842;12433;0,090909090909090909090
3842;12441;0,090909090909090909090
3852;1022;1,000000000000000000000
3876;2555;0,666666666666666666666
3876;140271;0,333333333333333333333
3916;2578;1,000000000000000000000
3944;3557;1,000000000000000000000
3957;5212;0,600000000000000000000
3957;7418;0,400000000000000000000
3978;3618;1,000000000000000000000
4000;4001;1,000000000000000000000
4004;2547;1,000000000000000000000
4020;1768;0,250000000000000000000
4020;2731;0,250000000000000000000
4020;2991;0,500000000000000000000
4058;48255;1,000000000000000000000
4085;1014;0,333333333333333333333
4085;190971;0,666666666666666666666
4108;162;0,666666666666666666666
4108;5603;0,333333333333333333333
4146;1286;0,083333333333333333333
4146;4271;0,250000000000000000000
4146;4414;0,333333333333333333333
4146;28264;0,333333333333333333333
4173;332;0,500000000000000000000
4173;531;0,500000000000000000000
4179;253;1,000000000000000000000
4205;13;1,000000000000000000000
4225;520;0,500000000000000000000
4225;1778;0,500000000000000000000
4262;3414;1,000000000000000000000
4334;1729;1,000000000000000000000
4355;5089;1,000000000000000000000
4359;2834;1,000000000000000000000
4398;9514;1,000000000000000000000
4421;18149;1,000000000000000000000
4462;1717;0,333333333333333333333
4462;4432;0,333333333333333333333
4462;4463;0,333333333333333333333
4497;8464;1,000000000000000000000
4507;101;1,000000000000000000000
4518;1064;1,000000000000000000000
4525;5519;1,000000000000000000000
4526;6072;1,000000000000000000000
4533;26746;1,000000000000000000000
4552;41;0,500000000000000000000
4552;1261;0,500000000000000000000
4553;1154;1,000000000000000000000
4576;189;0,500000000000000000000
4576;2350;0,500000000000000000000
4586;27613;1,000000000000000000000
4613;2661;0,333333333333333333333
4613;3429;0,333333333333333333333
4613;7160;0,333333333333333333333
4627;12850;1,000000000000000000000
4639;3499;1,000000000000000000000
4747;1342;1,000000000000000000000
4755;6234;1,000000000000000000000
4777;11;0,200000000000000000000
4777;283;0,400000000000000000000
4777;846;0,200000000000000000000
4777;2834;0,200000000000000000000
4787;3383;1,000000000000000000000
4861;9230;0,500000000000000000000
4861;9231;0,500000000000000000000
4935;2288;0,500000000000000000000
4935;7920;0,500000000000000000000
5029;635;1,000000000000000000000
5071;332;1,000000000000000000000
5089;2200;1,000000000000000000000
5158;1667;1,000000000000000000000
5167;190;0,500000000000000000000
5167;9421;0,500000000000000000000
5239;83;0,200000000000000000000
5239;1504;0,200000000000000000000
5239;1862;0,200000000000000000000
5239;5513;0,200000000000000000000
5239;6635;0,200000000000000000000
5289;1310;0,500000000000000000000
5289;1868;0,500000000000000000000
5309;4538;1,000000000000000000000
5329;1206;1,000000000000000000000
5392;3842;0,500000000000000000000
5392;5037;0,250000000000000000000
5392;184717;0,250000000000000000000
5440;2504;0,500000000000000000000
5440;2657;0,500000000000000000000
5470;113392;1,000000000000000000000
5513;5591;1,000000000000000000000
5528;543;1,000000000000000000000
5530;9184;1,000000000000000000000
5564;192;0,428571428571428571428
5564;2046;0,142857142857142857142
5564;3296;0,285714285714285714285
5564;3591;0,142857142857142857142
5603;4108;1,000000000000000000000
5607;24601;1,000000000000000000000
5610;6622;1,000000000000000000000
5613;23;0,400000000000000000000
5613;276;0,200000000000000000000
5613;3678;0,200000000000000000000
5613;6406;0,200000000000000000000
5617;190971;1,000000000000000000000
5622;28171;1,000000000000000000000
5628;96;1,000000000000000000000
5635;864;1,000000000000000000000
5640;263;0,500000000000000000000
5640;1117;0,500000000000000000000
5651;2491;1,000000000000000000000
5660;2893;1,000000000000000000000
5666;1168;1,000000000000000000000
5693;8407;1,000000000000000000000
5784;1239;1,000000000000000000000
5824;2464;1,000000000000000000000
5886;2306;1,000000000000000000000
5909;1902;1,000000000000000000000
5960;28859;1,000000000000000000000
6000;410;0,142857142857142857142
6000;2127;0,142857142857142857142
6000;2140;0,142857142857142857142
6000;4078;0,142857142857142857142
6000;8566;0,428571428571428571428
6169;1181;0,333333333333333333333
6169;1938;0,666666666666666666666
6234;4755;1,000000000000000000000
6236;10630;1,000000000000000000000
6316;3704;1,000000000000000000000
6347;250;0,500000000000000000000
6347;2713;0,500000000000000000000
6353;6354;1,000000000000000000000
6406;5613;1,000000000000000000000
6413;1321;1,000000000000000000000
6502;1657;1,000000000000000000000
6548;7759;1,000000000000000000000
6622;5610;1,000000000000000000000
6627;425;1,000000000000000000000
6723;3395;1,000000000000000000000
6788;306;1,000000000000000000000
6962;2421;1,000000000000000000000
6981;284;1,000000000000000000000
7049;1583;1,000000000000000000000
7080;275;0,333333333333333333333
7080;2838;0,333333333333333333333
7080;28784;0,333333333333333333333
7095;2004;0,250000000000000000000
7095;2175;0,250000000000000000000
7095;65998;0,500000000000000000000
7111;486;1,000000000000000000000
7130;96;0,111111111111111111111
7130;420;0,111111111111111111111
7130;600;0,444444444444444444444
7130;1316;0,111111111111111111111
7130;12432;0,111111111111111111111
7130;12816;0,111111111111111111111
7135;12591;1,000000000000000000000
7142;85;0,500000000000000000000
7142;254;0,500000000000000000000
7146;7478;1,000000000000000000000
7278;1324;0,500000000000000000000
7278;1336;0,500000000000000000000
7418;3957;0,500000000000000000000
7418;12497;0,500000000000000000000
7434;2182;1,000000000000000000000
7521;3212;0,571428571428571428571
7521;4576;0,214285714285714285714
7521;6461;0,071428571428571428571
7521;13141;0,071428571428571428571
7521;17678;0,071428571428571428571
7543;152027;1,000000000000000000000
7578;1527;0,333333333333333333333
7578;3665;0,666666666666666666666
7626;4935;1,000000000000000000000
7686;140271;1,000000000000000000000
7713;1083;0,500000000000000000000
7713;189452;0,250000000000000000000
7713;190971;0,250000000000000000000
7739;362;1,000000000000000000000
7741;17302;1,000000000000000000000
7759;4500;0,250000000000000000000
7759;9208;0,500000000000000000000
7759;19031;0,250000000000000000000
7780;18258;1,000000000000000000000
7859;2678;1,000000000000000000000
7866;794;0,500000000000000000000
7866;5440;0,500000000000000000000
7874;220;0,333333333333333333333
7874;2826;0,333333333333333333333
7874;156500;0,333333333333333333333
7920;652;0,500000000000000000000
7920;1949;0,500000000000000000000
8062;37812;1,000000000000000000000
8081;1721;1,000000000000000000000
8095;2130;0,500000000000000000000
8095;2716;0,500000000000000000000
8139;1967;1,000000000000000000000
8156;1778;0,166666666666666666666
8156;1866;0,333333333333333333333
8156;3800;0,333333333333333333333
8156;6320;0,166666666666666666666
8228;9898;1,000000000000000000000
8267;148;1,000000000000000000000
8268;296;1,000000000000000000000
8276;1197;1,000000000000000000000
8281;59;1,000000000000000000000
8366;3038;1,000000000000000000000
8440;1182;0,333333333333333333333
8440;4225;0,333333333333333333333
8440;7478;0,333333333333333333333
8441;35;0,500000000000000000000
8441;28397;0,500000000000000000000
8447;248334;1,000000000000000000000
8461;293;1,000000000000000000000
8464;4497;0,500000000000000000000
8464;4991;0,500000000000000000000
8566;6000;1,000000000000000000000
8580;9261;1,000000000000000000000
8623;1234;0,333333333333333333333
8623;1419;0,333333333333333333333
8623;2017;0,333333333333333333333
8762;464;1,000000000000000000000
8858;740;1,000000000000000000000
8899;380;1,000000000000000000000
8976;266;0,500000000000000000000
8976;8648;0,500000000000000000000
9090;777;1,000000000000000000000
9159;2322;0,500000000000000000000
9159;3304;0,500000000000000000000
9184;5530;1,000000000000000000000
9208;815;0,200000000000000000000
9208;7759;0,800000000000000000000
9274;3642;1,000000000000000000000
9288;7095;1,000000000000000000000
9338;1719;1,000000000000000000000
9356;719;0,055555555555555555555
9356;1439;0,055555555555555555555
9356;1440;0,055555555555555555555
9356;9668;0,055555555555555555555
9356;22211;0,777777777777777777777
9395;2064;1,000000000000000000000
9409;960;1,000000000000000000000
9416;27763;1,000000000000000000000
9434;622;0,500000000000000000000
9434;12798;0,500000000000000000000
9567;101;1,000000000000000000000
9668;9356;0,500000000000000000000
9668;37812;0,500000000000000000000
9693;695;1,000000000000000000000
9694;1717;1,000000000000000000000
9723;1897;1,000000000000000000000
9762;612;0,166666666666666666666
9762;3791;0,166666666666666666666
9762;3800;0,166666666666666666666
9762;3811;0,166666666666666666666
9762;6913;0,166666666666666666666
9762;12159;0,166666666666666666666
9831;12938;1,000000000000000000000
9832;85;1,000000000000000000000
9960;28344;1,000000000000000000000
9992;3618;1,000000000000000000000
10067;391;1,000000000000000000000
10103;3318;1,000000000000000000000
10338;826;0,333333333333333333333
10338;1596;0,166666666666666666666
10338;90666;0,166666666666666666666
10338;191508;0,333333333333333333333
10649;133828;1,000000000000000000000
10740;1044;0,250000000000000000000
10740;2215;0,250000000000000000000
10740;3403;0,250000000000000000000
10740;9434;0,250000000000000000000
10823;85;1,000000000000000000000
10892;3251;1,000000000000000000000
10926;458;1,000000000000000000000
12026;1567;1,000000000000000000000
12257;38;1,000000000000000000000
12269;3876;1,000000000000000000000
12439;8698;1,000000000000000000000
12497;6693;1,000000000000000000000
12591;1610;1,000000000000000000000
12596;5636;1,000000000000000000000
12817;2364;1,000000000000000000000
12850;4627;1,000000000000000000000
12938;9831;1,000000000000000000000
13253;96;0,100000000000000000000
13253;237;0,100000000000000000000
13253;1156;0,100000000000000000000
13253;2515;0,200000000000000000000
13253;3174;0,100000000000000000000
13253;3219;0,100000000000000000000
13253;3459;0,100000000000000000000
13253;22211;0,200000000000000000000
13452;37;0,400000000000000000000
13452;4374;0,600000000000000000000
13482;426;0,500000000000000000000
13482;24113;0,500000000000000000000
13504;2001;1,000000000000000000000
13796;12572;1,000000000000000000000
13899;1082;1,000000000000000000000
14010;3024;1,000000000000000000000
14050;523;0,111111111111111111111
14050;573;0,111111111111111111111
14050;2484;0,111111111111111111111
14050;3551;0,111111111111111111111
14050;4090;0,111111111111111111111
14050;6372;0,111111111111111111111
14050;7748;0,111111111111111111111
14050;8268;0,111111111111111111111
14050;20436;0,111111111111111111111
14151;211;0,047619047619047619047
14151;712;0,047619047619047619047
14151;1949;0,095238095238095238095
14151;3642;0,142857142857142857142
14151;4102;0,047619047619047619047
14151;5009;0,047619047619047619047
14151;5089;0,047619047619047619047
14151;5657;0,047619047619047619047
14151;5856;0,047619047619047619047
14151;8850;0,047619047619047619047
14151;9274;0,047619047619047619047
14151;9831;0,047619047619047619047
14151;28457;0,047619047619047619047
14151;67591;0,047619047619047619047
14151;83231;0,190476190476190476190
14269;6681;1,000000000000000000000
15302;2834;1,000000000000000000000
15471;14;0,250000000000000000000
15471;28;0,250000000000000000000
15471;275;0,500000000000000000000
15866;180;1,000000000000000000000
16644;470;1,000000000000000000000
17248;613;1,000000000000000000000
17302;48255;1,000000000000000000000
17584;2794;0,500000000000000000000
17584;3532;0,500000000000000000000
17634;6061;1,000000000000000000000
17678;3212;1,000000000000000000000
18258;5437;0,333333333333333333333
18258;7780;0,666666666666666666666
18641;59745;1,000000000000000000000
19031;7759;1,000000000000000000000
19198;1104;0,500000000000000000000
19198;2275;0,500000000000000000000
19419;923;1,000000000000000000000
20235;138;0,166666666666666666666
20235;442;0,333333333333333333333
20235;454;0,166666666666666666666
20235;5557;0,333333333333333333333
21154;1236;0,500000000000000000000
21154;2111;0,500000000000000000000
21396;135;1,000000000000000000000
21750;1303;0,125000000000000000000
21750;2713;0,125000000000000000000
21750;3656;0,125000000000000000000
21750;5082;0,125000000000000000000
21750;6634;0,125000000000000000000
21750;8281;0,125000000000000000000
21750;9681;0,125000000000000000000
21750;20915;0,125000000000000000000
22123;59745;1,000000000000000000000
22211;9356;1,000000000000000000000
25264;781;0,166666666666666666666
25264;25488;0,166666666666666666666
25264;28822;0,333333333333333333333
25264;30811;0,166666666666666666666
25264;37815;0,166666666666666666666
25488;25264;1,000000000000000000000
26347;3891;1,000000000000000000000
27584;12591;1,000000000000000000000
27763;9416;1,000000000000000000000
28342;5125;1,000000000000000000000
28397;35;1,000000000000000000000
28544;1162;1,000000000000000000000
28629;189;0,666666666666666666666
28629;4576;0,333333333333333333333
28822;25264;1,000000000000000000000
28930;1898;0,090909090909090909090
28930;2743;0,090909090909090909090
28930;3420;0,090909090909090909090
28930;7975;0,090909090909090909090
28930;12959;0,090909090909090909090
28930;23759;0,090909090909090909090
28930;24259;0,090909090909090909090
28930;152027;0,363636363636363636363
29082;8590;1,000000000000000000000
30415;2464;1,000000000000000000000
34784;4379;1,000000000000000000000
37814;37812;1,000000000000000000000
37815;25264;1,000000000000000000000
48255;2661;0,500000000000000000000
48255;4058;0,500000000000000000000
53012;965;1,000000000000000000000
54879;351;1,000000000000000000000
58138;1751;0,333333333333333333333
58138;4681;0,666666666666666666666
59522;12938;1,000000000000000000000
59745;276;0,052631578947368421052
59745;277;0,052631578947368421052
59745;442;0,052631578947368421052
59745;628;0,052631578947368421052
59745;689;0,052631578947368421052
59745;983;0,157894736842105263157
59745;1169;0,052631578947368421052
59745;1250;0,052631578947368421052
59745;1939;0,105263157894736842105
59745;22123;0,157894736842105263157
59745;48255;0,105263157894736842105
59745;59841;0,105263157894736842105
59841;2731;1,000000000000000000000
65193;111;0,190476190476190476190
65193;718;0,095238095238095238095
65193;754;0,047619047619047619047
65193;933;0,285714285714285714285
65193;1025;0,047619047619047619047
65193;1116;0,095238095238095238095
65193;1361;0,190476190476190476190
65193;1647;0,047619047619047619047
65998;2175;0,250000000000000000000
65998;6236;0,250000000000000000000
65998;7095;0,250000000000000000000
65998;9288;0,250000000000000000000
67709;174;1,000000000000000000000
71411;748;1,000000000000000000000
75827;213;0,250000000000000000000
75827;747;0,450000000000000000000
75827;71411;0,100000000000000000000
75827;76428;0,200000000000000000000
75828;71411;1,000000000000000000000
76428;213;0,058823529411764705882
76428;747;0,176470588235294117647
76428;748;0,176470588235294117647
76428;2734;0,058823529411764705882
76428;3607;0,058823529411764705882
76428;4667;0,058823529411764705882
76428;28517;0,058823529411764705882
76428;71411;0,058823529411764705882
76428;75827;0,235294117647058823529
76428;81648;0,058823529411764705882
78108;826;1,000000000000000000000
113392;660;0,400000000000000000000
113392;1171;0,200000000000000000000
113392;2350;0,200000000000000000000
113392;5470;0,200000000000000000000
113459;859;0,500000000000000000000
113459;1979;0,500000000000000000000
116140;517;0,142857142857142857142
116140;632;0,142857142857142857142
116140;1117;0,238095238095238095238
116140;2364;0,047619047619047619047
116140;3395;0,095238095238095238095
116140;8253;0,190476190476190476190
116140;125861;0,142857142857142857142
133828;10649;1,000000000000000000000
136664;115;0,400000000000000000000
136664;490;0,500000000000000000000
136664;1129;0,100000000000000000000
137801;96;1,000000000000000000000
140271;3123;0,250000000000000000000
140271;3876;0,500000000000000000000
140271;7686;0,250000000000000000000
160268;1182;1,000000000000000000000
173893;4039;0,200000000000000000000
173893;6010;0,200000000000000000000
173893;21360;0,600000000000000000000
179346;1344;1,000000000000000000000
184646;72;0,750000000000000000000
184646;423;0,250000000000000000000
189452;288;0,133333333333333333333
189452;568;0,100000000000000000000
189452;671;0,100000000000000000000
189452;978;0,066666666666666666666
189452;1168;0,100000000000000000000
189452;1171;0,100000000000000000000
189452;1293;0,166666666666666666666
189452;2275;0,033333333333333333333
189452;8909;0,066666666666666666666
189452;9898;0,066666666666666666666
189452;26786;0,066666666666666666666
190971;63;0,055555555555555555555
190971;1254;0,055555555555555555555
190971;1405;0,055555555555555555555
190971;2147;0,055555555555555555555
190971;2512;0,055555555555555555555
190971;2743;0,055555555555555555555
190971;2916;0,055555555555555555555
190971;3256;0,055555555555555555555
190971;3381;0,055555555555555555555
190971;4085;0,055555555555555555555
190971;4159;0,055555555555555555555
190971;4292;0,055555555555555555555
190971;5617;0,055555555555555555555
190971;8165;0,055555555555555555555
190971;8489;0,055555555555555555555
190971;12745;0,111111111111111111111
190971;28818;0,055555555555555555555
192866;845;0,500000000000000000000
192866;1437;0,500000000000000000000
245879;96;0,062500000000000000000
245879;1342;0,312500000000000000000
245879;1898;0,250000000000000000000
245879;4747;0,312500000000000000000
245879;24259;0,062500000000000000000
248334;8447;0,500000000000000000000
248334;248837;0,500000000000000000000
251573;1168;1,000000000000000000000
256951;1938;0,500000000000000000000
256951;3665;0,500000000000000000000
276963;749;1,000000000000000000000
281170;96;0,666666666666666666666
281170;3601;0,333333333333333333333
282900;1681;1,000000000000000000000
306950;1925;1,000000000000000000000
306994;1138;1,000000000000000000000
