7;127;0,200000000000000000000
7;588;0,400000000000000000000
7;2078;0,200000000000000000000
7;4534;0,200000000000000000000
20;159;0,090909090909090909090
20;1326;0,090909090909090909090
20;1348;0,136363636363636363636
20;2644;0,090909090909090909090
20;2844;0,090909090909090909090
20;4281;0,090909090909090909090
20;5437;0,045454545454545454545
20;9980;0,136363636363636363636
20;10018;0,090909090909090909090
20;11120;0,045454545454545454545
20;15287;0,090909090909090909090
32;19;1,000000000000000000000
48;4831;1,000000000000000000000
54;1116;0,500000000000000000000
54;6567;0,500000000000000000000
63;1141;1,000000000000000000000
65;138;0,111111111111111111111
65;240;0,111111111111111111111
65;669;0,111111111111111111111
65;1286;0,222222222222222222222
65;3680;0,111111111111111111111
65;5437;0,111111111111111111111
65;6962;0,111111111111111111111
65;112062;0,111111111111111111111
69;719;1,000000000000000000000
71;194;0,200000000000000000000
71;695;0,200000000000000000000
71;1143;0,100000000000000000000
71;3098;0,100000000000000000000
71;3237;0,200000000000000000000
71;4435;0,100000000000000000000
71;5440;0,100000000000000000000
72;517;0,142857142857142857142
72;632;0,071428571428571428571
72;830;0,071428571428571428571
72;1277;0,142857142857142857142
72;1361;0,071428571428571428571
72;2203;0,214285714285714285714
72;3395;0,142857142857142857142
72;4020;0,071428571428571428571
72;4510;0,071428571428571428571
74;628;0,125000000000000000000
74;2388;0,375000000000000000000
74;3096;0,375000000000000000000
74;4181;0,125000000000000000000
77;622;0,333333333333333333333
77;5144;0,333333333333333333333
77;5564;0,333333333333333333333
83;5591;1,000000000000000000000
90;57838;0,500000000000000000000
90;151009;0,500000000000000000000
96;42;0,352941176470588235294
96;261;0,235294117647058823529
96;984;0,058823529411764705882
96;3219;0,117647058823529411764
96;3857;0,117647058823529411764
96;4080;0,058823529411764705882
96;42210;0,058823529411764705882
108;1340;1,000000000000000000000
115;392;0,294117647058823529411
115;490;0,117647058823529411764
115;914;0,058823529411764705882
115;4269;0,058823529411764705882
115;6468;0,411764705882352941176
115;28569;0,058823529411764705882
120;8566;1,000000000000000000000
127;7;0,333333333333333333333
127;3748;0,666666666666666666666
138;1307;0,333333333333333333333
138;17629;0,666666666666666666666
148;846;0,500000000000000000000
148;1437;0,500000000000000000000
151;5522;0,666666666666666666666
151;7586;0,333333333333333333333
166;1055;0,083333333333333333333
166;3773;0,333333333333333333333
166;3774;0,250000000000000000000
166;5679;0,333333333333333333333
172;979;1,000000000000000000000
174;1064;0,200000000000000000000
174;1702;0,200000000000000000000
174;3427;0,200000000000000000000
174;11476;0,200000000000000000000
174;114536;0,200000000000000000000
179;37;1,000000000000000000000
183;530;0,083333333333333333333
183;1129;0,916666666666666666666
184;7574;0,666666666666666666666
184;7774;0,333333333333333333333
189;3998;1,000000000000000000000
194;71;0,181818181818181818181
194;628;0,272727272727272727272
194;1169;0,090909090909090909090
194;1754;0,090909090909090909090
194;1940;0,181818181818181818181
194;2252;0,181818181818181818181
199;3105;0,333333333333333333333
199;5679;0,666666666666666666666
206;9391;1,000000000000000000000
211;179;1,000000000000000000000
218;904;1,000000000000000000000
220;1910;0,272727272727272727272
220;2367;0,727272727272727272727
232;1064;1,000000000000000000000
248;2474;0,666666666666666666666
248;2716;0,333333333333333333333
249;42;0,142857142857142857142
249;96;0,142857142857142857142
249;237;0,571428571428571428571
249;3096;0,142857142857142857142
250;4592;1,000000000000000000000
253;2756;1,000000000000000000000
261;96;0,166666666666666666666
261;237;0,166666666666666666666
261;1364;0,083333333333333333333
261;2375;0,083333333333333333333
261;3219;0,416666666666666666666
261;13253;0,083333333333333333333
263;131;0,125000000000000000000
263;829;0,375000000000000000000
263;830;0,125000000000000000000
263;845;0,250000000000000000000
263;8253;0,125000000000000000000
266;1080;0,500000000000000000000
266;2383;0,500000000000000000000
276;1945;0,400000000000000000000
276;59745;0,200000000000000000000
276;131383;0,400000000000000000000
279;267;0,125000000000000000000
279;1271;0,625000000000000000000
279;3473;0,125000000000000000000
279;10188;0,125000000000000000000
283;846;0,052631578947368421052
283;967;0,052631578947368421052
283;1342;0,368421052631578947368
283;4747;0,368421052631578947368
283;4777;0,105263157894736842105
283;245879;0,052631578947368421052
284;251;0,166666666666666666666
284;285;0,166666666666666666666
284;1281;0,166666666666666666666
284;4313;0,166666666666666666666
284;6981;0,333333333333333333333
287;14;0,166666666666666666666
287;1216;0,333333333333333333333
287;2073;0,333333333333333333333
287;9941;0,166666666666666666666
289;492;0,111111111111111111111
289;1694;0,111111111111111111111
289;3241;0,111111111111111111111
289;9401;0,444444444444444444444
289;13270;0,222222222222222222222
290;3685;0,250000000000000000000
290;5679;0,750000000000000000000
292;846;0,333333333333333333333
292;2993;0,666666666666666666666
293;1152;0,250000000000000000000
293;8267;0,500000000000000000000
293;12959;0,250000000000000000000
295;5679;1,000000000000000000000
296;3685;1,000000000000000000000
297;5679;1,000000000000000000000
302;3122;0,500000000000000000000
302;157662;0,500000000000000000000
306;5613;0,333333333333333333333
306;6788;0,666666666666666666666
315;12388;0,500000000000000000000
315;59841;0,500000000000000000000
320;2792;0,750000000000000000000
320;8912;0,250000000000000000000
330;293;0,166666666666666666666
330;4094;0,166666666666666666666
330;5679;0,500000000000000000000
330;9998;0,166666666666666666666
332;452;0,268292682926829268292
332;718;0,024390243902439024390
332;819;0,024390243902439024390
332;1116;0,121951219512195121951
332;1130;0,097560975609756097560
332;1174;0,048780487804878048780
332;1625;0,024390243902439024390
332;1647;0,024390243902439024390
332;2139;0,024390243902439024390
332;5071;0,195121951219512195121
332;6962;0,146341463414634146341
346;403;1,000000000000000000000
349;538;1,000000000000000000000
352;353;0,142857142857142857142
352;355;0,142857142857142857142
352;356;0,142857142857142857142
352;5679;0,571428571428571428571
356;600;0,333333333333333333333
356;2098;0,666666666666666666666
375;419;1,000000000000000000000
380;135;0,250000000000000000000
380;5148;0,250000000000000000000
380;5530;0,500000000000000000000
385;1290;0,500000000000000000000
385;1314;0,500000000000000000000
392;115;0,500000000000000000000
392;410;0,250000000000000000000
392;3615;0,250000000000000000000
396;3097;1,000000000000000000000
397;21112;1,000000000000000000000
399;7341;0,500000000000000000000
399;279623;0,500000000000000000000
402;120;0,333333333333333333333
402;829;0,666666666666666666666
403;346;0,333333333333333333333
403;1762;0,666666666666666666666
405;1123;1,000000000000000000000
407;904;0,500000000000000000000
407;1295;0,250000000000000000000
407;2630;0,250000000000000000000
409;1178;1,000000000000000000000
411;1637;0,666666666666666666666
411;1762;0,333333333333333333333
412;7906;1,000000000000000000000
415;8017;1,000000000000000000000
419;292;1,000000000000000000000
420;131;0,300000000000000000000
420;738;0,200000000000000000000
420;982;0,100000000000000000000
420;2046;0,100000000000000000000
420;7130;0,100000000000000000000
420;22173;0,100000000000000000000
420;184646;0,100000000000000000000
423;339;0,023121387283236994219
423;352;0,040462427745664739884
423;424;0,040462427745664739884
423;425;0,046242774566473988439
423;426;0,046242774566473988439
423;441;0,052023121387283236994
423;442;0,046242774566473988439
423;443;0,034682080924855491329
423;444;0,046242774566473988439
423;513;0,017341040462427745664
423;632;0,046242774566473988439
423;849;0,040462427745664739884
423;1117;0,034682080924855491329
423;1315;0,034682080924855491329
423;2500;0,040462427745664739884
423;2555;0,040462427745664739884
423;2561;0,040462427745664739884
423;3394;0,034682080924855491329
423;3876;0,017341040462427745664
423;4510;0,034682080924855491329
423;5611;0,040462427745664739884
423;5619;0,040462427745664739884
423;12390;0,040462427745664739884
423;12418;0,040462427745664739884
423;12817;0,005780346820809248554
423;13335;0,046242774566473988439
423;13482;0,023121387283236994219
423;29085;0,005780346820809248554
424;339;0,058823529411764705882
424;352;0,058823529411764705882
424;4443;0,235294117647058823529
424;4989;0,117647058823529411764
424;5619;0,176470588235294117647
424;12817;0,117647058823529411764
424;29667;0,235294117647058823529
425;72;0,250000000000000000000
425;5679;0,750000000000000000000
426;423;0,266666666666666666666
426;1574;0,600000000000000000000
426;4510;0,066666666666666666666
426;24113;0,066666666666666666666
428;829;1,000000000000000000000
442;20235;1,000000000000000000000
443;423;0,250000000000000000000
443;424;0,250000000000000000000
443;7605;0,500000000000000000000
453;135;0,100000000000000000000
453;839;0,200000000000000000000
453;1498;0,200000000000000000000
453;1717;0,200000000000000000000
453;4432;0,200000000000000000000
453;70125;0,100000000000000000000
454;3790;1,000000000000000000000
464;1085;1,000000000000000000000
466;2644;0,600000000000000000000
466;5679;0,400000000000000000000
467;14;1,000000000000000000000
469;59841;1,000000000000000000000
472;3503;1,000000000000000000000
479;1938;1,000000000000000000000
484;1439;0,500000000000000000000
484;1440;0,500000000000000000000
485;3105;1,000000000000000000000
498;82;0,034482758620689655172
498;478;0,034482758620689655172
498;808;0,034482758620689655172
498;869;0,034482758620689655172
498;1173;0,034482758620689655172
498;1892;0,034482758620689655172
498;3473;0,034482758620689655172
498;4433;0,034482758620689655172
498;4995;0,034482758620689655172
498;5443;0,034482758620689655172
498;5679;0,206896551724137931034
498;6372;0,034482758620689655172
498;6554;0,034482758620689655172
498;8723;0,034482758620689655172
498;8912;0,034482758620689655172
498;12440;0,034482758620689655172
498;14841;0,034482758620689655172
498;17678;0,034482758620689655172
498;17789;0,034482758620689655172
498;25229;0,034482758620689655172
498;27436;0,034482758620689655172
498;27953;0,034482758620689655172
498;27969;0,034482758620689655172
498;37811;0,034482758620689655172
502;224;0,166666666666666666666
502;3443;0,500000000000000000000
502;3515;0,333333333333333333333
517;72;0,130434782608695652173
517;829;0,043478260869565217391
517;830;0,086956521739130434782
517;2203;0,043478260869565217391
517;2972;0,086956521739130434782
517;3395;0,130434782608695652173
517;4988;0,043478260869565217391
517;4989;0,130434782608695652173
517;27615;0,043478260869565217391
517;116140;0,260869565217391304347
518;3096;1,000000000000000000000
519;857;1,000000000000000000000
521;1554;1,000000000000000000000
526;622;0,333333333333333333333
526;2008;0,333333333333333333333
526;4281;0,333333333333333333333
538;349;0,400000000000000000000
538;351;0,200000000000000000000
538;4278;0,400000000000000000000
541;3694;0,500000000000000000000
541;12572;0,500000000000000000000
543;2352;1,000000000000000000000
545;290;1,000000000000000000000
547;1162;1,000000000000000000000
550;596;0,666666666666666666666
550;1596;0,333333333333333333333
551;2817;1,000000000000000000000
558;794;0,100000000000000000000
558;851;0,100000000000000000000
558;1029;0,100000000000000000000
558;1035;0,100000000000000000000
558;1596;0,100000000000000000000
558;2657;0,100000000000000000000
558;2825;0,100000000000000000000
558;5440;0,100000000000000000000
558;7132;0,100000000000000000000
558;7866;0,100000000000000000000
560;1079;0,250000000000000000000
560;2007;0,250000000000000000000
560;5790;0,250000000000000000000
560;23730;0,250000000000000000000
568;1083;0,500000000000000000000
568;2350;0,500000000000000000000
571;1897;1,000000000000000000000
573;10084;1,000000000000000000000
576;3458;1,000000000000000000000
594;977;0,222222222222222222222
594;2825;0,333333333333333333333
594;5679;0,444444444444444444444
600;1079;0,285714285714285714285
600;1316;0,142857142857142857142
600;2098;0,142857142857142857142
600;5107;0,142857142857142857142
600;7130;0,142857142857142857142
600;7577;0,142857142857142857142
602;899;0,500000000000000000000
602;13799;0,500000000000000000000
608;609;0,333333333333333333333
608;1082;0,333333333333333333333
608;1083;0,333333333333333333333
612;39;0,500000000000000000000
612;9762;0,500000000000000000000
613;4622;0,500000000000000000000
613;6913;0,500000000000000000000
615;28405;1,000000000000000000000
620;621;1,000000000000000000000
621;2434;0,250000000000000000000
621;5444;0,500000000000000000000
621;15890;0,250000000000000000000
622;77;0,250000000000000000000
622;1066;0,500000000000000000000
622;12001;0,250000000000000000000
625;85;0,250000000000000000000
625;122;0,500000000000000000000
625;6962;0,250000000000000000000
626;122;0,500000000000000000000
626;700;0,500000000000000000000
628;74;0,133333333333333333333
628;194;0,066666666666666666666
628;360;0,266666666666666666666
628;1940;0,466666666666666666666
628;7030;0,066666666666666666666
632;423;0,076923076923076923076
632;441;0,076923076923076923076
632;779;0,076923076923076923076
632;5679;0,307692307692307692307
632;8253;0,076923076923076923076
632;116140;0,384615384615384615384
644;3098;1,000000000000000000000
652;1949;0,142857142857142857142
652;7920;0,857142857142857142857
657;3105;1,000000000000000000000
668;80;0,166666666666666666666
668;1129;0,666666666666666666666
668;4173;0,166666666666666666666
669;65;0,058823529411764705882
669;138;0,176470588235294117647
669;408;0,058823529411764705882
669;645;0,058823529411764705882
669;695;0,058823529411764705882
669;1186;0,058823529411764705882
669;1513;0,058823529411764705882
669;2184;0,058823529411764705882
669;2191;0,058823529411764705882
669;2223;0,117647058823529411764
669;3143;0,058823529411764705882
669;3574;0,058823529411764705882
669;3607;0,058823529411764705882
669;7968;0,058823529411764705882
675;281;0,176470588235294117647
675;452;0,058823529411764705882
675;719;0,058823529411764705882
675;1025;0,117647058823529411764
675;1129;0,117647058823529411764
675;1130;0,117647058823529411764
675;1174;0,176470588235294117647
675;1370;0,117647058823529411764
675;136664;0,058823529411764705882
678;11;0,200000000000000000000
678;385;0,100000000000000000000
678;978;0,100000000000000000000
678;1027;0,100000000000000000000
678;1167;0,100000000000000000000
678;1297;0,100000000000000000000
678;4376;0,300000000000000000000
683;682;1,000000000000000000000
689;1228;0,200000000000000000000
689;1487;0,200000000000000000000
689;5618;0,200000000000000000000
689;59745;0,400000000000000000000
695;669;0,052631578947368421052
695;749;0,052631578947368421052
695;1168;0,052631578947368421052
695;1169;0,105263157894736842105
695;2223;0,052631578947368421052
695;9693;0,052631578947368421052
695;41776;0,157894736842105263157
695;59745;0,105263157894736842105
695;59841;0,157894736842105263157
695;98841;0,052631578947368421052
695;112062;0,157894736842105263157
700;307;0,083333333333333333333
700;612;0,083333333333333333333
700;626;0,083333333333333333333
700;833;0,083333333333333333333
700;837;0,083333333333333333333
700;1058;0,083333333333333333333
700;2204;0,083333333333333333333
700;2551;0,083333333333333333333
700;2614;0,083333333333333333333
700;3053;0,083333333333333333333
700;4078;0,083333333333333333333
700;10682;0,083333333333333333333
731;925;1,000000000000000000000
739;1912;1,000000000000000000000
740;1913;1,000000000000000000000
744;845;0,750000000000000000000
744;131383;0,250000000000000000000
747;3607;0,250000000000000000000
747;71411;0,250000000000000000000
747;75827;0,500000000000000000000
748;1949;0,500000000000000000000
748;76428;0,500000000000000000000
749;1939;0,166666666666666666666
749;5679;0,666666666666666666666
749;112062;0,166666666666666666666
752;218;0,111111111111111111111
752;417;0,111111111111111111111
752;1632;0,111111111111111111111
752;2607;0,666666666666666666666
758;3271;1,000000000000000000000
763;54;0,076923076923076923076
763;1235;0,076923076923076923076
763;1236;0,076923076923076923076
763;1237;0,230769230769230769230
763;1277;0,230769230769230769230
763;1815;0,076923076923076923076
763;10188;0,153846153846153846153
763;21154;0,076923076923076923076
768;163;0,250000000000000000000
768;1613;0,250000000000000000000
768;2448;0,250000000000000000000
768;2661;0,250000000000000000000
779;111;0,031250000000000000000
779;353;0,093750000000000000000
779;632;0,031250000000000000000
779;830;0,156250000000000000000
779;852;0,093750000000000000000
779;1117;0,031250000000000000000
779;1707;0,031250000000000000000
779;2364;0,093750000000000000000
779;2500;0,093750000000000000000
779;4989;0,125000000000000000000
779;13396;0,093750000000000000000
779;27615;0,031250000000000000000
779;125861;0,093750000000000000000
781;281;1,000000000000000000000
815;5564;0,500000000000000000000
815;9402;0,500000000000000000000
828;848;1,000000000000000000000
829;263;0,125000000000000000000
829;428;0,125000000000000000000
829;860;0,125000000000000000000
829;978;0,125000000000000000000
829;1393;0,125000000000000000000
829;3395;0,250000000000000000000
829;3985;0,125000000000000000000
830;263;0,083333333333333333333
830;517;0,333333333333333333333
830;779;0,250000000000000000000
830;829;0,083333333333333333333
830;3395;0,250000000000000000000
833;6169;0,400000000000000000000
833;29002;0,600000000000000000000
835;1152;1,000000000000000000000
837;700;0,888888888888888888888
837;27615;0,111111111111111111111
844;360;0,500000000000000000000
844;855;0,333333333333333333333
844;9338;0,166666666666666666666
845;131;0,031250000000000000000
845;263;0,062500000000000000000
845;283;0,015625000000000000000
845;744;0,078125000000000000000
845;846;0,390625000000000000000
845;1041;0,078125000000000000000
845;1263;0,031250000000000000000
845;2731;0,015625000000000000000
845;59841;0,015625000000000000000
845;192866;0,281250000000000000000
846;71;0,020833333333333333333
846;283;0,041666666666666666666
846;296;0,020833333333333333333
846;744;0,041666666666666666666
846;845;0,187500000000000000000
846;966;0,020833333333333333333
846;1344;0,041666666666666666666
846;1437;0,020833333333333333333
846;2697;0,020833333333333333333
846;2731;0,166666666666666666666
846;2744;0,020833333333333333333
846;2786;0,020833333333333333333
846;2834;0,020833333333333333333
846;2863;0,020833333333333333333
846;3123;0,020833333333333333333
846;3256;0,020833333333333333333
846;3427;0,020833333333333333333
846;3683;0,020833333333333333333
846;4777;0,020833333333333333333
846;5149;0,020833333333333333333
846;7975;0,020833333333333333333
846;8715;0,020833333333333333333
846;59841;0,104166666666666666666
846;179346;0,041666666666666666666
846;192866;0,020833333333333333333
849;1024;1,000000000000000000000
853;4104;1,000000000000000000000
860;168;0,250000000000000000000
860;829;0,500000000000000000000
860;17918;0,250000000000000000000
861;4213;1,000000000000000000000
866;9433;1,000000000000000000000
885;3096;0,500000000000000000000
885;3235;0,500000000000000000000
886;5528;1,000000000000000000000
887;1044;1,000000000000000000000
890;1231;1,000000000000000000000
899;602;1,000000000000000000000
904;218;0,333333333333333333333
904;324;0,333333333333333333333
904;1466;0,333333333333333333333
918;8109;1,000000000000000000000
920;38;0,333333333333333333333
920;1083;0,333333333333333333333
920;12257;0,333333333333333333333
925;4755;0,500000000000000000000
925;8473;0,500000000000000000000
930;3697;1,000000000000000000000
933;668;1,000000000000000000000
943;1171;0,142857142857142857142
943;1979;0,428571428571428571428
943;2435;0,142857142857142857142
943;3683;0,142857142857142857142
943;4831;0,142857142857142857142
945;407;0,125000000000000000000
945;904;0,250000000000000000000
945;1140;0,125000000000000000000
945;5679;0,500000000000000000000
955;4681;1,000000000000000000000
956;1046;0,500000000000000000000
956;3088;0,500000000000000000000
960;2147;1,000000000000000000000
965;2147;1,000000000000000000000
966;846;0,200000000000000000000
966;1066;0,400000000000000000000
966;2146;0,200000000000000000000
966;2697;0,200000000000000000000
967;283;1,000000000000000000000
972;722;0,166666666666666666666
972;2741;0,166666666666666666666
972;4890;0,333333333333333333333
972;6570;0,333333333333333333333
977;866;0,800000000000000000000
977;27763;0,200000000000000000000
979;172;1,000000000000000000000
980;3857;1,000000000000000000000
983;1118;0,142857142857142857142
983;4205;0,142857142857142857142
983;4821;0,714285714285714285714
988;547;1,000000000000000000000
992;113;0,062500000000000000000
992;1277;0,062500000000000000000
992;1647;0,125000000000000000000
992;1931;0,250000000000000000000
992;2684;0,062500000000000000000
992;115105;0,437500000000000000000
995;183;0,157894736842105263157
995;237;0,052631578947368421052
995;247;0,052631578947368421052
995;695;0,210526315789473684210
995;793;0,052631578947368421052
995;1673;0,052631578947368421052
995;1988;0,052631578947368421052
995;3100;0,210526315789473684210
995;8513;0,052631578947368421052
995;17280;0,105263157894736842105
1010;1018;0,500000000000000000000
1010;2001;0,500000000000000000000
1014;1563;1,000000000000000000000
1024;632;0,400000000000000000000
1024;1574;0,200000000000000000000
1024;28747;0,200000000000000000000
1024;28754;0,200000000000000000000
1033;122;0,200000000000000000000
1033;3393;0,200000000000000000000
1033;5227;0,200000000000000000000
1033;6570;0,200000000000000000000
1033;7005;0,200000000000000000000
1035;2825;1,000000000000000000000
1041;744;0,041666666666666666666
1041;845;0,250000000000000000000
1041;982;0,166666666666666666666
1041;1829;0,083333333333333333333
1041;2046;0,041666666666666666666
1041;2275;0,083333333333333333333
1041;2287;0,166666666666666666666
1041;5380;0,125000000000000000000
1041;25230;0,041666666666666666666
1044;887;0,200000000000000000000
1044;3145;0,400000000000000000000
1044;3766;0,200000000000000000000
1044;10000;0,200000000000000000000
1046;956;0,500000000000000000000
1046;1253;0,500000000000000000000
1050;15507;1,000000000000000000000
1058;2204;1,000000000000000000000
1064;174;0,750000000000000000000
1064;3427;0,250000000000000000000
1066;77;0,222222222222222222222
1066;622;0,222222222222222222222
1066;2147;0,222222222222222222222
1066;2697;0,222222222222222222222
1066;5557;0,111111111111111111111
1076;2551;1,000000000000000000000
1079;560;0,400000000000000000000
1079;600;0,200000000000000000000
1079;2007;0,200000000000000000000
1079;8568;0,200000000000000000000
1082;608;0,071428571428571428571
1082;891;0,571428571428571428571
1082;1083;0,285714285714285714285
1082;4522;0,071428571428571428571
1083;568;0,066666666666666666666
1083;608;0,200000000000000000000
1083;920;0,066666666666666666666
1083;1082;0,400000000000000000000
1083;4435;0,066666666666666666666
1083;4522;0,066666666666666666666
1083;9707;0,066666666666666666666
1083;12755;0,066666666666666666666
1085;860;0,250000000000000000000
1085;2591;0,750000000000000000000
1118;5679;1,000000000000000000000
1121;749;0,500000000000000000000
1121;2147;0,500000000000000000000
1127;5262;0,333333333333333333333
1127;5536;0,333333333333333333333
1127;279623;0,333333333333333333333
1135;638;0,333333333333333333333
1135;3496;0,666666666666666666666
1142;1591;1,000000000000000000000
1143;71;0,500000000000000000000
1143;140271;0,500000000000000000000
1150;521;0,166666666666666666666
1150;528;0,166666666666666666666
1150;529;0,166666666666666666666
1150;1066;0,166666666666666666666
1150;1122;0,166666666666666666666
1150;9110;0,166666666666666666666
1154;5223;1,000000000000000000000
1165;748;1,000000000000000000000
1169;71;0,054794520547945205479
1169;100;0,054794520547945205479
1169;276;0,054794520547945205479
1169;695;0,109589041095890410958
1169;696;0,054794520547945205479
1169;1939;0,027397260273972602739
1169;1942;0,054794520547945205479
1169;1943;0,054794520547945205479
1169;1944;0,054794520547945205479
1169;1945;0,054794520547945205479
1169;3523;0,054794520547945205479
1169;3802;0,027397260273972602739
1169;4512;0,054794520547945205479
1169;59745;0,164383561643835616438
1169;59841;0,068493150684931506849
1169;98841;0,054794520547945205479
1173;2826;1,000000000000000000000
1174;281;0,076923076923076923076
1174;502;0,076923076923076923076
1174;530;0,076923076923076923076
1174;675;0,076923076923076923076
1174;719;0,076923076923076923076
1174;754;0,076923076923076923076
1174;1116;0,076923076923076923076
1174;1129;0,153846153846153846153
1174;1361;0,076923076923076923076
1174;1370;0,076923076923076923076
1174;1745;0,076923076923076923076
1174;136664;0,076923076923076923076
1178;6007;1,000000000000000000000
1181;852;0,210526315789473684210
1181;1314;0,210526315789473684210
1181;3374;0,157894736842105263157
1181;3395;0,210526315789473684210
1181;4996;0,210526315789473684210
1196;4395;1,000000000000000000000
1227;9722;0,571428571428571428571
1227;9762;0,428571428571428571428
1231;16;0,083333333333333333333
1231;57;0,083333333333333333333
1231;890;0,083333333333333333333
1231;2736;0,083333333333333333333
1231;2739;0,083333333333333333333
1231;3141;0,250000000000000000000
1231;3145;0,083333333333333333333
1231;4501;0,083333333333333333333
1231;6503;0,083333333333333333333
1231;6514;0,083333333333333333333
1234;1236;0,062500000000000000000
1234;1277;0,312500000000000000000
1234;1340;0,062500000000000000000
1234;1591;0,062500000000000000000
1234;2181;0,062500000000000000000
1234;6962;0,062500000000000000000
1234;7574;0,062500000000000000000
1234;8623;0,187500000000000000000
1234;21154;0,125000000000000000000
1253;955;0,500000000000000000000
1253;1046;0,500000000000000000000
1254;3105;0,500000000000000000000
1254;33843;0,500000000000000000000
1265;5212;1,000000000000000000000
1277;72;0,032258064516129032258
1277;135;0,032258064516129032258
1277;454;0,032258064516129032258
1277;763;0,064516129032258064516
1277;826;0,032258064516129032258
1277;992;0,064516129032258064516
1277;1058;0,032258064516129032258
1277;1234;0,225806451612903225806
1277;1235;0,032258064516129032258
1277;1236;0,064516129032258064516
1277;1237;0,032258064516129032258
1277;1278;0,032258064516129032258
1277;1570;0,032258064516129032258
1277;1815;0,064516129032258064516
1277;2684;0,064516129032258064516
1277;3235;0,032258064516129032258
1277;4020;0,032258064516129032258
1277;10188;0,032258064516129032258
1277;21154;0,064516129032258064516
1286;65;0,333333333333333333333
1286;7941;0,666666666666666666666
1297;678;1,000000000000000000000
1307;138;1,000000000000000000000
1310;1868;0,500000000000000000000
1310;5289;0,250000000000000000000
1310;8095;0,250000000000000000000
1319;550;0,500000000000000000000
1319;596;0,250000000000000000000
1319;13796;0,250000000000000000000
1321;1563;1,000000000000000000000
1325;1114;0,071428571428571428571
1325;1240;0,071428571428571428571
1325;1327;0,071428571428571428571
1325;1328;0,071428571428571428571
1325;1329;0,071428571428571428571
1325;1331;0,071428571428571428571
1325;1333;0,071428571428571428571
1325;1334;0,071428571428571428571
1325;1336;0,071428571428571428571
1325;1337;0,071428571428571428571
1325;1338;0,071428571428571428571
1325;2152;0,071428571428571428571
1325;15437;0,071428571428571428571
1325;17047;0,071428571428571428571
1328;1114;0,058823529411764705882
1328;1240;0,058823529411764705882
1328;1325;0,058823529411764705882
1328;1326;0,058823529411764705882
1328;1327;0,058823529411764705882
1328;1329;0,058823529411764705882
1328;1330;0,058823529411764705882
1328;1331;0,058823529411764705882
1328;1333;0,058823529411764705882
1328;1334;0,058823529411764705882
1328;1335;0,058823529411764705882
1328;1336;0,058823529411764705882
1328;1337;0,058823529411764705882
1328;1338;0,058823529411764705882
1328;2152;0,058823529411764705882
1328;15437;0,058823529411764705882
1328;17047;0,058823529411764705882
1330;1332;1,000000000000000000000
1332;1330;1,000000000000000000000
1333;1325;1,000000000000000000000
1335;1329;0,500000000000000000000
1335;5367;0,500000000000000000000
1340;351;0,333333333333333333333
1340;1027;0,333333333333333333333
1340;3362;0,333333333333333333333
1342;4747;0,692307692307692307692
1342;4777;0,076923076923076923076
1342;17549;0,076923076923076923076
1342;24259;0,076923076923076923076
1342;245879;0,076923076923076923076
1344;2182;0,125000000000000000000
1344;3105;0,125000000000000000000
1344;5679;0,250000000000000000000
1344;7434;0,250000000000000000000
1344;179346;0,250000000000000000000
1364;237;0,500000000000000000000
1364;13253;0,500000000000000000000
1370;452;1,000000000000000000000
1397;1729;0,333333333333333333333
1397;4334;0,333333333333333333333
1397;4821;0,333333333333333333333
1401;3085;1,000000000000000000000
1425;228;1,000000000000000000000
1432;17549;1,000000000000000000000
1437;148;0,222222222222222222222
1437;744;0,111111111111111111111
1437;7130;0,222222222222222222222
1437;192866;0,444444444444444444444
1439;5679;1,000000000000000000000
1446;3766;0,500000000000000000000
1446;18258;0,500000000000000000000
1447;2961;1,000000000000000000000
1454;433;0,040000000000000000000
1454;437;0,080000000000000000000
1454;712;0,040000000000000000000
1454;1445;0,040000000000000000000
1454;1693;0,040000000000000000000
1454;1694;0,040000000000000000000
1454;2799;0,040000000000000000000
1454;2826;0,040000000000000000000
1454;3647;0,040000000000000000000
1454;3648;0,040000000000000000000
1454;3768;0,040000000000000000000
1454;7146;0,040000000000000000000
1454;11476;0,080000000000000000000
1454;12372;0,040000000000000000000
1454;13291;0,040000000000000000000
1454;19176;0,040000000000000000000
1454;19177;0,040000000000000000000
1454;21750;0,040000000000000000000
1454;24536;0,040000000000000000000
1454;28434;0,040000000000000000000
1454;28457;0,040000000000000000000
1454;28463;0,040000000000000000000
1454;28467;0,040000000000000000000
1457;3433;1,000000000000000000000
1464;1637;1,000000000000000000000
1466;904;1,000000000000000000000
1485;5679;1,000000000000000000000
1487;689;0,333333333333333333333
1487;909;0,666666666666666666666
1498;1991;0,333333333333333333333
1498;11863;0,333333333333333333333
1498;73857;0,333333333333333333333
1499;4592;1,000000000000000000000
1500;1096;1,000000000000000000000
1512;35;0,300000000000000000000
1512;1719;0,300000000000000000000
1512;5011;0,400000000000000000000
1513;4080;1,000000000000000000000
1516;3940;0,666666666666666666666
1516;4876;0,333333333333333333333
1526;4713;1,000000000000000000000
1533;5006;1,000000000000000000000
1544;520;0,100000000000000000000
1544;859;0,200000000000000000000
1544;1979;0,200000000000000000000
1544;2435;0,200000000000000000000
1544;5679;0,300000000000000000000
1547;3601;1,000000000000000000000
1554;521;0,400000000000000000000
1554;1845;0,200000000000000000000
1554;2374;0,400000000000000000000
1556;5921;1,000000000000000000000
1567;4085;1,000000000000000000000
1570;992;0,166666666666666666666
1570;1277;0,166666666666666666666
1570;5679;0,666666666666666666666
1574;423;0,333333333333333333333
1574;12269;0,500000000000000000000
1574;12418;0,166666666666666666666
1591;96;0,066666666666666666666
1591;194;0,066666666666666666666
1591;249;0,133333333333333333333
1591;861;0,066666666666666666666
1591;1142;0,200000000000000000000
1591;1234;0,133333333333333333333
1591;1827;0,066666666666666666666
1591;2139;0,066666666666666666666
1591;3045;0,066666666666666666666
1591;4313;0,066666666666666666666
1591;245879;0,066666666666666666666
1596;5440;0,750000000000000000000
1596;7866;0,250000000000000000000
1598;2239;0,500000000000000000000
1598;4461;0,500000000000000000000
1609;4089;1,000000000000000000000
1610;1609;0,500000000000000000000
1610;13291;0,500000000000000000000
1612;8928;1,000000000000000000000
1616;8481;1,000000000000000000000
1625;332;1,000000000000000000000
1632;752;1,000000000000000000000
1637;411;0,200000000000000000000
1637;635;0,100000000000000000000
1637;1464;0,100000000000000000000
1637;1762;0,100000000000000000000
1637;2712;0,400000000000000000000
1637;4031;0,100000000000000000000
1644;240;0,250000000000000000000
1644;407;0,500000000000000000000
1644;3779;0,250000000000000000000
1650;5666;1,000000000000000000000
1657;59841;0,333333333333333333333
1657;140271;0,666666666666666666666
1681;733;0,200000000000000000000
1681;1066;0,050000000000000000000
1681;2786;0,050000000000000000000
1681;2834;0,100000000000000000000
1681;2923;0,200000000000000000000
1681;2937;0,200000000000000000000
1681;3105;0,150000000000000000000
1681;131383;0,050000000000000000000
1685;2968;1,000000000000000000000
1693;1064;1,000000000000000000000
1694;149;0,500000000000000000000
1694;289;0,500000000000000000000
1696;71;0,125000000000000000000
1696;127;0,125000000000000000000
1696;194;0,125000000000000000000
1696;277;0,125000000000000000000
1696;628;0,125000000000000000000
1696;1591;0,125000000000000000000
1696;1724;0,125000000000000000000
1696;9217;0,125000000000000000000
1702;174;1,000000000000000000000
1708;1321;1,000000000000000000000
1717;2073;0,200000000000000000000
1717;4424;0,200000000000000000000
1717;4772;0,600000000000000000000
1723;4627;1,000000000000000000000
1727;13187;1,000000000000000000000
1731;275;0,500000000000000000000
1731;826;0,500000000000000000000
1751;955;0,181818181818181818181
1751;956;0,090909090909090909090
1751;1253;0,181818181818181818181
1751;4681;0,545454545454545454545
1754;39;0,040000000000000000000
1754;65;0,040000000000000000000
1754;472;0,040000000000000000000
1754;748;0,040000000000000000000
1754;1276;0,040000000000000000000
1754;1708;0,040000000000000000000
1754;1762;0,160000000000000000000
1754;2021;0,040000000000000000000
1754;2133;0,040000000000000000000
1754;2844;0,160000000000000000000
1754;3680;0,080000000000000000000
1754;4613;0,080000000000000000000
1754;7215;0,080000000000000000000
1754;7630;0,080000000000000000000
1754;26347;0,040000000000000000000
1762;403;0,200000000000000000000
1762;1637;0,200000000000000000000
1762;1754;0,200000000000000000000
1762;2961;0,200000000000000000000
1762;5626;0,200000000000000000000
1778;2948;1,000000000000000000000
1785;826;1,000000000000000000000
1815;135;0,400000000000000000000
1815;1277;0,200000000000000000000
1815;1278;0,200000000000000000000
1815;2204;0,200000000000000000000
1822;1140;1,000000000000000000000
1839;5679;1,000000000000000000000
1853;37814;1,000000000000000000000
1854;1264;0,666666666666666666666
1854;23730;0,333333333333333333333
1855;5613;0,500000000000000000000
1855;13122;0,500000000000000000000
1856;2029;1,000000000000000000000
1862;83;1,000000000000000000000
1868;1310;1,000000000000000000000
1891;54;1,000000000000000000000
1897;571;1,000000000000000000000
1901;15906;1,000000000000000000000
1902;5909;0,500000000000000000000
1902;6622;0,500000000000000000000
1903;1902;1,000000000000000000000
1910;220;0,500000000000000000000
1910;2367;0,166666666666666666666
1910;6130;0,333333333333333333333
1912;739;0,166666666666666666666
1912;8830;0,250000000000000000000
1912;13074;0,583333333333333333333
1913;740;0,666666666666666666666
1913;1902;0,333333333333333333333
1917;472;0,500000000000000000000
1917;3503;0,500000000000000000000
1931;992;1,000000000000000000000
1948;57;0,250000000000000000000
1948;9968;0,250000000000000000000
1948;140271;0,500000000000000000000
1949;652;0,100000000000000000000
1949;748;0,100000000000000000000
1949;1053;0,100000000000000000000
1949;4101;0,100000000000000000000
1949;4102;0,100000000000000000000
1949;4933;0,200000000000000000000
1949;5071;0,100000000000000000000
1949;7920;0,200000000000000000000
1951;3618;0,500000000000000000000
1951;9992;0,500000000000000000000
1967;6723;0,333333333333333333333
1967;8139;0,333333333333333333333
1967;84925;0,333333333333333333333
1976;111;1,000000000000000000000
1983;85;0,500000000000000000000
1983;3246;0,500000000000000000000
1988;6666;0,500000000000000000000
1988;13253;0,500000000000000000000
1991;525;1,000000000000000000000
2012;2137;1,000000000000000000000
2021;24;1,000000000000000000000
2039;1971;1,000000000000000000000
2041;5564;1,000000000000000000000
2046;5564;1,000000000000000000000
2059;25849;1,000000000000000000000
2064;2017;1,000000000000000000000
2073;287;1,000000000000000000000
2078;7;1,000000000000000000000
2086;281;0,111111111111111111111
2086;2791;0,111111111111111111111
2086;4436;0,111111111111111111111
2086;5679;0,222222222222222222222
2086;6641;0,111111111111111111111
2086;7209;0,111111111111111111111
2086;10306;0,111111111111111111111
2086;11844;0,111111111111111111111
2098;356;0,500000000000000000000
2098;600;0,500000000000000000000
2117;5493;1,000000000000000000000
2137;9982;1,000000000000000000000
2139;332;0,666666666666666666666
2139;1513;0,333333333333333333333
2140;120;0,250000000000000000000
2140;4078;0,250000000000000000000
2140;8566;0,500000000000000000000
2146;966;0,250000000000000000000
2146;1109;0,250000000000000000000
2146;1443;0,250000000000000000000
2146;2147;0,250000000000000000000
2147;622;0,333333333333333333333
2147;960;0,333333333333333333333
2147;2697;0,333333333333333333333
2175;4145;0,500000000000000000000
2175;65998;0,500000000000000000000
2176;74;1,000000000000000000000
2180;5679;1,000000000000000000000
2191;669;0,333333333333333333333
2191;2844;0,666666666666666666666
2196;149;0,500000000000000000000
2196;2195;0,500000000000000000000
2200;4627;1,000000000000000000000
2203;517;1,000000000000000000000
2204;1058;0,500000000000000000000
2204;3188;0,500000000000000000000
2216;351;0,166666666666666666666
2216;4232;0,166666666666666666666
2216;5082;0,666666666666666666666
2218;12098;1,000000000000000000000
2246;28747;1,000000000000000000000
2269;237;1,000000000000000000000
2275;1041;0,250000000000000000000
2275;2287;0,250000000000000000000
2275;18080;0,250000000000000000000
2275;251238;0,250000000000000000000
2287;240;0,047619047619047619047
2287;1041;0,190476190476190476190
2287;2275;0,047619047619047619047
2287;4058;0,285714285714285714285
2287;6567;0,190476190476190476190
2287;12430;0,142857142857142857142
2287;25230;0,047619047619047619047
2287;48255;0,047619047619047619047
2330;3393;1,000000000000000000000
2352;543;1,000000000000000000000
2355;827;0,200000000000000000000
2355;3098;0,400000000000000000000
2355;4853;0,400000000000000000000
2364;779;0,100000000000000000000
2364;1135;0,100000000000000000000
2364;2500;0,300000000000000000000
2364;3395;0,100000000000000000000
2364;5679;0,200000000000000000000
2364;8253;0,100000000000000000000
2364;125861;0,100000000000000000000
2374;793;0,571428571428571428571
2374;1845;0,428571428571428571428
2379;3234;1,000000000000000000000
2380;3135;0,500000000000000000000
2380;3802;0,500000000000000000000
2388;74;0,800000000000000000000
2388;1684;0,200000000000000000000
2390;4592;0,250000000000000000000
2390;5061;0,750000000000000000000
2414;835;1,000000000000000000000
2419;6413;1,000000000000000000000
2424;5782;1,000000000000000000000
2434;621;0,500000000000000000000
2434;1671;0,166666666666666666666
2434;2738;0,166666666666666666666
2434;5119;0,166666666666666666666
2438;6694;1,000000000000000000000
2445;983;1,000000000000000000000
2448;768;1,000000000000000000000
2461;42;0,500000000000000000000
2461;4881;0,500000000000000000000
2484;1010;0,250000000000000000000
2484;4877;0,250000000000000000000
2484;5635;0,250000000000000000000
2484;14050;0,250000000000000000000
2489;7080;1,000000000000000000000
2498;16112;0,333333333333333333333
2498;140271;0,666666666666666666666
2500;779;0,379310344827586206896
2500;4052;0,206896551724137931034
2500;7135;0,206896551724137931034
2500;73134;0,206896551724137931034
2509;1228;1,000000000000000000000
2515;237;0,500000000000000000000
2515;2713;0,500000000000000000000
2516;219;0,500000000000000000000
2516;1893;0,500000000000000000000
2520;8281;1,000000000000000000000
2523;2474;0,500000000000000000000
2523;2716;0,500000000000000000000
2551;184;0,083333333333333333333
2551;407;0,083333333333333333333
2551;1076;0,166666666666666666666
2551;1139;0,083333333333333333333
2551;2175;0,333333333333333333333
2551;7030;0,083333333333333333333
2551;7574;0,083333333333333333333
2551;27686;0,083333333333333333333
2554;3876;1,000000000000000000000
2569;3176;0,500000000000000000000
2569;184987;0,500000000000000000000
2578;911;0,200000000000000000000
2578;4361;0,200000000000000000000
2578;4434;0,600000000000000000000
2585;3779;1,000000000000000000000
2607;3971;1,000000000000000000000
2630;407;1,000000000000000000000
2644;20;0,666666666666666666666
2644;466;0,333333333333333333333
2678;2371;0,333333333333333333333
2678;10860;0,666666666666666666666
2684;675;0,166666666666666666666
2684;763;0,166666666666666666666
2684;1236;0,166666666666666666666
2684;1237;0,166666666666666666666
2684;1277;0,166666666666666666666
2684;21154;0,166666666666666666666
2697;1066;1,000000000000000000000
2712;1637;1,000000000000000000000
2713;6347;1,000000000000000000000
2716;248;0,200000000000000000000
2716;267;0,200000000000000000000
2716;2523;0,400000000000000000000
2716;10197;0,200000000000000000000
2737;5530;0,500000000000000000000
2737;14465;0,500000000000000000000
2739;4501;1,000000000000000000000
2741;122;0,333333333333333333333
2741;2464;0,333333333333333333333
2741;5383;0,333333333333333333333
2745;768;1,000000000000000000000
2756;253;1,000000000000000000000
2772;17248;1,000000000000000000000
2779;2780;1,000000000000000000000
2786;1681;1,000000000000000000000
2792;320;1,000000000000000000000
2802;71;1,000000000000000000000
2803;890;1,000000000000000000000
2825;12;0,076923076923076923076
2825;127;0,076923076923076923076
2825;594;0,076923076923076923076
2825;1942;0,076923076923076923076
2825;2826;0,153846153846153846153
2825;3704;0,076923076923076923076
2825;3998;0,076923076923076923076
2825;4765;0,076923076923076923076
2825;5557;0,076923076923076923076
2825;8525;0,076923076923076923076
2825;237304;0,153846153846153846153
2826;1173;0,200000000000000000000
2826;2825;0,400000000000000000000
2826;3268;0,200000000000000000000
2826;27708;0,200000000000000000000
2834;283;0,200000000000000000000
2834;845;0,100000000000000000000
2834;846;0,100000000000000000000
2834;1437;0,100000000000000000000
2834;1681;0,100000000000000000000
2834;4777;0,100000000000000000000
2834;7080;0,100000000000000000000
2834;163510;0,200000000000000000000
2850;1307;0,142857142857142857142
2850;1585;0,428571428571428571428
2850;2704;0,142857142857142857142
2850;3911;0,142857142857142857142
2850;5329;0,142857142857142857142
2882;658;0,750000000000000000000
2882;1348;0,250000000000000000000
2948;4;0,500000000000000000000
2948;1778;0,500000000000000000000
2961;1762;1,000000000000000000000
2962;84925;0,500000000000000000000
2962;245879;0,500000000000000000000
2968;1685;0,250000000000000000000
2968;1686;0,250000000000000000000
2968;1763;0,250000000000000000000
2968;9955;0,250000000000000000000
2972;125861;1,000000000000000000000
2976;1692;0,500000000000000000000
2976;1763;0,500000000000000000000
3022;2815;0,500000000000000000000
3022;12745;0,500000000000000000000
3069;89;1,000000000000000000000
3085;960;0,096774193548387096774
3085;1401;0,064516129032258064516
3085;1443;0,064516129032258064516
3085;2147;0,032258064516129032258
3085;2697;0,096774193548387096774
3085;4146;0,096774193548387096774
3085;4147;0,064516129032258064516
3085;5367;0,096774193548387096774
3085;5679;0,064516129032258064516
3085;5691;0,032258064516129032258
3085;10658;0,096774193548387096774
3085;14899;0,096774193548387096774
3085;17323;0,032258064516129032258
3085;169356;0,064516129032258064516
3096;42;0,200000000000000000000
3096;249;0,200000000000000000000
3096;518;0,200000000000000000000
3096;529;0,200000000000000000000
3096;1724;0,200000000000000000000
3097;396;1,000000000000000000000
3098;71;0,222222222222222222222
3098;1892;0,111111111111111111111
3098;1948;0,111111111111111111111
3098;2355;0,111111111111111111111
3098;3123;0,111111111111111111111
3098;3141;0,111111111111111111111
3098;140271;0,222222222222222222222
3100;995;1,000000000000000000000
3105;485;0,166666666666666666666
3105;1254;0,166666666666666666666
3105;1344;0,333333333333333333333
3105;3427;0,166666666666666666666
3105;9506;0,166666666666666666666
3118;3345;1,000000000000000000000
3122;5679;1,000000000000000000000
3123;846;0,100000000000000000000
3123;1152;0,300000000000000000000
3123;3098;0,250000000000000000000
3123;5136;0,300000000000000000000
3123;140271;0,050000000000000000000
3141;1231;0,333333333333333333333
3141;2736;0,222222222222222222222
3141;3098;0,111111111111111111111
3141;4306;0,111111111111111111111
3141;57838;0,222222222222222222222
3143;138;0,200000000000000000000
3143;1280;0,200000000000000000000
3143;2326;0,200000000000000000000
3143;6353;0,200000000000000000000
3143;7553;0,200000000000000000000
3145;1044;0,200000000000000000000
3145;1231;0,200000000000000000000
3145;2736;0,500000000000000000000
3145;13369;0,100000000000000000000
3158;13369;1,000000000000000000000
3169;4991;0,500000000000000000000
3169;8464;0,500000000000000000000
3176;2467;0,333333333333333333333
3176;2569;0,333333333333333333333
3176;17280;0,333333333333333333333
3188;2204;1,000000000000000000000
3204;5603;1,000000000000000000000
3212;609;0,500000000000000000000
3212;12755;0,500000000000000000000
3214;6326;0,500000000000000000000
3214;48255;0,500000000000000000000
3223;351;0,750000000000000000000
3223;538;0,250000000000000000000
3235;1262;1,000000000000000000000
3237;71;1,000000000000000000000
3251;28645;1,000000000000000000000
3256;738;1,000000000000000000000
3334;11534;1,000000000000000000000
3340;5679;1,000000000000000000000
3344;2731;1,000000000000000000000
3345;3118;1,000000000000000000000
3359;1704;0,250000000000000000000
3359;1708;0,750000000000000000000
3362;1340;1,000000000000000000000
3383;196;1,000000000000000000000
3390;28250;1,000000000000000000000
3393;1235;0,500000000000000000000
3393;6723;0,500000000000000000000
3395;72;0,250000000000000000000
3395;441;0,125000000000000000000
3395;852;0,125000000000000000000
3395;1181;0,125000000000000000000
3395;1314;0,125000000000000000000
3395;3374;0,125000000000000000000
3395;4996;0,125000000000000000000
3403;2214;1,000000000000000000000
3411;4424;1,000000000000000000000
3414;4262;0,833333333333333333333
3414;14465;0,166666666666666666666
3420;419;0,333333333333333333333
3420;904;0,333333333333333333333
3420;2127;0,333333333333333333333
3427;174;0,187500000000000000000
3427;846;0,062500000000000000000
3427;1064;0,062500000000000000000
3427;1454;0,312500000000000000000
3427;8212;0,125000000000000000000
3427;8213;0,125000000000000000000
3427;114536;0,125000000000000000000
3429;2655;0,333333333333333333333
3429;3608;0,333333333333333333333
3429;6371;0,333333333333333333333
3431;9982;1,000000000000000000000
3433;1089;0,333333333333333333333
3433;1457;0,333333333333333333333
3433;28602;0,333333333333333333333
3443;502;0,625000000000000000000
3443;3515;0,250000000000000000000
3443;3625;0,125000000000000000000
3458;576;0,333333333333333333333
3458;3499;0,666666666666666666666
3473;279;0,666666666666666666666
3473;498;0,333333333333333333333
3496;7;0,500000000000000000000
3496;1135;0,500000000000000000000
3499;1265;1,000000000000000000000
3500;2403;0,600000000000000000000
3500;9832;0,400000000000000000000
3515;3443;1,000000000000000000000
3528;2302;0,333333333333333333333
3528;5223;0,666666666666666666666
3551;37;1,000000000000000000000
3574;4853;0,666666666666666666666
3574;5054;0,333333333333333333333
3586;1756;1,000000000000000000000
3587;1938;0,200000000000000000000
3587;8464;0,800000000000000000000
3591;192;1,000000000000000000000
3601;285;1,000000000000000000000
3618;1951;0,333333333333333333333
3618;3978;0,666666666666666666666
3625;80;0,400000000000000000000
3625;668;0,200000000000000000000
3625;1027;0,200000000000000000000
3625;1248;0,200000000000000000000
3636;85;0,500000000000000000000
3636;8489;0,500000000000000000000
3647;1064;0,500000000000000000000
3647;4085;0,500000000000000000000
3665;362;0,285714285714285714285
3665;1650;0,285714285714285714285
3665;4497;0,285714285714285714285
3665;5484;0,142857142857142857142
3667;17269;1,000000000000000000000
3678;5613;1,000000000000000000000
3680;65;0,333333333333333333333
3680;194;0,333333333333333333333
3680;1754;0,333333333333333333333
3685;1030;0,333333333333333333333
3685;5627;0,166666666666666666666
3685;8267;0,166666666666666666666
3685;8306;0,166666666666666666666
3685;28661;0,166666666666666666666
3714;7328;1,000000000000000000000
3738;475;1,000000000000000000000
3753;249;1,000000000000000000000
3766;1044;1,000000000000000000000
3779;2585;1,000000000000000000000
3790;71;0,333333333333333333333
3790;454;0,333333333333333333333
3790;1453;0,333333333333333333333
3829;1085;1,000000000000000000000
3836;289;0,222222222222222222222
3836;2390;0,333333333333333333333
3836;4429;0,222222222222222222222
3836;28265;0,222222222222222222222
3842;5010;1,000000000000000000000
3857;96;0,666666666666666666666
3857;980;0,333333333333333333333
3876;423;0,250000000000000000000
3876;2554;0,250000000000000000000
3876;12269;0,250000000000000000000
3876;140271;0,250000000000000000000
3877;39;0,250000000000000000000
3877;956;0,250000000000000000000
3877;1046;0,250000000000000000000
3877;1600;0,250000000000000000000
3944;3557;1,000000000000000000000
3971;2607;1,000000000000000000000
3978;3618;1,000000000000000000000
3985;829;0,333333333333333333333
3985;1598;0,333333333333333333333
3985;1991;0,333333333333333333333
3991;151009;1,000000000000000000000
3998;189;1,000000000000000000000
4000;4877;1,000000000000000000000
4004;1307;1,000000000000000000000
4020;1277;0,125000000000000000000
4020;4512;0,125000000000000000000
4020;5679;0,500000000000000000000
4020;84925;0,250000000000000000000
4031;1637;1,000000000000000000000
4041;5212;1,000000000000000000000
4058;2287;0,416666666666666666666
4058;5851;0,083333333333333333333
4058;8056;0,083333333333333333333
4058;8827;0,083333333333333333333
4058;8865;0,083333333333333333333
4058;12430;0,083333333333333333333
4058;12698;0,083333333333333333333
4058;27950;0,083333333333333333333
4064;2223;1,000000000000000000000
4078;2140;0,500000000000000000000
4078;8641;0,500000000000000000000
4080;96;0,500000000000000000000
4080;101;0,500000000000000000000
4085;174;0,058823529411764705882
4085;1560;0,058823529411764705882
4085;1567;0,058823529411764705882
4085;3647;0,058823529411764705882
4085;3648;0,058823529411764705882
4085;3768;0,058823529411764705882
4085;6634;0,058823529411764705882
4085;7146;0,058823529411764705882
4085;11476;0,058823529411764705882
4085;13291;0,058823529411764705882
4085;19176;0,058823529411764705882
4085;19177;0,058823529411764705882
4085;20915;0,058823529411764705882
4085;21396;0,058823529411764705882
4085;21750;0,058823529411764705882
4085;24209;0,058823529411764705882
4085;24810;0,058823529411764705882
4086;9421;1,000000000000000000000
4089;1609;1,000000000000000000000
4091;7968;1,000000000000000000000
4099;1498;0,333333333333333333333
4099;4453;0,333333333333333333333
4099;4772;0,333333333333333333333
4101;1949;0,500000000000000000000
4101;3164;0,500000000000000000000
4145;2175;0,625000000000000000000
4145;65998;0,250000000000000000000
4145;66075;0,125000000000000000000
4148;447;1,000000000000000000000
4159;2414;0,500000000000000000000
4159;3123;0,500000000000000000000
4181;74;1,000000000000000000000
4197;5440;1,000000000000000000000
4205;13;0,250000000000000000000
4205;454;0,250000000000000000000
4205;983;0,250000000000000000000
4205;3100;0,250000000000000000000
4213;861;0,400000000000000000000
4213;1448;0,200000000000000000000
4213;1717;0,400000000000000000000
4228;793;1,000000000000000000000
4232;2216;1,000000000000000000000
4257;1942;0,500000000000000000000
4257;3235;0,500000000000000000000
4278;538;1,000000000000000000000
4281;526;0,125000000000000000000
4281;4280;0,375000000000000000000
4281;5679;0,500000000000000000000
4307;613;0,200000000000000000000
4307;3811;0,400000000000000000000
4307;5093;0,200000000000000000000
4307;89874;0,200000000000000000000
4313;284;1,000000000000000000000
4317;5679;1,000000000000000000000
4364;4561;1,000000000000000000000
4376;101;0,007751937984496124031
4376;226;0,007751937984496124031
4376;241;0,007751937984496124031
4376;248;0,007751937984496124031
4376;250;0,007751937984496124031
4376;251;0,007751937984496124031
4376;267;0,007751937984496124031
4376;274;0,007751937984496124031
4376;279;0,007751937984496124031
4376;284;0,007751937984496124031
4376;285;0,007751937984496124031
4376;455;0,007751937984496124031
4376;678;0,038759689922480620155
4376;698;0,007751937984496124031
4376;737;0,007751937984496124031
4376;781;0,007751937984496124031
4376;787;0,007751937984496124031
4376;802;0,007751937984496124031
4376;873;0,007751937984496124031
4376;912;0,007751937984496124031
4376;1149;0,007751937984496124031
4376;1271;0,007751937984496124031
4376;1448;0,007751937984496124031
4376;1499;0,007751937984496124031
4376;1513;0,007751937984496124031
4376;1515;0,007751937984496124031
4376;1520;0,007751937984496124031
4376;1547;0,007751937984496124031
4376;1570;0,007751937984496124031
4376;1583;0,007751937984496124031
4376;1591;0,007751937984496124031
4376;1710;0,007751937984496124031
4376;1741;0,007751937984496124031
4376;1814;0,007751937984496124031
4376;1827;0,015503875968992248062
4376;1841;0,007751937984496124031
4376;2009;0,007751937984496124031
4376;2087;0,007751937984496124031
4376;2139;0,007751937984496124031
4376;2252;0,007751937984496124031
4376;2379;0,007751937984496124031
4376;2398;0,007751937984496124031
4376;2455;0,007751937984496124031
4376;2472;0,007751937984496124031
4376;2474;0,007751937984496124031
4376;2515;0,007751937984496124031
4376;2523;0,007751937984496124031
4376;2655;0,007751937984496124031
4376;2661;0,007751937984496124031
4376;2706;0,007751937984496124031
4376;2713;0,007751937984496124031
4376;2714;0,007751937984496124031
4376;2716;0,007751937984496124031
4376;2962;0,007751937984496124031
4376;2990;0,015503875968992248062
4376;3045;0,007751937984496124031
4376;3103;0,007751937984496124031
4376;3234;0,007751937984496124031
4376;3381;0,007751937984496124031
4376;3383;0,007751937984496124031
4376;3392;0,007751937984496124031
4376;3429;0,007751937984496124031
4376;3459;0,007751937984496124031
4376;3473;0,007751937984496124031
4376;3500;0,007751937984496124031
4376;3601;0,007751937984496124031
4376;3619;0,007751937984496124031
4376;3701;0,007751937984496124031
4376;3838;0,007751937984496124031
4376;3866;0,007751937984496124031
4376;3867;0,007751937984496124031
4376;3868;0,007751937984496124031
4376;3869;0,007751937984496124031
4376;3870;0,007751937984496124031
4376;3871;0,007751937984496124031
4376;3872;0,007751937984496124031
4376;3873;0,007751937984496124031
4376;3992;0,007751937984496124031
4376;4117;0,007751937984496124031
4376;4187;0,007751937984496124031
4376;4313;0,007751937984496124031
4376;4337;0,007751937984496124031
4376;4398;0,007751937984496124031
4376;4592;0,007751937984496124031
4376;4613;0,007751937984496124031
4376;4787;0,007751937984496124031
4376;5430;0,007751937984496124031
4376;6007;0,007751937984496124031
4376;6008;0,007751937984496124031
4376;6105;0,007751937984496124031
4376;6347;0,007751937984496124031
4376;6609;0,007751937984496124031
4376;7160;0,015503875968992248062
4376;7334;0,007751937984496124031
4376;8095;0,007751937984496124031
4376;8630;0,007751937984496124031
4376;9212;0,007751937984496124031
4376;9258;0,007751937984496124031
4376;9330;0,007751937984496124031
4376;9377;0,007751937984496124031
4376;9514;0,007751937984496124031
4376;10018;0,007751937984496124031
4376;10019;0,007751937984496124031
4376;10020;0,015503875968992248062
4376;10021;0,007751937984496124031
4376;10197;0,007751937984496124031
4376;10595;0,007751937984496124031
4376;11680;0,007751937984496124031
4376;12423;0,007751937984496124031
4376;12907;0,007751937984496124031
4376;13294;0,007751937984496124031
4376;13669;0,007751937984496124031
4376;13670;0,007751937984496124031
4376;13671;0,007751937984496124031
4376;13672;0,007751937984496124031
4376;13673;0,007751937984496124031
4376;13674;0,007751937984496124031
4376;13675;0,007751937984496124031
4376;13676;0,007751937984496124031
4376;17388;0,007751937984496124031
4376;23646;0,007751937984496124031
4421;18149;1,000000000000000000000
4429;3836;1,000000000000000000000
4430;22534;1,000000000000000000000
4433;469;1,000000000000000000000
4435;71;1,000000000000000000000
4453;2427;0,200000000000000000000
4453;4099;0,600000000000000000000
4453;4424;0,200000000000000000000
4458;4432;1,000000000000000000000
4463;4432;1,000000000000000000000
4483;979;1,000000000000000000000
4497;3665;0,666666666666666666666
4497;6499;0,333333333333333333333
4510;441;0,200000000000000000000
4510;1117;0,200000000000000000000
4510;2086;0,200000000000000000000
4510;3394;0,200000000000000000000
4510;3664;0,200000000000000000000
4512;100;0,333333333333333333333
4512;2140;0,333333333333333333333
4512;4020;0,333333333333333333333
4518;1064;1,000000000000000000000
4533;26746;1,000000000000000000000
4552;41;0,500000000000000000000
4552;1261;0,500000000000000000000
4553;1981;1,000000000000000000000
4561;4364;1,000000000000000000000
4576;11734;1,000000000000000000000
4592;250;0,250000000000000000000
4592;1149;0,250000000000000000000
4592;2390;0,250000000000000000000
4592;10020;0,250000000000000000000
4627;1723;0,333333333333333333333
4627;2200;0,666666666666666666666
4638;41;0,500000000000000000000
4638;4552;0,500000000000000000000
4639;1498;1,000000000000000000000
4681;955;0,714285714285714285714
4681;956;0,142857142857142857142
4681;1751;0,142857142857142857142
4692;285;1,000000000000000000000
4697;3418;1,000000000000000000000
4713;1526;1,000000000000000000000
4719;1104;0,071428571428571428571
4719;1673;0,071428571428571428571
4719;3599;0,142857142857142857142
4719;4621;0,142857142857142857142
4719;4831;0,142857142857142857142
4719;8054;0,071428571428571428571
4719;8602;0,142857142857142857142
4719;21496;0,142857142857142857142
4719;59841;0,071428571428571428571
4747;245879;1,000000000000000000000
4748;14073;1,000000000000000000000
4755;925;1,000000000000000000000
4772;2057;0,333333333333333333333
4772;4099;0,666666666666666666666
4777;251;0,250000000000000000000
4777;3873;0,250000000000000000000
4777;7334;0,250000000000000000000
4777;24370;0,250000000000000000000
4780;131;0,166666666666666666666
4780;658;0,166666666666666666666
4780;2792;0,333333333333333333333
4780;3802;0,166666666666666666666
4780;5089;0,166666666666666666666
4821;1397;0,200000000000000000000
4821;4334;0,200000000000000000000
4821;5682;0,200000000000000000000
4821;7660;0,400000000000000000000
4825;4080;0,500000000000000000000
4825;17918;0,500000000000000000000
4852;2479;1,000000000000000000000
4876;15975;1,000000000000000000000
4901;1549;1,000000000000000000000
4933;28;1,000000000000000000000
4988;517;1,000000000000000000000
4989;517;0,200000000000000000000
4989;779;0,600000000000000000000
4989;2364;0,200000000000000000000
5061;2390;1,000000000000000000000
5071;332;0,375000000000000000000
5071;452;0,062500000000000000000
5071;527;0,062500000000000000000
5071;854;0,062500000000000000000
5071;1180;0,125000000000000000000
5071;1706;0,062500000000000000000
5071;1949;0,062500000000000000000
5071;5521;0,062500000000000000000
5071;8899;0,062500000000000000000
5071;12596;0,062500000000000000000
5082;1121;1,000000000000000000000
5089;211;0,500000000000000000000
5089;4780;0,500000000000000000000
5093;4307;1,000000000000000000000
5097;4281;1,000000000000000000000
5136;3519;1,000000000000000000000
5148;541;0,500000000000000000000
5148;3188;0,500000000000000000000
5149;657;0,250000000000000000000
5149;744;0,125000000000000000000
5149;1344;0,250000000000000000000
5149;1759;0,125000000000000000000
5149;3105;0,250000000000000000000
5174;253384;1,000000000000000000000
5175;793;0,500000000000000000000
5175;3000;0,500000000000000000000
5239;6635;1,000000000000000000000
5264;9424;1,000000000000000000000
5304;12775;1,000000000000000000000
5360;1894;1,000000000000000000000
5367;1121;0,250000000000000000000
5367;1335;0,250000000000000000000
5367;2195;0,500000000000000000000
5383;2741;1,000000000000000000000
5440;71;0,142857142857142857142
5440;1596;0,428571428571428571428
5440;3235;0,142857142857142857142
5440;4197;0,142857142857142857142
5440;5469;0,142857142857142857142
5445;866;1,000000000000000000000
5446;620;1,000000000000000000000
5469;1109;1,000000000000000000000
5506;545;1,000000000000000000000
5519;3748;1,000000000000000000000
5530;380;0,500000000000000000000
5530;2737;0,250000000000000000000
5530;9184;0,250000000000000000000
5564;77;0,076923076923076923076
5564;192;0,076923076923076923076
5564;1109;0,076923076923076923076
5564;1263;0,076923076923076923076
5564;2041;0,230769230769230769230
5564;2046;0,230769230769230769230
5564;3591;0,076923076923076923076
5564;9400;0,076923076923076923076
5564;29061;0,076923076923076923076
5591;83;0,166666666666666666666
5591;1504;0,166666666666666666666
5591;5239;0,166666666666666666666
5591;5513;0,166666666666666666666
5591;6635;0,333333333333333333333
5611;1942;1,000000000000000000000
5613;1719;0,181818181818181818181
5613;1855;0,181818181818181818181
5613;5679;0,454545454545454545454
5613;8909;0,090909090909090909090
5613;13122;0,090909090909090909090
5617;5679;1,000000000000000000000
5621;5679;1,000000000000000000000
5622;125861;1,000000000000000000000
5635;3685;0,250000000000000000000
5635;5679;0,500000000000000000000
5635;28661;0,250000000000000000000
5643;5679;1,000000000000000000000
5651;2491;1,000000000000000000000
5666;8437;1,000000000000000000000
5762;977;1,000000000000000000000
5776;310;1,000000000000000000000
5782;2424;0,500000000000000000000
5782;8453;0,500000000000000000000
5915;5506;0,500000000000000000000
5915;9159;0,500000000000000000000
5918;738;1,000000000000000000000
5935;1778;1,000000000000000000000
5960;13502;1,000000000000000000000
5991;27828;1,000000000000000000000
6000;120;0,083333333333333333333
6000;392;0,083333333333333333333
6000;410;0,083333333333333333333
6000;414;0,083333333333333333333
6000;415;0,083333333333333333333
6000;1727;0,083333333333333333333
6000;2140;0,083333333333333333333
6000;2822;0,083333333333333333333
6000;3513;0,083333333333333333333
6000;4078;0,083333333333333333333
6000;8566;0,166666666666666666666
6007;13253;1,000000000000000000000
6048;793;1,000000000000000000000
6130;1910;1,000000000000000000000
6132;1225;1,000000000000000000000
6169;1938;1,000000000000000000000
6190;1827;1,000000000000000000000
6262;4881;0,500000000000000000000
6262;12356;0,500000000000000000000
6297;3905;1,000000000000000000000
6326;3214;1,000000000000000000000
6371;3429;1,000000000000000000000
6413;469;0,190476190476190476190
6413;2179;0,285714285714285714285
6413;2419;0,190476190476190476190
6413;6201;0,190476190476190476190
6413;21065;0,142857142857142857142
6461;37;1,000000000000000000000
6468;115;1,000000000000000000000
6497;464;0,600000000000000000000
6497;21102;0,400000000000000000000
6499;1278;0,250000000000000000000
6499;4497;0,500000000000000000000
6499;8460;0,250000000000000000000
6504;3098;1,000000000000000000000
6524;1606;1,000000000000000000000
6543;85;0,111111111111111111111
6543;122;0,333333333333333333333
6543;798;0,222222222222222222222
6543;1034;0,111111111111111111111
6543;2741;0,111111111111111111111
6543;8489;0,111111111111111111111
6567;54;0,200000000000000000000
6567;2287;0,600000000000000000000
6567;8671;0,200000000000000000000
6570;222;0,500000000000000000000
6570;972;0,500000000000000000000
6622;1902;1,000000000000000000000
6627;600;0,500000000000000000000
6627;2246;0,500000000000000000000
6641;2086;1,000000000000000000000
6666;1988;1,000000000000000000000
6694;5915;1,000000000000000000000
6723;1156;0,285714285714285714285
6723;1967;0,428571428571428571428
6723;3393;0,142857142857142857142
6723;4020;0,142857142857142857142
6788;306;1,000000000000000000000
6892;9722;1,000000000000000000000
6913;613;1,000000000000000000000
6918;2275;0,500000000000000000000
6918;7139;0,500000000000000000000
6940;600;1,000000000000000000000
6962;65;0,025000000000000000000
6962;71;0,025000000000000000000
6962;138;0,025000000000000000000
6962;194;0,025000000000000000000
6962;240;0,025000000000000000000
6962;332;0,175000000000000000000
6962;452;0,200000000000000000000
6962;529;0,025000000000000000000
6962;749;0,025000000000000000000
6962;826;0,050000000000000000000
6962;1234;0,025000000000000000000
6962;1724;0,025000000000000000000
6962;1925;0,025000000000000000000
6962;1941;0,025000000000000000000
6962;2554;0,025000000000000000000
6962;3607;0,025000000000000000000
6962;4533;0,025000000000000000000
6962;6213;0,025000000000000000000
6962;7160;0,025000000000000000000
6962;14907;0,025000000000000000000
6962;15586;0,025000000000000000000
6962;59745;0,050000000000000000000
6962;112062;0,075000000000000000000
6981;284;1,000000000000000000000
6986;12497;1,000000000000000000000
7030;628;1,000000000000000000000
7111;5149;1,000000000000000000000
7130;600;0,333333333333333333333
7130;1437;0,666666666666666666666
7142;85;0,500000000000000000000
7142;254;0,500000000000000000000
7160;4376;1,000000000000000000000
7278;1336;1,000000000000000000000
7328;620;0,500000000000000000000
7328;621;0,500000000000000000000
7341;399;0,250000000000000000000
7341;279623;0,750000000000000000000
7543;152027;1,000000000000000000000
7574;184;0,333333333333333333333
7574;1234;0,333333333333333333333
7574;2630;0,333333333333333333333
7586;151;1,000000000000000000000
7626;975;0,166666666666666666666
7626;3476;0,833333333333333333333
7755;27349;1,000000000000000000000
7774;2182;1,000000000000000000000
7859;2678;0,333333333333333333333
7859;278548;0,666666666666666666666
7866;1035;1,000000000000000000000
7895;27349;1,000000000000000000000
7920;652;1,000000000000000000000
7954;1220;1,000000000000000000000
7968;138;1,000000000000000000000
7975;419;0,333333333333333333333
7975;744;0,166666666666666666666
7975;12959;0,500000000000000000000
8071;174;1,000000000000000000000
8090;3736;1,000000000000000000000
8095;285;1,000000000000000000000
8106;856;0,500000000000000000000
8106;4148;0,500000000000000000000
8139;1545;0,500000000000000000000
8139;1967;0,500000000000000000000
8143;2504;1,000000000000000000000
8164;1073;0,166666666666666666666
8164;1157;0,333333333333333333333
8164;9513;0,500000000000000000000
8237;410;1,000000000000000000000
8255;565;1,000000000000000000000
8267;293;1,000000000000000000000
8353;27349;1,000000000000000000000
8366;3038;1,000000000000000000000
8437;5666;1,000000000000000000000
8440;1182;1,000000000000000000000
8453;822;0,111111111111111111111
8453;995;0,111111111111111111111
8453;2099;0,222222222222222222222
8453;4427;0,222222222222222222222
8453;4428;0,222222222222222222222
8453;5782;0,111111111111111111111
8454;6006;1,000000000000000000000
8464;3169;0,250000000000000000000
8464;3587;0,750000000000000000000
8481;1616;1,000000000000000000000
8489;85;0,250000000000000000000
8489;3528;0,250000000000000000000
8489;3636;0,250000000000000000000
8489;5223;0,250000000000000000000
8566;120;0,250000000000000000000
8566;415;0,250000000000000000000
8566;2140;0,250000000000000000000
8566;6000;0,250000000000000000000
8568;1079;1,000000000000000000000
8590;9261;0,500000000000000000000
8590;29082;0,500000000000000000000
8623;1234;1,000000000000000000000
8641;4078;0,500000000000000000000
8641;13187;0,500000000000000000000
8648;266;1,000000000000000000000
8671;6567;1,000000000000000000000
8715;59841;1,000000000000000000000
8744;2288;0,500000000000000000000
8744;8467;0,500000000000000000000
8787;85;1,000000000000000000000
8805;5212;1,000000000000000000000
8830;1912;1,000000000000000000000
8862;8827;1,000000000000000000000
8878;3575;1,000000000000000000000
9015;138;0,333333333333333333333
9015;4206;0,666666666666666666666
9158;977;0,500000000000000000000
9158;53012;0,500000000000000000000
9159;3071;1,000000000000000000000
9184;5530;1,000000000000000000000
9208;5762;1,000000000000000000000
9367;1243;1,000000000000000000000
9385;3403;1,000000000000000000000
9391;206;1,000000000000000000000
9409;960;0,500000000000000000000
9409;1401;0,500000000000000000000
9431;7747;1,000000000000000000000
9433;866;1,000000000000000000000
9441;9386;1,000000000000000000000
9483;928;1,000000000000000000000
9506;3105;1,000000000000000000000
9542;423;1,000000000000000000000
9615;8889;1,000000000000000000000
9707;1083;1,000000000000000000000
9722;1227;0,555555555555555555555
9722;6892;0,444444444444444444444
9832;3500;1,000000000000000000000
9968;1948;1,000000000000000000000
9982;2137;1,000000000000000000000
10000;1044;1,000000000000000000000
10020;4592;1,000000000000000000000
10084;573;1,000000000000000000000
10175;4081;1,000000000000000000000
10188;122;0,100000000000000000000
10188;279;0,200000000000000000000
10188;845;0,100000000000000000000
10188;1262;0,100000000000000000000
10188;1271;0,100000000000000000000
10188;2111;0,200000000000000000000
10188;3393;0,100000000000000000000
10188;21154;0,100000000000000000000
10499;1664;1,000000000000000000000
10602;3408;1,000000000000000000000
10649;90;1,000000000000000000000
10860;2678;1,000000000000000000000
11249;1024;0,125000000000000000000
11249;12889;0,687500000000000000000
11249;27581;0,062500000000000000000
11249;58270;0,125000000000000000000
11415;4892;1,000000000000000000000
11476;174;0,333333333333333333333
11476;1454;0,666666666666666666666
11527;405;1,000000000000000000000
11656;11734;1,000000000000000000000
11734;4576;1,000000000000000000000
12001;622;1,000000000000000000000
12159;1092;1,000000000000000000000
12257;38;0,500000000000000000000
12257;1264;0,500000000000000000000
12269;3876;1,000000000000000000000
12388;315;1,000000000000000000000
12391;3122;1,000000000000000000000
12418;426;1,000000000000000000000
12430;2287;0,666666666666666666666
12430;280033;0,333333333333333333333
12563;292;1,000000000000000000000
12591;7135;0,500000000000000000000
12591;13396;0,500000000000000000000
12706;2180;0,500000000000000000000
12706;12466;0,500000000000000000000
12768;3940;1,000000000000000000000
12775;5304;0,333333333333333333333
12775;251573;0,666666666666666666666
12936;3096;1,000000000000000000000
12938;59522;1,000000000000000000000
13006;4262;1,000000000000000000000
13122;1855;1,000000000000000000000
13187;1727;1,000000000000000000000
13206;13599;1,000000000000000000000
13253;1827;0,200000000000000000000
13253;3459;0,200000000000000000000
13253;3633;0,200000000000000000000
13253;3753;0,200000000000000000000
13253;6007;0,200000000000000000000
13265;911;1,000000000000000000000
13369;3145;0,250000000000000000000
13369;3158;0,750000000000000000000
13396;12591;1,000000000000000000000
13482;339;0,333333333333333333333
13482;423;0,333333333333333333333
13482;850;0,333333333333333333333
13502;5960;1,000000000000000000000
13769;7577;1,000000000000000000000
13796;3458;0,666666666666666666666
13796;3499;0,333333333333333333333
13799;602;0,500000000000000000000
13799;2021;0,500000000000000000000
13809;475;1,000000000000000000000
13886;2054;1,000000000000000000000
14050;17762;1,000000000000000000000
14151;1504;0,111111111111111111111
14151;1949;0,111111111111111111111
14151;2214;0,111111111111111111111
14151;2794;0,111111111111111111111
14151;3873;0,111111111111111111111
14151;12433;0,111111111111111111111
14151;13886;0,111111111111111111111
14151;83231;0,111111111111111111111
14151;255863;0,111111111111111111111
14465;2737;0,333333333333333333333
14465;3414;0,666666666666666666666
15471;78;1,000000000000000000000
15643;1180;1,000000000000000000000
15887;1744;0,500000000000000000000
15887;3694;0,500000000000000000000
15906;82;0,037037037037037037037
15906;160;0,111111111111111111111
15906;234;0,037037037037037037037
15906;313;0,074074074074074074074
15906;1255;0,074074074074074074074
15906;1321;0,037037037037037037037
15906;1583;0,074074074074074074074
15906;1901;0,111111111111111111111
15906;1996;0,037037037037037037037
15906;2091;0,037037037037037037037
15906;2235;0,037037037037037037037
15906;2335;0,037037037037037037037
15906;3164;0,037037037037037037037
15906;3891;0,037037037037037037037
15906;4715;0,037037037037037037037
15906;7301;0,037037037037037037037
15906;16647;0,111111111111111111111
15906;24636;0,037037037037037037037
16076;5119;1,000000000000000000000
17269;1135;1,000000000000000000000
17549;27674;1,000000000000000000000
17572;6721;1,000000000000000000000
17678;3685;0,400000000000000000000
17678;13452;0,400000000000000000000
17678;28629;0,200000000000000000000
17762;14050;1,000000000000000000000
18080;18098;1,000000000000000000000
20235;138;0,250000000000000000000
20235;454;0,250000000000000000000
20235;2825;0,500000000000000000000
21102;6497;1,000000000000000000000
21154;763;1,000000000000000000000
21268;793;1,000000000000000000000
21396;135;1,000000000000000000000
22173;420;0,500000000000000000000
22173;2877;0,500000000000000000000
22211;1439;0,500000000000000000000
22211;1440;0,500000000000000000000
22298;1439;0,500000000000000000000
22298;1440;0,500000000000000000000
22534;4280;0,235294117647058823529
22534;4430;0,176470588235294117647
22534;4431;0,235294117647058823529
22534;4432;0,176470588235294117647
22534;27175;0,176470588235294117647
23720;452;0,500000000000000000000
23720;1370;0,500000000000000000000
23730;560;0,142857142857142857142
23730;4931;0,142857142857142857142
23730;5212;0,714285714285714285714
24258;2834;1,000000000000000000000
24370;4777;1,000000000000000000000
25230;1444;0,333333333333333333333
25230;2287;0,333333333333333333333
25230;6918;0,333333333333333333333
25849;2059;1,000000000000000000000
26251;1940;1,000000000000000000000
27349;7755;0,500000000000000000000
27349;7895;0,500000000000000000000
27645;4587;1,000000000000000000000
27674;17549;1,000000000000000000000
27696;174;1,000000000000000000000
27700;2826;1,000000000000000000000
27708;7874;1,000000000000000000000
27763;977;1,000000000000000000000
27828;5991;1,000000000000000000000
27969;498;1,000000000000000000000
28405;615;1,000000000000000000000
28602;2380;1,000000000000000000000
28629;17678;1,000000000000000000000
28654;5635;1,000000000000000000000
28661;3685;1,000000000000000000000
28747;28748;1,000000000000000000000
28818;50959;1,000000000000000000000
28834;48255;1,000000000000000000000
28930;551;0,054054054054054054054
28930;1344;0,054054054054054054054
28930;1454;0,027027027027027027027
28930;1898;0,054054054054054054054
28930;2743;0,081081081081081081081
28930;3256;0,027027027027027027027
28930;3420;0,027027027027027027027
28930;3685;0,027027027027027027027
28930;5136;0,054054054054054054054
28930;7975;0,027027027027027027027
28930;8212;0,027027027027027027027
28930;12959;0,027027027027027027027
28930;23759;0,054054054054054054054
28930;24259;0,054054054054054054054
28930;152027;0,405405405405405405405
29002;833;1,000000000000000000000
33843;1254;1,000000000000000000000
36186;1439;0,500000000000000000000
36186;1440;0,500000000000000000000
37814;731;1,000000000000000000000
42210;96;1,000000000000000000000
47032;8878;1,000000000000000000000
48826;602;0,500000000000000000000
48826;28130;0,500000000000000000000
50959;2080;1,000000000000000000000
53012;9158;1,000000000000000000000
57838;3141;0,500000000000000000000
57838;5437;0,250000000000000000000
57838;151009;0,250000000000000000000
58138;1751;1,000000000000000000000
59745;276;0,090909090909090909090
59745;277;0,090909090909090909090
59745;689;0,090909090909090909090
59745;695;0,090909090909090909090
59745;1169;0,454545454545454545454
59745;1678;0,090909090909090909090
59745;59841;0,090909090909090909090
59841;71;0,007692307692307692307
59841;283;0,053846153846153846153
59841;296;0,053846153846153846153
59841;315;0,007692307692307692307
59841;419;0,015384615384615384615
59841;469;0,007692307692307692307
59841;602;0,030769230769230769230
59841;695;0,038461538461538461538
59841;846;0,084615384615384615384
59841;1065;0,007692307692307692307
59841;1066;0,007692307692307692307
59841;1142;0,007692307692307692307
59841;1169;0,030769230769230769230
59841;1563;0,007692307692307692307
59841;1657;0,007692307692307692307
59841;2083;0,007692307692307692307
59841;2697;0,053846153846153846153
59841;2731;0,007692307692307692307
59841;2863;0,053846153846153846153
59841;3123;0,053846153846153846153
59841;3256;0,053846153846153846153
59841;3427;0,053846153846153846153
59841;3683;0,053846153846153846153
59841;4719;0,007692307692307692307
59841;4874;0,007692307692307692307
59841;5149;0,053846153846153846153
59841;5789;0,007692307692307692307
59841;7975;0,053846153846153846153
59841;8268;0,007692307692307692307
59841;8715;0,053846153846153846153
59841;9721;0,007692307692307692307
59841;12959;0,023076923076923076923
59841;13502;0,007692307692307692307
59841;14481;0,053846153846153846153
59841;59745;0,007692307692307692307
65998;2175;0,500000000000000000000
65998;4145;0,500000000000000000000
66075;17208;0,500000000000000000000
66075;65998;0,500000000000000000000
71411;747;0,333333333333333333333
71411;748;0,333333333333333333333
71411;75827;0,333333333333333333333
74054;706;1,000000000000000000000
75827;213;0,250000000000000000000
75827;747;0,750000000000000000000
75828;71411;1,000000000000000000000
84925;2009;0,500000000000000000000
84925;6723;0,500000000000000000000
89874;240;0,022222222222222222222
89874;521;0,066666666666666666666
89874;527;0,022222222222222222222
89874;612;0,022222222222222222222
89874;1053;0,022222222222222222222
89874;1227;0,044444444444444444444
89874;1653;0,022222222222222222222
89874;1751;0,022222222222222222222
89874;1949;0,022222222222222222222
89874;2639;0,022222222222222222222
89874;3374;0,022222222222222222222
89874;3586;0,022222222222222222222
89874;3811;0,022222222222222222222
89874;4101;0,022222222222222222222
89874;4225;0,044444444444444444444
89874;4622;0,022222222222222222222
89874;4681;0,044444444444444444444
89874;5012;0,444444444444444444444
89874;9762;0,044444444444444444444
89874;160268;0,022222222222222222222
98841;529;1,000000000000000000000
105800;2851;1,000000000000000000000
112062;332;0,043478260869565217391
112062;452;0,043478260869565217391
112062;695;0,217391304347826086956
112062;749;0,043478260869565217391
112062;826;0,521739130434782608695
112062;6962;0,130434782608695652173
113392;148;0,200000000000000000000
113392;296;0,400000000000000000000
113392;660;0,200000000000000000000
113392;5470;0,200000000000000000000
115105;113;0,100000000000000000000
115105;992;0,700000000000000000000
115105;2684;0,100000000000000000000
115105;10188;0,100000000000000000000
116140;517;0,523809523809523809523
116140;632;0,047619047619047619047
116140;1117;0,095238095238095238095
116140;2364;0,142857142857142857142
116140;2500;0,047619047619047619047
116140;8253;0,047619047619047619047
116140;125861;0,095238095238095238095
119973;671;1,000000000000000000000
125861;779;0,750000000000000000000
125861;2972;0,250000000000000000000
131383;744;0,333333333333333333333
131383;845;0,166666666666666666666
131383;1169;0,166666666666666666666
131383;1681;0,166666666666666666666
131383;18641;0,166666666666666666666
136664;1129;0,571428571428571428571
136664;1174;0,142857142857142857142
136664;5148;0,142857142857142857142
136664;95084;0,142857142857142857142
139869;2131;1,000000000000000000000
140271;1143;0,090909090909090909090
140271;1657;0,090909090909090909090
140271;1948;0,181818181818181818181
140271;2498;0,090909090909090909090
140271;3123;0,090909090909090909090
140271;3876;0,090909090909090909090
140271;5679;0,363636363636363636363
151009;3991;1,000000000000000000000
160268;793;0,923076923076923076923
160268;34784;0,076923076923076923076
163510;283;0,500000000000000000000
163510;2834;0,500000000000000000000
169356;3085;1,000000000000000000000
179346;846;1,000000000000000000000
184646;420;1,000000000000000000000
184987;3176;1,000000000000000000000
189452;8909;0,750000000000000000000
189452;190971;0,250000000000000000000
192866;845;0,545454545454545454545
192866;846;0,181818181818181818181
192866;1437;0,272727272727272727272
237304;2657;1,000000000000000000000
245879;96;0,055555555555555555555
245879;249;0,055555555555555555555
245879;283;0,055555555555555555555
245879;1142;0,055555555555555555555
245879;1342;0,333333333333333333333
245879;2139;0,055555555555555555555
245879;3045;0,055555555555555555555
245879;4313;0,055555555555555555555
245879;4747;0,111111111111111111111
245879;24259;0,166666666666666666666
251238;2275;0,500000000000000000000
251238;7478;0,500000000000000000000
251573;122;0,750000000000000000000
251573;12775;0,250000000000000000000
251668;122;1,000000000000000000000
279623;399;0,800000000000000000000
279623;1127;0,200000000000000000000
280033;12430;1,000000000000000000000
281067;1499;1,000000000000000000000
